0.002012747     0.001014542     0.003180212 
0.003354579     0.001352722     0.00459364 
0.003354579     0.002029084     0.00459364 
0.003019121     0.004396348     0.007773852 
0.004360953     0.007778154     0.02155477 
0.006038242     0.014541765     0.026855124 
0.072056239     0.127345845     0.164835165 
0.288224956     0.290884718     0.311355311 
0.639718805     0.581769437     0.523809524 
0.140892318     0.179235712     0.167137809 
0.149614223     0.162664863     0.154063604 
0.142905065     0.150490362     0.149469965 
0.138208655     0.126817721     0.1204947
0.131164039     0.12073047      0.114840989 
0.124454881     0.112275955     0.103180212 
0.107346528     0.093337842     0.080212014 
0.526666667     0.61952862      0.481481481 
0.317777778     0.249158249     0.336182336 
0.155555556     0.131313131     0.182336182 
0.016772895     0.009807237     0.014487633
0.011070111     0.006425431     0.007773852 
0.006709158     0.003719986     0.009540636 
0.005367326     0.002029084     0.006713781 
0.003354579     0.001352722     0.003533569