0.0238 0.0386 0.0000 0.0468 0.0529 0.0275 0.0188 0.0154 0.0458 0.0390 0.0373 0.0314 0.0236 0.0448 0.0182 0.0265 0.0329 0.0614 0.0338 0.0470 0.0161 0.0271 0.0157 0.0199 0.0201 0.0240 0.0180 0.0158 0.0233 0.0428 0.0138 0.0343 0.0228 0.0209 0.0177 0.0159 0.0167 0.0086 0.0330 0.0253 0.0171 0.0264 0.0094 0.0174 0.0254 0.0431 0.0184 0.0096 0.0158 0.0081 0.0098 0.0154 0.0151 0.0225 0.0440 0.0247 0.0636 0.0195 0.0116 0.0160 0.0093 0.0397 0.0180 0.0103 0.0070 0.0252 0.0087 0.0093 0.0149 0.0114
0.1169 0.1877 0.0000 0.2108 0.2007 0.0959 0.0352 0.0303 0.1466 0.4476 0.4958 0.0971 0.0377 0.4170 0.3154 0.6255 0.6354 1.4544 0.6272 1.0052 0.3120 0.5502 0.3883 0.4385 0.3486 0.4447 0.3476 0.3863 0.4335 0.8903 0.2615 0.5985 0.4108 0.3499 0.3100 0.2841 0.2365 0.1206 0.5555 0.3955 0.2840 0.4032 0.1849 0.3179 0.4796 0.8706 0.4063 0.2035 0.3204 0.1751 0.2126 0.2276 0.2547 0.2165 0.5260 0.3759 0.9425 0.4105 0.2686 0.3317 0.2936 0.7532 0.3504 0.2936 0.2056 0.4084 0.4008 0.4042 0.5791 0.3222
0.0000 0.0000 0.0000 0.0000 0.0000 0.0000 0.0000 0.0000 0.0000 0.0000 0.0000 0.0000 0.0000 0.0000 0.0000 0.0000 0.0000 0.0000 0.0000 0.0000 0.0000 0.0000 0.0000 0.0000 0.0000 0.0000 0.0000 0.0000 0.0000 0.0000 0.0000 0.0000 0.0000 0.0000 0.0000 0.0000 0.0000 0.0000 0.0000 0.0000 0.0000 0.0000 0.0000 0.0000 0.0000 0.0000 0.0000 0.0000 0.0000 0.0000 0.0000 0.0000 0.0000 0.0000 0.0000 0.0000 0.0000 0.0000 0.0000 0.0000 0.0000 0.0000 0.0000 0.0000 0.0000 0.0000 0.0000 0.0000 0.0000 0.0000
0.4087 0.9901 0.0000 1.2266 1.3603 0.6123 0.3907 0.3083 0.9509 1.2200 1.0935 1.2264 0.9496 1.2243 0.7917 0.6707 0.8600 1.7286 0.6289 1.4286 0.5310 0.5612 0.3954 0.8772 0.2994 0.5292 0.3933 0.3552 0.6975 0.9194 0.3587 0.6072 0.2998 0.3045 0.1494 0.1370 0.2259 0.2464 1.0228 0.2666 0.1029 0.7029 0.4592 1.0862 1.2891 2.9816 1.0529 0.5629 0.8983 0.5278 0.6157 0.5407 0.5745 0.4790 1.2414 1.0868 2.5601 1.1315 0.7055 0.8590 0.9073 2.0726 1.0268 0.9381 0.5208 0.8473 1.0977 0.7389 1.0986 0.7519
1.2374 2.6889 0.0000 3.6535 4.4360 1.9218 1.1346 0.9547 2.9600 3.0388 3.0983 2.6571 1.8804 3.1038 1.3453 2.0236 2.7233 5.1428 2.3800 3.7168 1.1974 1.8442 1.3467 2.0894 1.5948 2.8552 2.0666 1.4717 2.4656 3.3468 0.9372 2.4301 0.9537 1.4588 1.2396 0.7150 0.7245 0.6117 1.0045 1.0047 0.7134 1.0444 0.6400 0.8322 1.4623 1.8075 0.6710 0.3710 0.3627 0.2031 0.3844 1.0293 1.2506 0.2966 0.3949 1.6593 5.6989 2.8017 1.6173 2.2138 3.2564 6.4860 2.9075 2.7892 1.8882 2.7290 2.7877 2.0043 3.1018 2.6925
0.0803 0.1976 0.0000 0.2599 0.3693 0.1481 0.0980 0.0844 0.2062 0.1955 0.2402 0.1889 0.1371 0.2185 0.1114 0.1474 0.1878 0.3636 0.1842 0.2767 0.0847 0.1389 0.1020 0.1405 0.1175 0.1531 0.1164 0.1017 0.1373 0.2780 0.0856 0.2136 0.1229 0.1174 0.0978 0.0821 0.0863 0.0433 0.1543 0.1334 0.0967 0.1232 0.0554 0.1066 0.1426 0.2700 0.0758 0.0654 0.0739 0.0260 0.0417 0.0511 0.0239 0.0250 0.0665 0.0513 0.1921 0.0567 0.0438 0.0395 0.0308 0.0838 0.0230 0.0210 0.0231 0.1242 0.1450 0.0241 0.0193 0.0983
0.0161 0.0391 0.0000 0.0474 0.0661 0.0375 0.0206 0.0180 0.0535 0.0451 0.0437 0.0367 0.0277 0.0560 0.0228 0.0331 0.0411 0.0767 0.0423 0.0588 0.0202 0.0339 0.0196 0.0249 0.0251 0.0300 0.0225 0.0197 0.0292 0.0536 0.0173 0.0430 0.0285 0.0262 0.0207 0.0185 0.0196 0.0108 0.0413 0.0317 0.0213 0.0330 0.0118 0.0218 0.0318 0.0539 0.0230 0.0120 0.0198 0.0102 0.0123 0.0158 0.0164 0.0161 0.0391 0.0242 0.0620 0.0245 0.0145 0.0200 0.0117 0.0497 0.0175 0.0101 0.0084 0.0224 0.0085 0.0090 0.0144 0.0110
0.0047 0.0076 0.0000 0.0085 0.0081 0.0039 0.0014 0.0012 0.0059 0.0217 0.0241 0.0039 0.0015 0.0217 0.0134 0.0176 0.0217 0.0438 0.0255 0.0461 0.0176 0.0260 0.0183 0.0207 0.0165 0.0210 0.0164 0.0170 0.0191 0.0374 0.0106 0.0244 0.0167 0.0142 0.0126 0.0115 0.0096 0.0049 0.0226 0.0161 0.0115 0.0164 0.0075 0.0131 0.0201 0.0365 0.0179 0.0090 0.0151 0.0083 0.0100 0.0100 0.0112 0.0094 0.0221 0.0166 0.0401 0.0168 0.0109 0.0135 0.0119 0.0306 0.0142 0.0119 0.0084 0.0189 0.0189 0.0171 0.0246 0.0143
0.3858 0.8208 0.0000 1.0313 0.7537 0.5620 0.2726 0.1476 0.5290 0.9282 0.3023 0.3777 0.3052 0.5434 0.2889 0.2880 0.4827 0.6639 0.2637 0.4372 0.0831 0.1397 0.1600 0.8161 0.7414 0.1770 0.0711 0.5385 0.9390 1.8454 0.4846 1.2912 0.9343 0.9958 0.8542 0.8652 0.8457 0.3829 1.3899 1.0575 0.7889 1.3123 0.4566 0.8446 1.1476 1.9239 0.9755 0.4526 0.7978 0.4467 0.4271 0.4227 0.5696 0.4443 1.1064 0.7637 2.3720 0.9358 0.6411 0.8476 0.8647 2.1323 1.0209 0.9121 0.6419 1.0479 1.1234 0.8139 1.1363 0.8470
0.4264 0.9949 0.0000 1.2217 1.3541 0.6099 0.3792 0.2992 0.9229 1.2317 1.1703 1.1020 0.8189 1.1710 0.4782 0.6509 0.7968 1.6788 0.5120 1.3237 0.3228 0.3410 0.2983 0.6709 0.1819 0.3351 0.3017 0.2952 0.4049 0.5554 0.2052 0.3471 0.1733 0.1760 0.0864 0.0793 0.1306 0.2864 1.1886 0.1620 0.0622 0.7870 0.3789 0.7059 0.9252 1.7234 0.9230 0.5358 0.9150 0.5450 0.7312 0.6232 0.6621 0.5517 1.2961 1.0346 2.4385 1.0239 0.6184 0.7548 0.7954 1.8169 0.9002 0.8224 0.4566 0.7428 0.9623 0.6478 0.9631 0.6592
0.4829 1.0598 0.0000 1.4717 1.8808 0.8148 0.5586 0.4895 1.4564 1.3810 1.3136 1.1127 0.7575 1.3151 0.5499 0.7967 1.0627 2.0069 0.9288 1.4504 0.4672 0.7192 0.5255 1.0500 0.8182 1.0487 0.9002 0.7073 0.7132 1.3060 0.3657 0.9483 0.3595 0.5693 0.3586 0.2067 0.2600 0.2618 0.2906 0.3562 0.3064 0.4860 0.2013 0.2439 0.4686 0.5792 0.2117 0.1171 0.1144 0.0641 0.1214 0.5281 0.6416 0.0858 0.1158 0.7031 2.0087 0.8390 0.4996 0.6630 0.7379 2.1103 1.0122 0.9837 0.7434 1.6372 1.3264 0.9114 1.1588 0.8761
0.2615 0.5977 0.0000 0.6751 0.8911 0.3576 0.2365 0.2036 0.4975 0.4721 0.5800 0.4559 0.3309 0.5276 0.2831 0.3860 0.5442 1.0996 0.5975 0.9392 0.3378 0.5705 0.4072 0.5361 0.4150 0.4811 0.3393 0.3409 0.3928 0.7266 0.2218 0.5153 0.2965 0.2835 0.2360 0.1983 0.2082 0.2357 0.8574 0.4596 0.3805 0.6028 0.1498 0.2573 0.3443 0.6516 0.1829 0.1579 0.1986 0.0700 0.1008 0.2068 0.0642 0.0878 0.3630 0.2801 0.5655 0.1556 0.1329 0.1196 0.0909 0.2475 0.0679 0.0621 0.0683 0.5370 0.6752 0.0647 0.0531 0.3294
0.0514 0.1210 0.0000 0.1466 0.2045 0.1026 0.0658 0.0602 0.2002 0.2039 0.2576 0.1856 0.1152 0.1732 0.0845 0.1061 0.1272 0.2510 0.1306 0.1818 0.0623 0.1047 0.0606 0.0771 0.0777 0.0927 0.0703 0.0665 0.0986 0.1903 0.0614 0.1526 0.1051 0.1011 0.1015 0.0947 0.0961 0.0519 0.1837 0.1210 0.0818 0.1355 0.0484 0.0795 0.1128 0.1786 0.0915 0.0428 0.0658 0.0337 0.0407 0.0697 0.0743 0.0514 0.1464 0.0972 0.1919 0.0756 0.0450 0.0620 0.0362 0.1536 0.0541 0.0311 0.0261 0.0838 0.0262 0.0303 0.0642 0.0491
0.1870 0.2864 0.0000 0.3373 0.3210 0.1535 0.0563 0.0485 0.2345 1.4245 1.3103 0.1462 0.0574 1.0696 0.5007 0.7314 0.8771 1.8177 1.0581 1.8413 0.6116 1.0925 0.8607 1.1233 1.0448 1.4162 0.8663 0.7075 0.9620 1.6262 0.4409 1.0830 0.6930 0.5903 0.5227 0.4793 0.3988 0.2035 0.9366 0.6672 0.4887 0.7369 0.3443 0.6298 0.9705 1.7614 0.8984 0.4711 0.8709 0.4902 0.5783 0.5740 0.5963 0.4601 1.0712 0.8591 2.0780 0.8150 0.5025 0.6065 0.5793 1.3822 0.5967 0.4997 0.3502 1.0242 1.0261 0.6414 1.0905 0.7163
0.0240 0.0525 0.0000 0.0660 0.0482 0.0360 0.0169 0.0092 0.0338 0.0633 0.0188 0.0254 0.0251 0.0447 0.0191 0.0181 0.0319 0.0438 0.0174 0.0288 0.0055 0.0092 0.0105 0.0746 0.0620 0.0110 0.0045 0.0430 0.0588 0.1158 0.0304 0.0810 0.0586 0.0624 0.0535 0.0521 0.0536 0.0254 0.1082 0.0832 0.0727 0.0860 0.0344 0.0550 0.0720 0.1279 0.0612 0.0284 0.0501 0.0280 0.0268 0.0265 0.0357 0.0279 0.0701 0.0514 0.1626 0.0676 0.0463 0.0612 0.0648 0.1674 0.0869 0.0718 0.0547 0.0893 0.0892 0.0594 0.0825 0.0656
0.1019 0.2224 0.0000 0.2537 0.3036 0.1272 0.0733 0.0579 0.1785 0.2524 0.2398 0.2129 0.1602 0.2388 0.0925 0.1259 0.1541 0.3247 0.0990 0.2560 0.0624 0.0660 0.0577 0.1312 0.0352 0.0655 0.0615 0.0602 0.0783 0.1075 0.0397 0.0672 0.0335 0.0340 0.0167 0.0153 0.0253 0.0695 0.2435 0.0313 0.0120 0.1881 0.0852 0.1696 0.2129 0.4142 0.2218 0.1288 0.2056 0.1208 0.1409 0.1238 0.1315 0.1096 0.2968 0.2840 0.6408 0.2461 0.1487 0.1814 0.1912 0.4366 0.2163 0.1976 0.1097 0.1785 0.2314 0.1557 0.2316 0.1600
0.2776 0.6417 0.0000 0.8910 1.1495 0.4980 0.2840 0.2261 0.7452 0.7874 0.8028 0.6801 0.4616 0.8043 0.3363 0.4843 0.6146 1.1329 0.5324 0.8106 0.2611 0.4022 0.2937 0.4850 0.3779 0.5478 0.4158 0.3267 0.3986 0.7304 0.2045 0.5300 0.2009 0.3182 0.2004 0.1156 0.1454 0.1209 0.1624 0.1770 0.1415 0.2245 0.1035 0.1345 0.2374 0.2934 0.1085 0.0600 0.0586 0.0328 0.0622 0.2439 0.2964 0.0480 0.0638 0.4297 1.1373 0.5146 0.2871 0.4066 0.4526 1.2943 0.5802 0.5563 0.3768 0.5566 0.6660 0.4843 0.7424 0.5876
3.6832 7.3576 0.0000 8.4837 9.6100 3.6729 2.5659 2.0914 5.6306 4.8481 5.9565 4.6824 3.9672 6.7121 3.6703 5.2672 7.4256 15.0042 8.2890 12.5250 3.7006 5.5770 4.4612 6.2448 5.1697 6.6302 4.6597 4.4611 5.1410 9.9617 2.8914 6.5602 3.8320 3.4094 2.6982 2.2666 2.3818 1.4482 5.1551 4.3576 3.1603 4.0248 1.5224 2.6427 3.5362 6.6923 1.8787 1.6214 2.0317 0.7156 1.0347 1.6685 0.6559 0.7835 2.1827 1.6839 5.2300 1.5439 1.2108 1.0896 0.8372 2.2802 0.6258 0.5721 0.6288 4.9848 4.8465 0.6616 0.5261 4.3084
0.2472 0.6550 0.0000 0.7936 1.1071 0.5279 0.3163 0.2857 0.8512 0.7171 0.7201 0.6121 0.4578 0.8915 0.4352 0.7025 0.7170 1.5640 0.7111 0.9844 0.3393 0.5671 0.3335 0.4175 0.4206 0.5024 0.4064 0.3780 0.5693 1.0916 0.3520 0.8755 0.5433 0.4996 0.3814 0.3158 0.3631 0.2063 0.7886 0.6215 0.4351 0.6397 0.2356 0.4439 0.6193 1.0316 0.4395 0.2156 0.3406 0.1747 0.2110 0.2508 0.2613 0.2474 0.6225 0.3854 1.0388 0.4094 0.2435 0.3355 0.1958 0.8316 0.2927 0.1683 0.1412 0.3562 0.1417 0.1447 0.2297 0.1756
0.5970 0.9804 0.0000 1.0566 1.0210 0.4883 0.1790 0.1543 0.7459 2.8704 2.9543 0.5072 0.1968 3.1872 1.3929 2.3652 2.8081 5.8745 3.8649 5.4805 1.7013 2.9983 2.1172 2.3909 1.8994 2.4232 1.8955 2.1060 2.5126 5.0525 1.9588 4.0953 2.7131 2.1561 2.0477 1.7508 1.4574 0.7432 3.4231 2.4369 1.7967 2.7074 1.2649 2.1752 3.0294 5.1238 2.3549 1.1801 1.7925 0.9542 1.1979 1.3195 1.4764 1.2745 3.3047 2.2269 6.4487 2.8085 1.8365 2.2283 1.9728 4.7657 2.1591 1.8091 1.2672 2.1799 2.1840 1.7841 2.6809 1.6457
0.0284 0.0644 0.0000 0.0809 0.0591 0.0441 0.0201 0.0109 0.0415 0.0523 0.0223 0.0235 0.0182 0.0325 0.0208 0.0212 0.0341 0.0469 0.0189 0.0314 0.0060 0.0100 0.0115 0.0487 0.0443 0.0130 0.0052 0.0366 0.0506 0.1154 0.0313 0.0807 0.0660 0.0574 0.0460 0.0443 0.0450 0.0204 0.0782 0.0602 0.0445 0.0757 0.0322 0.0624 0.0900 0.1788 0.0738 0.0320 0.0604 0.0316 0.0323 0.0299 0.0402 0.0314 0.0887 0.0650 0.2055 0.0837 0.0519 0.0639 0.0610 0.1504 0.0642 0.0530 0.0406 0.0737 0.0792 0.0590 0.0914 0.0607
0.2074 0.5112 0.0000 0.6017 0.6673 0.2830 0.1678 0.1324 0.4084 0.3793 0.3604 0.3440 0.2522 0.3606 0.1892 0.2662 0.3259 0.6865 0.2094 0.5413 0.1277 0.1350 0.1221 0.2066 0.0720 0.1158 0.0929 0.0909 0.1602 0.2199 0.0808 0.1369 0.0686 0.0697 0.0342 0.0314 0.0517 0.0968 0.3660 0.0641 0.0246 0.3215 0.1262 0.2731 0.3546 0.6668 0.4337 0.1909 0.3047 0.1791 0.2089 0.1834 0.1950 0.1625 0.4211 0.3687 0.9119 0.3858 0.2901 0.3532 0.4443 0.8537 0.4825 0.3864 0.2202 0.3490 0.4521 0.3043 0.4922 0.3533
0.0795 0.1626 0.0000 0.1902 0.2274 0.0985 0.0562 0.0466 0.1474 0.1558 0.1588 0.1383 0.1044 0.1626 0.0814 0.1224 0.1647 0.3478 0.1610 0.2395 0.0736 0.1133 0.0828 0.1000 0.0779 0.1129 0.0857 0.0673 0.0976 0.1984 0.0556 0.1441 0.0546 0.0865 0.0491 0.0283 0.0395 0.0249 0.0398 0.0381 0.0292 0.0463 0.0256 0.0333 0.0579 0.0715 0.0268 0.0148 0.0145 0.0081 0.0154 0.0503 0.0611 0.0117 0.0158 0.0850 0.2339 0.1150 0.0681 0.0909 0.1228 0.2662 0.1193 0.1145 0.0775 0.1120 0.1144 0.0823 0.1273 0.1105
0.1821 0.4480 0.0000 0.5893 0.8373 0.4922 0.2222 0.2303 0.6438 0.5790 0.7113 0.5595 0.3918 0.5556 0.2524 0.3342 0.4258 0.8242 0.4176 0.6273 0.1920 0.3149 0.2313 0.3185 0.2665 0.3471 0.2639 0.2305 0.3114 0.6302 0.1940 0.4842 0.3257 0.3359 0.3054 0.2566 0.2696 0.0983 0.3498 0.3023 0.2193 0.2793 0.1531 0.3156 0.4223 0.7997 0.2245 0.1936 0.2185 0.0769 0.1236 0.1158 0.0705 0.0570 0.1506 0.1162 0.5685 0.1679 0.1182 0.0926 0.0910 0.2478 0.0681 0.0622 0.0683 0.2815 0.3288 0.0712 0.0572 0.2228
0.0681 0.1861 0.0000 0.2255 0.3817 0.1453 0.0870 0.0787 0.2343 0.1973 0.1911 0.1607 0.1213 0.2452 0.1055 0.1532 0.2371 0.4412 0.2784 0.3394 0.1585 0.1956 0.1321 0.1465 0.1450 0.1732 0.1610 0.1476 0.1837 0.3142 0.0916 0.2121 0.1316 0.1211 0.0924 0.0812 0.0880 0.0500 0.1910 0.1506 0.1125 0.1560 0.0667 0.1279 0.1882 0.3572 0.1716 0.0854 0.1349 0.0692 0.0836 0.0690 0.0719 0.0681 0.1712 0.1060 0.3228 0.1411 0.0840 0.1157 0.0675 0.2868 0.0910 0.0523 0.0487 0.0980 0.0440 0.0398 0.0632 0.0483
0.0821 0.1348 0.0000 0.1438 0.1403 0.0671 0.0246 0.0212 0.1025 0.3213 0.3559 0.0690 0.0270 0.3382 0.1804 0.3063 0.3639 0.7613 0.5378 0.7098 0.2203 0.3885 0.2742 0.3097 0.2461 0.3140 0.2455 0.2728 0.3061 0.6287 0.2087 0.4779 0.3522 0.3611 0.2657 0.3212 0.2441 0.1245 0.5730 0.4081 0.2929 0.3699 0.1504 0.2537 0.3535 0.6147 0.2869 0.1437 0.2261 0.1236 0.1501 0.1608 0.1799 0.1529 0.3857 0.2655 0.7526 0.3278 0.2143 0.2844 0.2811 0.7773 0.3616 0.3030 0.2122 0.2825 0.2830 0.2311 0.3474 0.2131
0.0628 0.1636 0.0000 0.2055 0.1502 0.1120 0.0474 0.0257 0.1054 0.1027 0.0526 0.0462 0.0358 0.0638 0.0497 0.0507 0.0735 0.0921 0.0452 0.0750 0.0142 0.0239 0.0274 0.0958 0.0870 0.0308 0.0125 0.0676 0.0805 0.1838 0.0513 0.1286 0.1129 0.0913 0.0732 0.0704 0.0715 0.0324 0.1176 0.0894 0.0668 0.1204 0.0461 0.0829 0.1293 0.2315 0.1211 0.0754 0.1127 0.0650 0.1122 0.0901 0.1047 0.0816 0.2033 0.1248 0.3260 0.1200 0.0743 0.0915 0.0873 0.2155 0.0920 0.0772 0.0583 0.1056 0.1136 0.0845 0.1309 0.0897
0.0526 0.1242 0.0000 0.1720 0.2244 0.1090 0.0766 0.0605 0.1865 0.1013 0.0962 0.0919 0.0673 0.0963 0.0618 0.1290 0.1545 0.3327 0.0934 0.2416 0.0477 0.0504 0.0545 0.0552 0.0269 0.0311 0.0248 0.0243 0.0590 0.0809 0.0268 0.0394 0.0252 0.0256 0.0126 0.0115 0.0190 0.0236 0.0977 0.0240 0.0091 0.0780 0.0308 0.0666 0.0887 0.1626 0.1058 0.0466 0.0743 0.0437 0.0509 0.0447 0.0475 0.0396 0.1027 0.0899 0.2118 0.0936 0.0660 0.0804 0.0912 0.2720 0.1050 0.1134 0.0923 0.2156 0.1708 0.1150 0.1462 0.0890
0.1169 0.2395 0.0000 0.2871 0.3487 0.1510 0.0892 0.0750 0.2326 0.2388 0.2434 0.2088 0.1538 0.2456 0.1229 0.1802 0.2425 0.5122 0.2788 0.4695 0.1711 0.2847 0.2080 0.1608 0.1254 0.1816 0.1380 0.1083 0.1917 0.5620 0.1503 0.4093 0.1391 0.2202 0.1123 0.0648 0.1006 0.0401 0.0911 0.0616 0.0469 0.0745 0.0571 0.0743 0.1177 0.1262 0.0599 0.0331 0.0324 0.0181 0.0343 0.0809 0.0983 0.0269 0.0352 0.1304 0.5212 0.2562 0.1518 0.2025 0.2736 0.5931 0.2659 0.2551 0.1727 0.2496 0.2549 0.1833 0.2836 0.2462
0.9312 2.2908 0.0000 3.0135 4.2812 2.2428 1.1364 1.1775 3.6338 3.5112 4.5378 3.3932 1.9135 2.7120 1.2915 1.7089 2.1773 4.2145 2.1354 3.2078 0.9818 1.6104 1.1829 1.6288 1.3627 1.7747 1.3495 1.1787 1.5922 3.2225 0.9920 2.4758 1.5898 1.6396 1.4803 1.2436 1.3068 0.5024 1.7885 1.5460 1.1212 1.4280 0.7829 1.9151 2.5626 4.8497 1.3614 1.1743 1.1955 0.4211 0.7498 0.5920 0.3862 0.2915 0.7708 0.5943 3.0703 0.9063 0.6383 0.4984 0.4915 1.3386 0.3674 0.3358 0.3692 1.4394 1.6815 0.3896 0.3088 1.1390
0.0121 0.0332 0.0000 0.0402 0.0680 0.0259 0.0155 0.0140 0.0418 0.0351 0.0341 0.0286 0.0216 0.0437 0.0178 0.0272 0.0394 0.0733 0.0435 0.0790 0.0207 0.0420 0.0307 0.0397 0.0400 0.0523 0.0279 0.0217 0.0285 0.0508 0.0148 0.0353 0.0222 0.0204 0.0161 0.0145 0.0153 0.0084 0.0322 0.0250 0.0182 0.0258 0.0108 0.0207 0.0304 0.0554 0.0264 0.0148 0.0266 0.0137 0.0165 0.0123 0.0128 0.0121 0.0305 0.0189 0.0701 0.0390 0.0232 0.0320 0.0186 0.0792 0.0226 0.0130 0.0134 0.0175 0.0109 0.0071 0.0113 0.0086
0.1812 0.2978 0.0000 0.2510 0.3100 0.1482 0.0544 0.0468 0.2265 0.5147 0.5702 0.1544 0.0597 0.5132 0.2856 0.4850 0.5762 1.2053 0.8515 1.1238 0.3489 0.6152 0.4341 0.4905 0.3934 0.5075 0.3930 0.4318 0.5661 1.0726 0.3395 0.8587 0.6066 0.5989 0.5208 0.4642 0.4878 0.2169 0.9077 0.6462 0.6473 0.7832 0.3024 0.4898 0.6825 1.1544 0.5302 0.2657 0.4038 0.2042 0.2699 0.2974 0.3328 0.2870 0.7441 0.5146 1.4892 0.6323 0.4135 0.5714 0.5951 1.6457 0.7304 0.6116 0.4284 0.4473 0.4481 0.3660 0.5501 0.3377
0.0792 0.2169 0.0000 0.2725 0.1894 0.1413 0.0598 0.0324 0.1330 0.1295 0.0663 0.0583 0.0452 0.0804 0.0627 0.0639 0.0927 0.1163 0.0570 0.0945 0.0180 0.0302 0.0346 0.1280 0.1097 0.0388 0.0158 0.1004 0.1213 0.2770 0.0753 0.1938 0.1702 0.1376 0.1104 0.1061 0.1078 0.0488 0.1930 0.1461 0.1081 0.1831 0.0782 0.1405 0.2123 0.3924 0.2028 0.0924 0.1883 0.0871 0.1052 0.0907 0.1111 0.0866 0.2886 0.2699 0.5462 0.2181 0.1323 0.1615 0.1563 0.3853 0.1694 0.1478 0.1134 0.2055 0.2209 0.1558 0.2465 0.1746
0.0862 0.1994 0.0000 0.2869 0.3680 0.1542 0.0889 0.0701 0.2164 0.1287 0.1222 0.1167 0.0855 0.1223 0.0643 0.1094 0.1310 0.2819 0.0818 0.2116 0.0464 0.0491 0.0477 0.0701 0.0262 0.0393 0.0315 0.0308 0.0589 0.0808 0.0275 0.0465 0.0252 0.0256 0.0126 0.0115 0.0190 0.0386 0.1242 0.0233 0.0090 0.1277 0.0502 0.1087 0.1411 0.2653 0.1638 0.0760 0.1213 0.0712 0.0831 0.0730 0.0846 0.0714 0.1832 0.1509 0.4361 0.1778 0.1195 0.1608 0.1611 0.3225 0.1832 0.1459 0.0970 0.1376 0.1708 0.1149 0.2169 0.1557
0.0645 0.1255 0.0000 0.1467 0.1755 0.0760 0.0434 0.0337 0.1138 0.1202 0.1225 0.1067 0.0806 0.1255 0.0628 0.0944 0.1272 0.2473 0.1144 0.1703 0.0523 0.0806 0.0588 0.0642 0.0500 0.0725 0.0550 0.0432 0.0627 0.1209 0.0339 0.0877 0.0333 0.0527 0.0315 0.0182 0.0241 0.0160 0.0255 0.0245 0.0187 0.0297 0.0163 0.0211 0.0372 0.0459 0.0170 0.0094 0.0092 0.0052 0.0098 0.0365 0.0392 0.0075 0.0100 0.0656 0.1606 0.0781 0.0451 0.0617 0.0777 0.1828 0.0819 0.0786 0.0532 0.0769 0.0902 0.0656 0.1006 0.0822
0.0270 0.0608 0.0000 0.0833 0.0943 0.0345 0.0252 0.0197 0.0553 0.0457 0.0560 0.0440 0.0389 0.0707 0.0360 0.0597 0.0728 0.1348 0.0658 0.0986 0.0277 0.0443 0.0355 0.0503 0.0420 0.0564 0.0451 0.0381 0.0525 0.1089 0.0317 0.0691 0.0412 0.0367 0.0283 0.0238 0.0250 0.0110 0.0390 0.0337 0.0245 0.0311 0.0139 0.0249 0.0332 0.0630 0.0177 0.0152 0.0185 0.0065 0.0097 0.0129 0.0060 0.0063 0.0168 0.0130 0.0476 0.0141 0.0110 0.0099 0.0076 0.0207 0.0057 0.0052 0.0057 0.0398 0.0367 0.0060 0.0048 0.0354
0.0272 0.0719 0.0000 0.0871 0.1269 0.0580 0.0347 0.0314 0.0935 0.0787 0.0876 0.0745 0.0557 0.1059 0.0529 0.0740 0.0876 0.1880 0.0889 0.1129 0.0427 0.0650 0.0433 0.0480 0.0482 0.0576 0.0527 0.0515 0.0739 0.1574 0.0511 0.1158 0.0702 0.0645 0.0466 0.0408 0.0469 0.0267 0.1019 0.0816 0.0623 0.0849 0.0338 0.0636 0.0884 0.1406 0.0621 0.0301 0.0462 0.0237 0.0286 0.0275 0.0287 0.0272 0.0683 0.0423 0.1152 0.0469 0.0279 0.0385 0.0224 0.0953 0.0325 0.0187 0.0162 0.0391 0.0157 0.0159 0.0252 0.0193
0.0019 0.0031 0.0000 0.0033 0.0032 0.0016 0.0006 0.0005 0.0024 0.0106 0.0093 0.0016 0.0006 0.0118 0.0048 0.0079 0.0090 0.0197 0.0115 0.0190 0.0059 0.0104 0.0073 0.0083 0.0076 0.0097 0.0075 0.0079 0.0109 0.0204 0.0051 0.0136 0.0080 0.0064 0.0061 0.0052 0.0048 0.0022 0.0101 0.0072 0.0062 0.0096 0.0043 0.0086 0.0133 0.0243 0.0108 0.0054 0.0078 0.0042 0.0055 0.0061 0.0068 0.0060 0.0145 0.0103 0.0259 0.0111 0.0069 0.0079 0.0073 0.0174 0.0075 0.0063 0.0044 0.0075 0.0076 0.0062 0.0093 0.0057
0.3134 0.6871 0.0000 0.8633 0.6313 0.4707 0.2215 0.1199 0.4428 0.6509 0.2456 0.2931 0.2270 0.4042 0.2295 0.2340 0.3763 0.5175 0.2086 0.3459 0.0657 0.1105 0.1266 0.7689 0.5514 0.1438 0.0577 0.6050 0.6428 1.3524 0.3550 0.9457 0.6843 0.7294 0.5847 0.5627 0.5712 0.2637 1.1218 0.8626 0.6382 1.0511 0.4488 0.7420 0.8941 1.7242 0.7498 0.3315 0.6172 0.3272 0.3447 0.3096 0.4172 0.3255 0.9460 0.7319 2.1919 0.9676 0.6628 0.8764 1.0248 2.4756 0.9848 0.8594 0.6590 1.1863 1.2754 0.9106 1.2668 0.9476
0.1884 0.4369 0.0000 0.4624 0.5610 0.2352 0.1355 0.1070 0.3299 0.3349 0.3182 0.2981 0.2185 0.3123 0.1383 0.1883 0.2305 0.4856 0.1481 0.3828 0.0934 0.0986 0.0863 0.1790 0.0526 0.0962 0.0806 0.0789 0.1171 0.1606 0.0594 0.1004 0.0501 0.0509 0.0250 0.0229 0.0378 0.1065 0.3232 0.0468 0.0180 0.3477 0.1049 0.2089 0.2622 0.5100 0.2733 0.1587 0.2532 0.1488 0.1736 0.1626 0.2023 0.1705 0.4378 0.3350 0.9997 0.3634 0.1948 0.2733 0.2472 0.5380 0.2814 0.2435 0.1489 0.2199 0.2850 0.1917 0.3329 0.2551
0.0476 0.1167 0.0000 0.1620 0.2326 0.1088 0.0558 0.0459 0.1549 0.1621 0.1594 0.1325 0.0899 0.1566 0.0655 0.0943 0.1197 0.2046 0.1037 0.1506 0.0450 0.0693 0.0506 0.0722 0.0563 0.0765 0.0580 0.0456 0.0557 0.1020 0.0285 0.0740 0.0280 0.0444 0.0280 0.0161 0.0203 0.0169 0.0227 0.0247 0.0207 0.0329 0.0145 0.0188 0.0332 0.0410 0.0151 0.0084 0.0082 0.0046 0.0087 0.0495 0.0441 0.0067 0.0089 0.0837 0.1740 0.0737 0.0412 0.0582 0.0649 0.1854 0.0888 0.0863 0.0627 0.0977 0.1263 0.0850 0.1304 0.0813
0.1968 0.3982 0.0000 0.4591 0.5201 0.2058 0.1388 0.1172 0.3045 0.2716 0.3337 0.2625 0.2147 0.3947 0.1986 0.2869 0.4038 0.8158 0.4792 0.7531 0.3095 0.4424 0.3537 0.4498 0.3495 0.4079 0.2887 0.2951 0.3400 0.5892 0.1751 0.3684 0.2534 0.2256 0.1741 0.1463 0.1537 0.0995 0.3542 0.2609 0.2057 0.2730 0.0854 0.1481 0.1981 0.3750 0.1053 0.0908 0.1138 0.0401 0.0580 0.1086 0.0368 0.0474 0.1500 0.1157 0.3057 0.0865 0.0719 0.0646 0.0491 0.1338 0.0367 0.0336 0.0369 0.3954 0.3331 0.0371 0.0295 0.2851
0.0060 0.0140 0.0000 0.0170 0.0237 0.0119 0.0076 0.0070 0.0232 0.0209 0.0259 0.0201 0.0135 0.0201 0.0101 0.0127 0.0148 0.0301 0.0152 0.0211 0.0072 0.0122 0.0070 0.0089 0.0090 0.0108 0.0084 0.0090 0.0118 0.0243 0.0078 0.0194 0.0142 0.0137 0.0129 0.0135 0.0130 0.0067 0.0236 0.0164 0.0111 0.0184 0.0066 0.0108 0.0153 0.0235 0.0120 0.0058 0.0089 0.0046 0.0055 0.0073 0.0076 0.0060 0.0170 0.0110 0.0223 0.0088 0.0052 0.0072 0.0042 0.0178 0.0063 0.0036 0.0030 0.0097 0.0030 0.0035 0.0066 0.0050
0.0210 0.0321 0.0000 0.0378 0.0360 0.0172 0.0063 0.0054 0.0263 0.1756 0.1295 0.0164 0.0064 0.1398 0.0529 0.0774 0.0891 0.1923 0.1119 0.1948 0.0646 0.1154 0.0874 0.1066 0.1071 0.1280 0.0991 0.0796 0.1124 0.1911 0.0482 0.1273 0.0748 0.0624 0.0568 0.0507 0.0452 0.0215 0.0991 0.0706 0.0575 0.0995 0.0405 0.0788 0.1212 0.2201 0.1191 0.0624 0.1175 0.0628 0.0853 0.0821 0.0853 0.0650 0.1525 0.1228 0.2971 0.1108 0.0699 0.0782 0.0828 0.1977 0.0853 0.0714 0.0501 0.0972 0.0974 0.0678 0.1107 0.0708
0.1276 0.2798 0.0000 0.3517 0.2571 0.1917 0.0902 0.0488 0.1803 0.3239 0.1000 0.1299 0.1198 0.2133 0.0975 0.0953 0.1629 0.2240 0.0890 0.1475 0.0280 0.0471 0.0540 0.4813 0.2962 0.0585 0.0235 0.3097 0.2812 0.5917 0.1554 0.4140 0.2994 0.3191 0.2558 0.2471 0.2680 0.1357 0.6384 0.4303 0.3184 0.4601 0.1990 0.3246 0.3912 0.7543 0.3282 0.1450 0.2700 0.1431 0.1510 0.1354 0.1825 0.1424 0.4143 0.3485 0.9595 0.4243 0.2902 0.3834 0.4270 1.1023 0.5281 0.4630 0.3534 0.6899 0.6783 0.4208 0.5898 0.4710
1.7411 3.6115 0.0000 3.9102 5.3311 2.1737 1.2528 0.9892 3.0491 3.1359 3.0467 2.4262 1.9076 2.8424 1.1259 1.5325 1.8760 3.9523 1.2053 3.1163 0.7600 0.8029 0.7027 1.5620 0.4283 0.7828 0.7716 0.7550 0.9531 1.3083 0.4830 0.8177 0.4082 0.4143 0.2035 0.1866 0.3073 1.1361 3.0943 0.3814 0.1463 3.2136 0.9085 1.8097 2.2712 4.4187 2.3679 1.3746 2.1937 1.2891 1.5036 1.4654 2.0182 1.4950 3.8381 2.9024 8.3901 3.1505 1.6877 2.3694 2.1414 4.6612 2.4377 2.1098 1.2916 1.9055 2.4688 1.6618 2.8877 2.4070
0.0977 0.2405 0.0000 0.3333 0.4609 0.2032 0.1253 0.1031 0.3476 0.3893 0.4054 0.2878 0.1968 0.3660 0.1530 0.1971 0.2560 0.4377 0.2489 0.3521 0.1052 0.1619 0.1183 0.1510 0.1203 0.1572 0.1194 0.0973 0.1144 0.2095 0.0587 0.1521 0.0577 0.0913 0.0575 0.0332 0.0417 0.0347 0.0466 0.0508 0.0443 0.0702 0.0297 0.0386 0.0681 0.0842 0.0311 0.0172 0.0168 0.0094 0.0178 0.1184 0.0943 0.0138 0.0183 0.1957 0.3820 0.1750 0.0968 0.1383 0.1540 0.4348 0.1949 0.1870 0.1266 0.1828 0.2305 0.1577 0.2417 0.1974
0.0163 0.0350 0.0000 0.0403 0.0457 0.0172 0.0122 0.0098 0.0267 0.0227 0.0279 0.0219 0.0188 0.0347 0.0174 0.0270 0.0381 0.0769 0.0425 0.0638 0.0189 0.0302 0.0242 0.0342 0.0286 0.0394 0.0273 0.0259 0.0298 0.0555 0.0161 0.0339 0.0222 0.0198 0.0153 0.0128 0.0135 0.0066 0.0233 0.0201 0.0146 0.0186 0.0071 0.0124 0.0165 0.0313 0.0088 0.0076 0.0095 0.0033 0.0048 0.0077 0.0031 0.0036 0.0100 0.0078 0.0245 0.0072 0.0056 0.0051 0.0039 0.0107 0.0029 0.0027 0.0029 0.0272 0.0219 0.0031 0.0025 0.0240
0.0525 0.1392 0.0000 0.1687 0.2442 0.1122 0.0672 0.0607 0.1809 0.1524 0.1829 0.1451 0.1085 0.2065 0.1032 0.1434 0.1687 0.3620 0.1710 0.2171 0.0821 0.1251 0.0832 0.0923 0.0928 0.1108 0.1014 0.1048 0.1421 0.3030 0.0977 0.2242 0.1465 0.1347 0.1035 0.0906 0.1042 0.0592 0.2262 0.1820 0.1402 0.1895 0.0753 0.1343 0.1862 0.2862 0.1375 0.0666 0.1024 0.0525 0.0634 0.0533 0.0555 0.0526 0.1323 0.0819 0.2217 0.0903 0.0537 0.0740 0.0432 0.1834 0.0625 0.0360 0.0312 0.0757 0.0302 0.0308 0.0488 0.0373
0.0037 0.0061 0.0000 0.0065 0.0063 0.0030 0.0011 0.0010 0.0046 0.0238 0.0181 0.0031 0.0012 0.0266 0.0092 0.0143 0.0164 0.0356 0.0207 0.0361 0.0112 0.0197 0.0139 0.0166 0.0166 0.0199 0.0154 0.0152 0.0209 0.0370 0.0094 0.0246 0.0146 0.0116 0.0110 0.0094 0.0090 0.0040 0.0184 0.0131 0.0115 0.0199 0.0079 0.0157 0.0241 0.0432 0.0223 0.0111 0.0182 0.0097 0.0129 0.0142 0.0158 0.0129 0.0304 0.0255 0.0593 0.0221 0.0140 0.0156 0.0165 0.0394 0.0170 0.0143 0.0100 0.0151 0.0151 0.0117 0.0176 0.0110
0.0141 0.0310 0.0000 0.0389 0.0284 0.0212 0.0100 0.0054 0.0200 0.0309 0.0111 0.0133 0.0111 0.0198 0.0103 0.0105 0.0170 0.0234 0.0094 0.0156 0.0030 0.0050 0.0057 0.0448 0.0275 0.0065 0.0026 0.0355 0.0287 0.0627 0.0170 0.0439 0.0359 0.0326 0.0262 0.0252 0.0256 0.0122 0.0558 0.0399 0.0295 0.0470 0.0201 0.0347 0.0489 0.0919 0.0410 0.0174 0.0338 0.0171 0.0194 0.0167 0.0219 0.0171 0.0531 0.0447 0.1200 0.0544 0.0344 0.0420 0.0433 0.1066 0.0489 0.0427 0.0328 0.0593 0.0638 0.0449 0.0703 0.0504
0.0206 0.0422 0.0000 0.0457 0.0606 0.0254 0.0147 0.0116 0.0357 0.0263 0.0250 0.0226 0.0166 0.0240 0.0119 0.0167 0.0205 0.0432 0.0132 0.0341 0.0080 0.0085 0.0077 0.0136 0.0045 0.0075 0.0063 0.0062 0.0101 0.0138 0.0051 0.0086 0.0043 0.0044 0.0022 0.0020 0.0032 0.0090 0.0254 0.0040 0.0016 0.0302 0.0084 0.0180 0.0233 0.0439 0.0266 0.0127 0.0202 0.0119 0.0139 0.0122 0.0153 0.0126 0.0323 0.0266 0.0770 0.0310 0.0198 0.0275 0.0251 0.0523 0.0286 0.0237 0.0151 0.0214 0.0277 0.0187 0.0338 0.0276
0.0399 0.1030 0.0000 0.1170 0.1472 0.0637 0.0349 0.0287 0.0969 0.1023 0.1044 0.0922 0.0712 0.1095 0.0548 0.0863 0.1071 0.1831 0.0909 0.1321 0.0395 0.0608 0.0444 0.0447 0.0348 0.0505 0.0383 0.0301 0.0433 0.0819 0.0229 0.0595 0.0225 0.0357 0.0218 0.0126 0.0163 0.0111 0.0176 0.0170 0.0130 0.0207 0.0112 0.0146 0.0257 0.0317 0.0118 0.0065 0.0064 0.0036 0.0068 0.0311 0.0273 0.0052 0.0069 0.0563 0.1179 0.0579 0.0334 0.0458 0.0576 0.1342 0.0601 0.0577 0.0391 0.0564 0.0662 0.0460 0.0705 0.0576
0.0169 0.0381 0.0000 0.0527 0.0623 0.0228 0.0166 0.0130 0.0365 0.0302 0.0370 0.0291 0.0257 0.0490 0.0238 0.0361 0.0450 0.0840 0.0440 0.0660 0.0192 0.0308 0.0246 0.0349 0.0292 0.0382 0.0306 0.0264 0.0365 0.0739 0.0235 0.0478 0.0295 0.0263 0.0203 0.0170 0.0179 0.0072 0.0255 0.0220 0.0160 0.0204 0.0092 0.0164 0.0220 0.0416 0.0117 0.0101 0.0122 0.0043 0.0064 0.0084 0.0039 0.0041 0.0110 0.0085 0.0315 0.0093 0.0073 0.0065 0.0050 0.0137 0.0038 0.0034 0.0038 0.0279 0.0240 0.0040 0.0032 0.0246
0.2127 0.5816 0.0000 0.7046 1.1929 0.4540 0.2719 0.2458 0.7322 0.6165 0.6401 0.5442 0.4070 0.7741 0.3868 0.5448 0.7537 1.5492 0.8701 1.0607 0.4176 0.6111 0.4235 0.4696 0.4532 0.5414 0.5160 0.5603 0.6661 1.2365 0.3530 0.8100 0.5099 0.4683 0.3519 0.3079 0.3542 0.2011 0.7688 0.6006 0.4587 0.6434 0.2752 0.5277 0.7762 1.5867 0.6517 0.3158 0.4851 0.2490 0.3005 0.2157 0.2248 0.2128 0.5355 0.3313 1.0086 0.4411 0.2624 0.3617 0.2110 0.8961 0.2842 0.1634 0.1522 0.3062 0.1376 0.1244 0.1975 0.1511
0.0205 0.0336 0.0000 0.0358 0.0350 0.0167 0.0061 0.0053 0.0256 0.0986 0.0888 0.0172 0.0067 0.1093 0.0377 0.0640 0.0760 0.1592 0.1124 0.1484 0.0461 0.0812 0.0573 0.0647 0.0663 0.0768 0.0595 0.0585 0.0805 0.1503 0.0476 0.1203 0.0840 0.0734 0.0719 0.0569 0.0597 0.0265 0.1111 0.0791 0.0759 0.1314 0.0419 0.0763 0.1042 0.1745 0.0859 0.0430 0.0702 0.0375 0.0496 0.0561 0.0628 0.0499 0.1307 0.0946 0.2737 0.1069 0.0699 0.0935 0.1183 0.2611 0.1127 0.0943 0.0661 0.0590 0.0591 0.0483 0.0726 0.0446
2.2634 6.2011 0.0000 7.7915 5.4163 4.0386 1.7101 0.9261 3.8016 3.9911 1.8962 1.7972 1.3917 2.4796 1.7930 1.8282 2.6497 3.5823 1.6298 2.7026 0.5136 0.8631 0.9890 5.6849 3.3812 1.1102 0.4510 4.3072 4.0590 9.2736 2.5200 6.4885 5.6979 4.6060 3.6947 3.5535 3.6068 1.6341 6.8666 4.9113 3.6339 6.0733 2.4740 4.4280 6.6963 12.3707 6.4712 3.4822 6.0234 3.2808 3.9598 3.4147 4.1831 3.2615 10.8660 7.8901 17.4313 7.0449 4.2727 5.2117 5.3326 13.1343 6.0280 5.2602 4.0363 7.3124 7.8666 5.5342 8.6606 6.2132
0.1891 0.4109 0.0000 0.5508 0.8073 0.4131 0.2296 0.1811 0.5584 0.2654 0.2521 0.2407 0.1764 0.2523 0.1493 0.2538 0.3040 0.6541 0.1898 0.4909 0.1077 0.1138 0.1106 0.1446 0.0607 0.0811 0.0650 0.0636 0.1367 0.1876 0.0622 0.0960 0.0585 0.0594 0.0291 0.0268 0.0441 0.0847 0.2561 0.0541 0.0210 0.2803 0.0849 0.1837 0.2448 0.4485 0.2917 0.1284 0.2049 0.1204 0.1405 0.1234 0.1408 0.1103 0.2832 0.2480 0.6505 0.2652 0.1820 0.2398 0.2607 0.7912 0.3356 0.3128 0.2479 0.3516 0.3972 0.2674 0.4674 0.3271
0.0198 0.0432 0.0000 0.0490 0.0628 0.0272 0.0167 0.0137 0.0463 0.0489 0.0498 0.0410 0.0313 0.0523 0.0262 0.0353 0.0475 0.0971 0.0594 0.1016 0.0385 0.0572 0.0418 0.0235 0.0183 0.0265 0.0201 0.0158 0.0279 0.0667 0.0183 0.0484 0.0169 0.0268 0.0150 0.0087 0.0122 0.0058 0.0122 0.0090 0.0068 0.0109 0.0078 0.0102 0.0162 0.0174 0.0082 0.0045 0.0044 0.0025 0.0047 0.0150 0.0143 0.0036 0.0048 0.0269 0.0568 0.0279 0.0165 0.0220 0.0298 0.0646 0.0290 0.0278 0.0188 0.0272 0.0298 0.0202 0.0309 0.0268
0.0556 0.1261 0.0000 0.1748 0.2381 0.1269 0.0719 0.0632 0.2202 0.1968 0.1950 0.1534 0.1308 0.2133 0.0838 0.1138 0.1419 0.2647 0.1415 0.2123 0.0675 0.1082 0.0865 0.1226 0.1025 0.1280 0.1013 0.0930 0.1282 0.2327 0.0716 0.1802 0.1370 0.1435 0.1355 0.1362 0.1365 0.0269 0.0959 0.0829 0.0601 0.0766 0.0420 0.1048 0.1393 0.2631 0.0636 0.0549 0.0599 0.0211 0.0350 0.0317 0.0193 0.0156 0.0413 0.0319 0.1559 0.0460 0.0324 0.0254 0.0250 0.0680 0.0187 0.0171 0.0188 0.0983 0.0902 0.0195 0.0157 0.0863
0.0482 0.1318 0.0000 0.1597 0.2703 0.1029 0.0616 0.0557 0.1659 0.1397 0.1454 0.1148 0.0859 0.1737 0.0788 0.1109 0.1566 0.3154 0.1792 0.3312 0.0973 0.1667 0.1377 0.1650 0.1341 0.1601 0.1414 0.1267 0.1371 0.2506 0.0715 0.1641 0.1091 0.1002 0.0823 0.0720 0.0828 0.0470 0.1798 0.1339 0.1011 0.1505 0.0644 0.1107 0.1628 0.2991 0.1684 0.0960 0.1805 0.1057 0.1383 0.0488 0.0509 0.0482 0.1213 0.0751 0.2788 0.1580 0.0933 0.1285 0.0645 0.2739 0.0840 0.0483 0.0465 0.0694 0.0407 0.0284 0.0447 0.0342
0.9828 1.6150 0.0000 1.3649 1.6809 0.8038 0.2947 0.2540 1.2279 3.7521 3.2656 0.8258 0.3239 4.1515 2.3894 3.1228 4.2223 7.7606 4.4257 7.7015 2.5581 4.5696 3.5999 5.7422 3.8192 4.7618 3.0586 2.9594 3.3964 6.4851 1.8439 4.2332 2.8967 2.4689 2.1862 2.0048 1.6679 0.8510 3.9175 2.7888 2.0024 2.8434 1.3045 2.2657 3.4915 6.3411 3.1720 1.6633 3.0766 1.7309 2.0417 2.0444 2.1166 1.6387 3.8313 3.0333 7.3368 2.9202 1.8939 2.3388 2.0707 5.3114 2.4723 2.0704 1.4502 7.7102 7.0018 3.0604 5.2744 4.9862
0.0672 0.1294 0.0000 0.1627 0.1189 0.0887 0.0472 0.0256 0.0834 0.2301 0.0523 0.0882 0.0970 0.1727 0.0549 0.0514 0.1076 0.1493 0.0501 0.0830 0.0158 0.0265 0.0304 0.1599 0.1564 0.0306 0.0127 0.0895 0.1439 0.2632 0.0784 0.1841 0.1332 0.1420 0.1218 0.1188 0.1346 0.0880 0.2674 0.1944 0.1193 0.1872 0.0666 0.1205 0.1637 0.2744 0.1391 0.0645 0.1138 0.0637 0.0609 0.0603 0.0812 0.0634 0.1578 0.1089 0.3383 0.1335 0.0914 0.1209 0.1257 0.3244 0.1686 0.1548 0.1060 0.1785 0.1777 0.1161 0.1621 0.1272
0.0471 0.1044 0.0000 0.1282 0.1421 0.0640 0.0398 0.0314 0.0969 0.2719 0.3066 0.1243 0.1057 0.2399 0.0539 0.0683 0.0836 0.1761 0.0537 0.1389 0.0362 0.0382 0.0313 0.1122 0.0204 0.0577 0.0719 0.0704 0.0522 0.0642 0.0315 0.0538 0.0224 0.0228 0.0112 0.0103 0.0169 0.0377 0.1683 0.0181 0.0072 0.0870 0.0842 0.1145 0.1551 0.2796 0.1213 0.0731 0.1333 0.0706 0.0824 0.0733 0.0769 0.0641 0.1660 0.1360 0.3204 0.1346 0.0813 0.0992 0.1045 0.2389 0.1183 0.1081 0.0600 0.0977 0.1265 0.0851 0.1266 0.0867
0.0229 0.0504 0.0000 0.0699 0.0893 0.0387 0.0244 0.0206 0.0637 0.0612 0.0624 0.0528 0.0360 0.0625 0.0261 0.0378 0.0505 0.0953 0.0441 0.0689 0.0222 0.0342 0.0250 0.0503 0.0369 0.0890 0.0497 0.0354 0.0435 0.0621 0.0174 0.0450 0.0171 0.0271 0.0219 0.0126 0.0128 0.0145 0.0177 0.0200 0.0156 0.0247 0.0115 0.0147 0.0269 0.0332 0.0122 0.0067 0.0066 0.0037 0.0070 0.0222 0.0269 0.0052 0.0070 0.0334 0.1530 0.0579 0.0386 0.0458 0.0433 0.1237 0.0629 0.0577 0.0436 0.0643 0.0643 0.0463 0.0649 0.0514
0.1771 0.4139 0.0000 0.4678 0.6175 0.2477 0.1638 0.1411 0.3446 0.3269 0.4017 0.3159 0.2292 0.3654 0.1962 0.2673 0.3769 0.7615 0.4061 0.6097 0.2168 0.3706 0.2612 0.3322 0.2590 0.3332 0.2350 0.2242 0.2583 0.5035 0.1536 0.3569 0.2053 0.1964 0.1635 0.1373 0.1443 0.1337 0.4533 0.4138 0.3955 0.4049 0.1368 0.1782 0.2385 0.4513 0.1267 0.1093 0.1815 0.0639 0.0744 0.1861 0.0586 0.0801 0.2228 0.1719 0.5167 0.1422 0.1214 0.1092 0.0830 0.2261 0.0621 0.0567 0.0623 0.3313 0.3869 0.0591 0.0485 0.2166
0.1920 0.4043 0.0000 0.4895 0.6397 0.3212 0.2058 0.1885 0.6268 0.6709 0.5486 0.4599 0.3065 0.5422 0.2208 0.3205 0.3983 0.7425 0.4090 0.5692 0.1952 0.3277 0.1897 0.2414 0.2432 0.2903 0.2182 0.1911 0.2827 0.5186 0.1672 0.4159 0.2755 0.2535 0.2426 0.2263 0.2294 0.1170 0.4152 0.3067 0.2067 0.3238 0.1157 0.2107 0.3075 0.5216 0.2222 0.1158 0.1917 0.0984 0.1188 0.3288 0.3365 0.1920 0.5649 0.6243 0.7212 0.2367 0.1408 0.1940 0.1132 0.4809 0.2022 0.1162 0.0817 0.4189 0.0978 0.1449 0.3308 0.2530
0.0185 0.0272 0.0000 0.0394 0.0317 0.0152 0.0056 0.0048 0.0231 0.0796 0.0908 0.0136 0.0054 0.0637 0.0439 0.0784 0.1137 0.1948 0.0919 0.1346 0.0431 0.0737 0.0520 0.0593 0.0467 0.0595 0.0465 0.0517 0.0581 0.1192 0.0383 0.0877 0.0602 0.0625 0.0454 0.0468 0.0423 0.0215 0.0993 0.0707 0.0467 0.0590 0.0271 0.0466 0.0649 0.1166 0.0544 0.0273 0.0429 0.0234 0.0285 0.0305 0.0341 0.0290 0.0707 0.0503 0.1380 0.0601 0.0393 0.0486 0.0449 0.1240 0.0626 0.0525 0.0368 0.0609 0.0576 0.0562 0.0877 0.0486
0.5261 0.6046 0.0000 0.7596 0.5829 0.4139 0.2834 0.1484 0.4411 0.6314 0.3036 0.3108 0.2195 0.3630 0.3451 0.3518 0.5099 0.6531 0.3137 0.5201 0.0988 0.1661 0.1904 0.3876 0.3521 0.1777 0.0868 0.2736 0.4021 0.9186 0.2562 0.6427 0.5644 0.4563 0.3658 0.3520 0.3573 0.1619 0.5875 0.4470 0.3338 0.6012 0.2092 0.4073 0.6456 1.0798 0.5893 0.3571 0.4822 0.3248 0.4350 0.4494 0.5333 0.4158 0.8462 0.5193 1.3606 0.5212 0.3227 0.4087 0.3962 0.9775 0.4320 0.3855 0.2716 0.4784 0.5147 0.3777 0.5686 0.3880
0.0726 0.1758 0.0000 0.2339 0.3046 0.1478 0.1039 0.0906 0.2792 0.1650 0.1568 0.1496 0.1097 0.1569 0.1007 0.2826 0.2950 0.6534 0.1730 0.4473 0.0883 0.0934 0.1008 0.0899 0.0498 0.0507 0.0404 0.0395 0.1092 0.1498 0.0497 0.0729 0.0467 0.0475 0.0233 0.0214 0.0352 0.0384 0.1592 0.0443 0.0168 0.1143 0.0504 0.1090 0.1522 0.2662 0.1731 0.0762 0.1216 0.0715 0.0834 0.0733 0.0778 0.0649 0.1681 0.1472 0.3466 0.1533 0.1080 0.1315 0.1492 0.4451 0.1688 0.1856 0.1412 0.2342 0.2797 0.1882 0.2238 0.1362
