0.0246 0.0288 0.0000 0.0311 0.0321 0.0250 0.0215 0.0197 0.0308 0.0281 0.0275 0.0257 0.0230 0.0304 0.0206 0.0241 0.0262 0.0338 0.0265 0.0300 0.0193 0.0240 0.0184 0.0202 0.0208 0.0224 0.0199 0.0186 0.0225 0.0288 0.0181 0.0267 0.0224 0.0216 0.0201 0.0192 0.0195 0.0147 0.0259 0.0233 0.0196 0.0236 0.0152 0.0197 0.0231 0.0287 0.0196 0.0150 0.0184 0.0138 0.0149 0.0190 0.0186 0.0239 0.0306 0.0232 0.0343 0.0202 0.0161 0.0186 0.0137 0.0269 0.0192 0.0144 0.0121 0.0228 0.0126 0.0137 0.0169 0.0152
0.2071 0.2405 0.0000 0.2490 0.2339 0.1736 0.1061 0.0999 0.2042 0.3769 0.3996 0.1675 0.1038 0.3636 0.3471 0.4833 0.4697 0.6781 0.4631 0.5664 0.3451 0.4409 0.3787 0.3879 0.3518 0.3918 0.3557 0.3801 0.3933 0.5362 0.3209 0.4505 0.3860 0.3560 0.3402 0.3288 0.2945 0.2202 0.4285 0.3710 0.3234 0.3705 0.2742 0.3414 0.4078 0.5256 0.3791 0.2833 0.3386 0.2631 0.2847 0.2931 0.3086 0.2910 0.4199 0.3633 0.5296 0.3778 0.3177 0.3456 0.3215 0.4766 0.3453 0.3178 0.2734 0.3698 0.3641 0.3849 0.4451 0.3358
0.0000 0.0000 0.0000 0.0000 0.0000 0.0000 0.0000 0.0000 0.0000 0.0000 0.0000 0.0000 0.0000 0.0000 0.0000 0.0000 0.0000 0.0000 0.0000 0.0000 0.0000 0.0000 0.0000 0.0000 0.0000 0.0000 0.0000 0.0000 0.0000 0.0000 0.0000 0.0000 0.0000 0.0000 0.0000 0.0000 0.0000 0.0000 0.0000 0.0000 0.0000 0.0000 0.0000 0.0000 0.0000 0.0000 0.0000 0.0000 0.0000 0.0000 0.0000 0.0000 0.0000 0.0000 0.0000 0.0000 0.0000 0.0000 0.0000 0.0000 0.0000 0.0000 0.0000 0.0000 0.0000 0.0000 0.0000 0.0000 0.0000 0.0000
0.5788 0.8435 0.0000 0.9218 0.9417 0.6764 0.5612 0.5036 0.8029 0.9183 0.8663 0.9509 0.8629 0.9229 0.8082 0.7036 0.7777 1.0451 0.6498 0.9634 0.6483 0.6244 0.5359 0.7968 0.4532 0.6042 0.5335 0.5085 0.7164 0.7646 0.5353 0.6362 0.4545 0.4619 0.3187 0.3081 0.4022 0.4576 0.8407 0.4181 0.2588 0.7055 0.6347 0.9422 0.9859 1.4524 0.8983 0.6957 0.8379 0.6775 0.7174 0.6618 0.6772 0.6318 0.9447 0.9143 1.2878 0.9263 0.7584 0.8186 0.8394 1.1671 0.8757 0.8452 0.6396 0.7750 0.8894 0.7523 0.8879 0.7509
1.6011 2.1973 0.0000 2.5268 2.7137 1.9087 1.5168 1.4103 2.2553 2.2808 2.3099 2.1866 1.8883 2.3146 1.6254 1.9425 2.2050 2.8628 2.0328 2.4509 1.5242 1.8070 1.5817 1.9307 1.7121 2.2986 2.0003 1.6724 2.1584 2.3412 1.3650 2.0525 1.2921 1.6459 1.5371 1.1506 1.1486 1.1343 1.2494 1.3049 1.1305 1.3176 1.1442 1.2210 1.5864 1.6540 1.0517 0.8297 0.7626 0.6004 0.8303 1.4171 1.5613 0.7280 0.7539 1.7332 3.0062 2.2930 1.7992 2.0718 2.5502 3.2876 2.3343 2.3145 1.9540 2.2182 2.2327 1.9586 2.3630 2.2785
0.1014 0.1489 0.0000 0.1682 0.1971 0.1328 0.1124 0.1059 0.1484 0.1436 0.1613 0.1455 0.1274 0.1532 0.1176 0.1310 0.1443 0.1899 0.1418 0.1673 0.1011 0.1241 0.1091 0.1246 0.1162 0.1309 0.1171 0.1095 0.1256 0.1698 0.1043 0.1535 0.1194 0.1173 0.1083 0.0998 0.1016 0.0753 0.1272 0.1226 0.1074 0.1159 0.0849 0.1124 0.1257 0.1658 0.0904 0.0911 0.0907 0.0553 0.0698 0.0773 0.0503 0.0532 0.0807 0.0728 0.1325 0.0763 0.0703 0.0643 0.0557 0.0854 0.0463 0.0446 0.0492 0.1154 0.1251 0.0489 0.0410 0.1050
0.0214 0.0312 0.0000 0.0336 0.0390 0.0318 0.0243 0.0230 0.0360 0.0327 0.0322 0.0301 0.0269 0.0369 0.0251 0.0294 0.0319 0.0411 0.0322 0.0364 0.0234 0.0291 0.0224 0.0245 0.0254 0.0272 0.0242 0.0227 0.0273 0.0350 0.0221 0.0324 0.0272 0.0262 0.0235 0.0224 0.0229 0.0179 0.0314 0.0283 0.0238 0.0287 0.0185 0.0239 0.0280 0.0348 0.0239 0.0182 0.0224 0.0168 0.0182 0.0206 0.0209 0.0214 0.0308 0.0246 0.0363 0.0245 0.0195 0.0226 0.0167 0.0327 0.0203 0.0152 0.0145 0.0229 0.0133 0.0146 0.0179 0.0160
0.0085 0.0099 0.0000 0.0102 0.0096 0.0071 0.0043 0.0041 0.0084 0.0171 0.0181 0.0069 0.0042 0.0171 0.0146 0.0162 0.0175 0.0237 0.0191 0.0249 0.0170 0.0197 0.0169 0.0173 0.0157 0.0175 0.0159 0.0164 0.0169 0.0225 0.0132 0.0185 0.0159 0.0147 0.0140 0.0135 0.0121 0.0091 0.0177 0.0152 0.0133 0.0152 0.0113 0.0141 0.0171 0.0220 0.0163 0.0122 0.0151 0.0118 0.0127 0.0126 0.0133 0.0125 0.0176 0.0157 0.0224 0.0156 0.0131 0.0142 0.0133 0.0196 0.0142 0.0131 0.0113 0.0163 0.0163 0.0162 0.0188 0.0145
0.5389 0.7310 0.0000 0.8051 0.6535 0.6201 0.4422 0.3224 0.5584 0.7591 0.4096 0.4772 0.4433 0.5667 0.4453 0.4242 0.5435 0.5924 0.3866 0.4818 0.2239 0.2787 0.3127 0.7359 0.7184 0.3173 0.1995 0.6149 0.8113 1.0794 0.6074 0.9271 0.8180 0.8537 0.8014 0.8185 0.8010 0.5609 0.9569 0.8595 0.7652 0.9569 0.6081 0.7882 0.8886 1.0961 0.8278 0.5929 0.7543 0.5939 0.5635 0.5552 0.6477 0.5826 0.8521 0.7233 1.1867 0.8017 0.6914 0.7811 0.7856 1.1394 0.8390 0.7998 0.6899 0.8376 0.8658 0.7627 0.8694 0.7707
0.5629 0.8034 0.0000 0.8737 0.8923 0.6412 0.5243 0.4705 0.7503 0.8770 0.8542 0.8515 0.7554 0.8554 0.5813 0.6574 0.7082 0.9768 0.5510 0.8774 0.4680 0.4506 0.4358 0.6528 0.3271 0.4460 0.4378 0.4361 0.5041 0.5499 0.3736 0.4438 0.3191 0.3242 0.2237 0.2163 0.2824 0.4722 0.8675 0.3017 0.1861 0.7133 0.5422 0.7056 0.7798 1.0195 0.7936 0.6432 0.8041 0.6550 0.7493 0.6799 0.6956 0.6488 0.9190 0.8452 1.1909 0.8327 0.6700 0.7241 0.7415 1.0310 0.7735 0.7466 0.5650 0.6846 0.7857 0.6646 0.7844 0.6634
0.6271 0.8654 0.0000 1.0072 1.1127 0.7826 0.6754 0.6422 1.0038 0.9717 0.9471 0.8905 0.7527 0.9487 0.6532 0.7646 0.8636 1.1213 0.7962 0.9599 0.5970 0.7076 0.6195 0.8695 0.7798 0.8707 0.8325 0.7347 0.7166 0.9170 0.5347 0.8039 0.4965 0.6447 0.5103 0.3819 0.4296 0.4675 0.4148 0.4847 0.4669 0.5686 0.3978 0.4083 0.5573 0.5811 0.3664 0.2891 0.2656 0.2092 0.2894 0.6454 0.7111 0.2417 0.2522 0.7104 1.1131 0.7760 0.6195 0.7012 0.7400 1.1647 0.8585 0.8573 0.7691 1.1015 0.9756 0.8346 0.9036 0.8072
0.3176 0.4483 0.0000 0.4656 0.5236 0.3530 0.2987 0.2813 0.3944 0.3819 0.4286 0.3867 0.3386 0.4073 0.3218 0.3643 0.4242 0.5717 0.4436 0.5367 0.3547 0.4425 0.3824 0.4263 0.3810 0.4025 0.3453 0.3490 0.3665 0.4715 0.2883 0.4080 0.3172 0.3118 0.2879 0.2652 0.2700 0.3134 0.5355 0.3965 0.3739 0.4551 0.2402 0.2989 0.3341 0.4406 0.2402 0.2422 0.2559 0.1560 0.1855 0.2734 0.1418 0.1740 0.3366 0.3038 0.3930 0.2177 0.2120 0.1937 0.1656 0.2537 0.1374 0.1327 0.1464 0.4231 0.4776 0.1378 0.1171 0.3344
0.0716 0.1027 0.0000 0.1108 0.1285 0.0980 0.0815 0.0794 0.1319 0.1328 0.1514 0.1302 0.1046 0.1218 0.0913 0.0987 0.1052 0.1399 0.1060 0.1199 0.0772 0.0960 0.0739 0.0809 0.0836 0.0897 0.0801 0.0783 0.0945 0.1245 0.0785 0.1153 0.0989 0.0976 0.0999 0.0975 0.0974 0.0753 0.1266 0.1049 0.0885 0.1104 0.0712 0.0864 0.0998 0.1193 0.0906 0.0652 0.0769 0.0577 0.0623 0.0830 0.0850 0.0716 0.1128 0.0937 0.1197 0.0808 0.0645 0.0745 0.0551 0.1078 0.0670 0.0501 0.0476 0.0839 0.0439 0.0501 0.0719 0.0646
0.3639 0.4117 0.0000 0.4375 0.4108 0.3051 0.1865 0.1756 0.3589 0.9681 0.9263 0.2845 0.1776 0.8290 0.6075 0.7143 0.7608 1.0398 0.8379 1.0724 0.6783 0.8727 0.7966 0.8838 0.8740 1.0065 0.7982 0.7198 0.8278 1.0136 0.5805 0.8472 0.6984 0.6441 0.6154 0.5949 0.5327 0.3984 0.7750 0.6712 0.5916 0.7008 0.5240 0.6750 0.8157 1.0512 0.7965 0.6103 0.7972 0.6295 0.6706 0.6619 0.6689 0.5980 0.8429 0.7771 1.1108 0.7479 0.6086 0.6538 0.6342 0.9032 0.6281 0.5778 0.4972 0.8328 0.8293 0.6734 0.8557 0.7075
0.0355 0.0489 0.0000 0.0538 0.0437 0.0415 0.0291 0.0212 0.0373 0.0526 0.0269 0.0328 0.0340 0.0435 0.0303 0.0281 0.0370 0.0403 0.0263 0.0327 0.0152 0.0190 0.0213 0.0599 0.0557 0.0208 0.0132 0.0465 0.0536 0.0714 0.0402 0.0613 0.0541 0.0565 0.0530 0.0530 0.0533 0.0383 0.0713 0.0644 0.0626 0.0648 0.0445 0.0532 0.0588 0.0749 0.0547 0.0392 0.0499 0.0393 0.0372 0.0367 0.0428 0.0385 0.0567 0.0497 0.0824 0.0573 0.0494 0.0558 0.0573 0.0853 0.0657 0.0599 0.0540 0.0656 0.0652 0.0548 0.0623 0.0573
0.1307 0.1798 0.0000 0.1878 0.2000 0.1381 0.1083 0.0972 0.1550 0.1871 0.1822 0.1758 0.1570 0.1820 0.1201 0.1359 0.1464 0.2018 0.1139 0.1813 0.0967 0.0931 0.0900 0.1357 0.0676 0.0927 0.0931 0.0928 0.1041 0.1137 0.0772 0.0917 0.0659 0.0670 0.0462 0.0447 0.0584 0.1106 0.1851 0.0623 0.0384 0.1657 0.1217 0.1644 0.1774 0.2375 0.1849 0.1498 0.1805 0.1459 0.1545 0.1426 0.1459 0.1360 0.2084 0.2118 0.2914 0.1940 0.1561 0.1687 0.1727 0.2402 0.1802 0.1739 0.1316 0.1594 0.1831 0.1548 0.1828 0.1554
0.3569 0.5067 0.0000 0.5898 0.6549 0.4606 0.3591 0.3239 0.5357 0.5505 0.5575 0.5242 0.4423 0.5586 0.3846 0.4487 0.4931 0.6317 0.4524 0.5378 0.3345 0.3966 0.3471 0.4385 0.3933 0.4700 0.4199 0.3706 0.4015 0.5140 0.2997 0.4504 0.2781 0.3612 0.2859 0.2140 0.2408 0.2358 0.2324 0.2545 0.2355 0.2868 0.2129 0.2271 0.2958 0.3084 0.1956 0.1544 0.1418 0.1117 0.1545 0.3255 0.3587 0.1355 0.1402 0.4182 0.6282 0.4577 0.3524 0.4135 0.4364 0.6870 0.4878 0.4835 0.4083 0.4691 0.5153 0.4548 0.5459 0.5002
4.0495 5.3054 0.0000 5.5726 5.7599 3.7805 3.2968 3.0120 4.4555 4.0892 4.5902 4.1415 3.9498 4.9080 3.9181 4.5625 5.3134 7.1610 5.6069 6.6382 3.9360 4.6106 4.2440 4.8941 4.5388 5.0695 4.3405 4.2724 4.4855 5.9214 3.5214 4.9188 3.8562 3.6428 3.2710 3.0129 3.0688 2.5285 4.2678 4.0622 3.5610 3.8427 2.5572 3.2004 3.5779 4.7186 2.5716 2.5939 2.7340 1.6667 1.9867 2.5630 1.5152 1.7239 2.6826 2.4209 3.9724 2.2867 2.1249 1.9413 1.6699 2.5585 1.3857 1.3379 1.4759 4.2851 4.1973 1.4722 1.2300 4.0917
0.3488 0.5340 0.0000 0.5764 0.6683 0.4956 0.3970 0.3840 0.6006 0.5447 0.5470 0.5153 0.4588 0.6160 0.4619 0.5739 0.5593 0.7863 0.5529 0.6237 0.4027 0.4994 0.3879 0.4206 0.4347 0.4668 0.4319 0.4185 0.5092 0.6683 0.4212 0.6189 0.5018 0.4827 0.4249 0.3882 0.4155 0.3298 0.5791 0.5303 0.4559 0.5325 0.3492 0.4572 0.5231 0.6429 0.4410 0.3258 0.3902 0.2927 0.3159 0.3444 0.3486 0.3489 0.5133 0.4102 0.6225 0.4203 0.3353 0.3875 0.2864 0.5607 0.3484 0.2604 0.2475 0.3820 0.2285 0.2433 0.2977 0.2676
1.1145 1.3106 0.0000 1.3261 1.2557 0.9327 0.5699 0.5369 1.0971 2.3000 2.3416 0.9126 0.5656 2.4443 1.7243 2.2032 2.3338 3.2061 2.7644 3.1601 1.9255 2.4589 2.1129 2.1643 1.9621 2.1851 1.9848 2.1209 2.2697 3.0581 2.1335 2.8487 2.3940 2.1249 2.1100 1.9625 1.7579 1.3143 2.5574 2.2141 1.9586 2.3192 1.7341 2.1590 2.4676 3.0586 2.1881 1.6351 1.9164 1.4672 1.6179 1.6913 1.7806 1.6935 2.5331 2.1216 3.3493 2.3895 2.0085 2.1639 2.0128 2.8863 2.0613 1.8968 1.6318 2.0392 2.0308 1.9114 2.2690 1.8071
0.0390 0.0548 0.0000 0.0603 0.0490 0.0465 0.0320 0.0234 0.0419 0.0474 0.0296 0.0315 0.0286 0.0366 0.0318 0.0307 0.0384 0.0419 0.0276 0.0344 0.0160 0.0199 0.0223 0.0475 0.0463 0.0229 0.0145 0.0426 0.0494 0.0714 0.0409 0.0613 0.0578 0.0540 0.0488 0.0485 0.0485 0.0339 0.0597 0.0540 0.0478 0.0605 0.0430 0.0571 0.0666 0.0902 0.0608 0.0420 0.0555 0.0420 0.0414 0.0393 0.0458 0.0412 0.0646 0.0567 0.0939 0.0646 0.0527 0.0573 0.0555 0.0806 0.0557 0.0508 0.0459 0.0591 0.0612 0.0547 0.0661 0.0549
0.2526 0.3715 0.0000 0.3947 0.4033 0.2803 0.2233 0.2004 0.3195 0.3058 0.2978 0.2991 0.2634 0.2983 0.2328 0.2681 0.2888 0.3983 0.2247 0.3578 0.1874 0.1805 0.1777 0.2276 0.1310 0.1657 0.1526 0.1521 0.2018 0.2203 0.1492 0.1774 0.1278 0.1299 0.0896 0.0866 0.1131 0.1734 0.3025 0.1208 0.0745 0.2907 0.1974 0.2790 0.3068 0.4032 0.3493 0.2430 0.2928 0.2367 0.2506 0.2312 0.2367 0.2207 0.3301 0.3194 0.4622 0.3246 0.2946 0.3180 0.3591 0.4538 0.3662 0.3286 0.2523 0.3014 0.3459 0.2925 0.3617 0.3140
0.0918 0.1219 0.0000 0.1291 0.1374 0.0966 0.0754 0.0695 0.1124 0.1155 0.1170 0.1117 0.0999 0.1186 0.0902 0.1078 0.1224 0.1689 0.1200 0.1409 0.0853 0.1011 0.0886 0.0941 0.0844 0.1009 0.0901 0.0795 0.0948 0.1285 0.0749 0.1126 0.0696 0.0903 0.0675 0.0505 0.0602 0.0506 0.0549 0.0559 0.0505 0.0615 0.0505 0.0539 0.0697 0.0726 0.0465 0.0367 0.0337 0.0265 0.0367 0.0699 0.0770 0.0320 0.0333 0.0877 0.1347 0.1027 0.0818 0.0928 0.1090 0.1473 0.1046 0.1037 0.0875 0.0994 0.1000 0.0877 0.1059 0.1021
0.2408 0.3539 0.0000 0.3998 0.4682 0.3898 0.2671 0.2786 0.4208 0.3956 0.4440 0.4008 0.3440 0.3878 0.2796 0.3114 0.3429 0.4513 0.3369 0.3976 0.2404 0.2951 0.2591 0.2961 0.2762 0.3111 0.2782 0.2603 0.2984 0.4034 0.2478 0.3649 0.3092 0.3169 0.3072 0.2830 0.2883 0.1790 0.3022 0.2912 0.2553 0.2755 0.2250 0.3096 0.3461 0.4566 0.2489 0.2509 0.2496 0.1521 0.1922 0.1838 0.1383 0.1269 0.1918 0.1731 0.3648 0.2101 0.1840 0.1556 0.1534 0.2350 0.1273 0.1229 0.1356 0.2742 0.2972 0.1344 0.1130 0.2494
0.1000 0.1558 0.0000 0.1681 0.2169 0.1421 0.1138 0.1101 0.1722 0.1561 0.1537 0.1439 0.1288 0.1765 0.1235 0.1447 0.1774 0.2285 0.1925 0.2025 0.1545 0.1621 0.1359 0.1379 0.1411 0.1515 0.1514 0.1455 0.1593 0.1964 0.1171 0.1654 0.1340 0.1290 0.1135 0.1072 0.1110 0.0881 0.1547 0.1417 0.1262 0.1428 0.1017 0.1344 0.1583 0.2092 0.1533 0.1142 0.1368 0.1026 0.1107 0.0987 0.0999 0.1000 0.1471 0.1175 0.1908 0.1364 0.1088 0.1258 0.0929 0.1820 0.1068 0.0798 0.0804 0.1095 0.0700 0.0697 0.0853 0.0767
0.1500 0.1764 0.0000 0.1775 0.1690 0.1255 0.0767 0.0722 0.1476 0.2764 0.2930 0.1222 0.0761 0.2852 0.2246 0.2869 0.3040 0.4177 0.3745 0.4116 0.2507 0.3203 0.2752 0.2819 0.2556 0.2846 0.2584 0.2762 0.2857 0.3896 0.2494 0.3503 0.3122 0.3189 0.2751 0.3097 0.2638 0.1973 0.3837 0.3323 0.2896 0.3111 0.2154 0.2654 0.3034 0.3819 0.2755 0.2058 0.2459 0.1911 0.2069 0.2129 0.2242 0.2114 0.3115 0.2639 0.4118 0.2938 0.2470 0.2795 0.2763 0.4269 0.3094 0.2846 0.2449 0.2657 0.2646 0.2489 0.2956 0.2353
0.0769 0.1167 0.0000 0.1285 0.1043 0.0990 0.0655 0.0478 0.0892 0.0876 0.0607 0.0582 0.0529 0.0676 0.0656 0.0632 0.0748 0.0775 0.0568 0.0708 0.0329 0.0409 0.0459 0.0877 0.0856 0.0470 0.0298 0.0761 0.0813 0.1175 0.0684 0.1009 0.0991 0.0888 0.0804 0.0797 0.0797 0.0558 0.0952 0.0855 0.0762 0.0996 0.0667 0.0851 0.1036 0.1325 0.1018 0.0857 0.0996 0.0797 0.1048 0.0920 0.0989 0.0889 0.1301 0.1035 0.1543 0.1004 0.0819 0.0889 0.0862 0.1251 0.0864 0.0796 0.0713 0.0918 0.0951 0.0850 0.1026 0.0868
0.0705 0.1013 0.0000 0.1177 0.1315 0.0985 0.0862 0.0774 0.1234 0.0878 0.0855 0.0859 0.0756 0.0856 0.0747 0.1070 0.1138 0.1589 0.0856 0.1364 0.0648 0.0624 0.0678 0.0654 0.0453 0.0478 0.0438 0.0437 0.0692 0.0755 0.0483 0.0531 0.0438 0.0445 0.0307 0.0297 0.0388 0.0473 0.0868 0.0417 0.0256 0.0791 0.0540 0.0762 0.0850 0.1102 0.0954 0.0664 0.0800 0.0646 0.0685 0.0632 0.0646 0.0603 0.0901 0.0873 0.1229 0.0884 0.0775 0.0836 0.0892 0.1437 0.0939 0.0995 0.0929 0.1375 0.1203 0.1018 0.1102 0.0873
0.1520 0.2018 0.0000 0.2166 0.2327 0.1636 0.1300 0.1209 0.1933 0.1955 0.1980 0.1875 0.1655 0.1992 0.1514 0.1785 0.2026 0.2797 0.2172 0.2730 0.1818 0.2249 0.1969 0.1636 0.1468 0.1754 0.1567 0.1383 0.1840 0.3052 0.1735 0.2680 0.1558 0.2023 0.1425 0.1067 0.1348 0.0880 0.1159 0.0976 0.0878 0.1071 0.1052 0.1123 0.1378 0.1328 0.0967 0.0763 0.0701 0.0552 0.0764 0.1215 0.1339 0.0675 0.0694 0.1486 0.2802 0.2137 0.1701 0.1931 0.2269 0.3064 0.2176 0.2158 0.1821 0.2067 0.2081 0.1825 0.2203 0.2124
1.2551 1.8445 0.0000 2.0836 2.4403 1.9061 1.3922 1.4521 2.3160 2.2652 2.6148 2.2949 1.7484 1.9703 1.4574 1.6228 1.7872 2.3522 1.7559 2.0722 1.2528 1.5377 1.3504 1.5431 1.4395 1.6215 1.4501 1.3568 1.5550 2.1026 1.2917 1.9016 1.5708 1.6099 1.5546 1.4319 1.4585 0.9332 1.5751 1.5179 1.3306 1.4359 1.1728 1.7735 1.9826 2.6148 1.4250 1.4369 1.3505 0.8233 1.1009 0.9577 0.7487 0.6613 0.9998 0.9019 1.9597 1.1281 0.9879 0.8346 0.8238 1.2622 0.6836 0.6601 0.7281 1.4292 1.5491 0.7275 0.6068 1.2998
0.0183 0.0285 0.0000 0.0309 0.0398 0.0260 0.0208 0.0202 0.0316 0.0286 0.0282 0.0264 0.0236 0.0324 0.0219 0.0265 0.0313 0.0403 0.0328 0.0430 0.0239 0.0329 0.0288 0.0319 0.0329 0.0372 0.0273 0.0240 0.0271 0.0341 0.0203 0.0292 0.0238 0.0229 0.0206 0.0196 0.0201 0.0157 0.0276 0.0250 0.0219 0.0251 0.0177 0.0234 0.0276 0.0356 0.0259 0.0206 0.0265 0.0199 0.0215 0.0181 0.0183 0.0183 0.0270 0.0216 0.0390 0.0318 0.0254 0.0294 0.0217 0.0425 0.0236 0.0176 0.0188 0.0201 0.0155 0.0128 0.0157 0.0141
0.2998 0.3527 0.0000 0.3116 0.3378 0.2509 0.1533 0.1445 0.2951 0.4628 0.4907 0.2458 0.1522 0.4634 0.3736 0.4773 0.5058 0.6948 0.6231 0.6847 0.4172 0.5329 0.4578 0.4691 0.4274 0.4790 0.4327 0.4595 0.5179 0.6753 0.4212 0.6249 0.5440 0.5443 0.5148 0.4900 0.4991 0.3460 0.6385 0.5528 0.5791 0.6076 0.4089 0.4925 0.5631 0.6980 0.4991 0.3730 0.4373 0.3255 0.3692 0.3861 0.4065 0.3864 0.5779 0.4910 0.7748 0.5451 0.4582 0.5304 0.5396 0.8337 0.5887 0.5415 0.4659 0.4419 0.4401 0.4143 0.4918 0.3917
0.1068 0.1665 0.0000 0.1833 0.1447 0.1374 0.0909 0.0663 0.1237 0.1215 0.0842 0.0808 0.0733 0.0937 0.0910 0.0877 0.1038 0.1075 0.0788 0.0982 0.0456 0.0568 0.0637 0.1257 0.1188 0.0652 0.0413 0.1155 0.1245 0.1799 0.1031 0.1545 0.1517 0.1359 0.1229 0.1220 0.1219 0.0854 0.1527 0.1368 0.1213 0.1532 0.1090 0.1390 0.1662 0.2163 0.1651 0.1171 0.1614 0.1143 0.1234 0.1127 0.1247 0.1121 0.1927 0.1933 0.2504 0.1703 0.1373 0.1484 0.1451 0.2104 0.1478 0.1391 0.1258 0.1618 0.1675 0.1454 0.1776 0.1530
0.1050 0.1492 0.0000 0.1771 0.1960 0.1354 0.1062 0.0953 0.1520 0.1137 0.1107 0.1112 0.0980 0.1109 0.0866 0.1108 0.1179 0.1646 0.0903 0.1438 0.0724 0.0697 0.0714 0.0846 0.0506 0.0617 0.0568 0.0565 0.0785 0.0856 0.0556 0.0661 0.0497 0.0504 0.0348 0.0337 0.0439 0.0705 0.1125 0.0467 0.0290 0.1179 0.0801 0.1133 0.1246 0.1637 0.1378 0.0987 0.1189 0.0961 0.1017 0.0939 0.1008 0.0947 0.1408 0.1317 0.2077 0.1429 0.1219 0.1391 0.1385 0.1790 0.1449 0.1296 0.1083 0.1217 0.1365 0.1154 0.1554 0.1349
0.0706 0.0911 0.0000 0.0964 0.1027 0.0722 0.0563 0.0501 0.0840 0.0863 0.0874 0.0834 0.0747 0.0887 0.0674 0.0806 0.0915 0.1207 0.0857 0.1006 0.0609 0.0722 0.0632 0.0635 0.0570 0.0681 0.0609 0.0537 0.0640 0.0843 0.0491 0.0739 0.0456 0.0592 0.0456 0.0341 0.0395 0.0342 0.0370 0.0378 0.0341 0.0415 0.0339 0.0362 0.0470 0.0490 0.0312 0.0246 0.0226 0.0178 0.0246 0.0505 0.0520 0.0216 0.0224 0.0656 0.0944 0.0716 0.0562 0.0646 0.0730 0.1032 0.0733 0.0727 0.0613 0.0696 0.0756 0.0668 0.0801 0.0747
0.0328 0.0459 0.0000 0.0530 0.0548 0.0351 0.0314 0.0280 0.0424 0.0380 0.0426 0.0385 0.0376 0.0485 0.0372 0.0470 0.0505 0.0648 0.0474 0.0559 0.0322 0.0390 0.0359 0.0417 0.0389 0.0445 0.0410 0.0376 0.0436 0.0598 0.0356 0.0487 0.0386 0.0364 0.0323 0.0297 0.0303 0.0208 0.0351 0.0339 0.0297 0.0321 0.0233 0.0297 0.0332 0.0438 0.0239 0.0241 0.0249 0.0152 0.0184 0.0214 0.0138 0.0147 0.0223 0.0201 0.0362 0.0208 0.0193 0.0177 0.0152 0.0233 0.0126 0.0122 0.0135 0.0364 0.0346 0.0134 0.0112 0.0353
0.0402 0.0615 0.0000 0.0664 0.0788 0.0571 0.0457 0.0442 0.0692 0.0627 0.0667 0.0628 0.0559 0.0741 0.0563 0.0646 0.0684 0.0952 0.0684 0.0736 0.0500 0.0589 0.0490 0.0497 0.0513 0.0551 0.0545 0.0543 0.0643 0.0895 0.0566 0.0790 0.0632 0.0608 0.0519 0.0489 0.0524 0.0416 0.0730 0.0674 0.0608 0.0681 0.0466 0.0610 0.0696 0.0834 0.0584 0.0428 0.0505 0.0379 0.0409 0.0397 0.0401 0.0402 0.0591 0.0472 0.0721 0.0496 0.0395 0.0457 0.0338 0.0662 0.0404 0.0302 0.0292 0.0440 0.0265 0.0280 0.0343 0.0309
0.0038 0.0045 0.0000 0.0045 0.0042 0.0031 0.0019 0.0018 0.0037 0.0085 0.0079 0.0031 0.0019 0.0091 0.0061 0.0077 0.0080 0.0112 0.0091 0.0113 0.0069 0.0087 0.0075 0.0077 0.0075 0.0085 0.0076 0.0079 0.0092 0.0119 0.0065 0.0100 0.0078 0.0070 0.0069 0.0064 0.0061 0.0043 0.0084 0.0072 0.0069 0.0084 0.0061 0.0083 0.0100 0.0130 0.0091 0.0068 0.0078 0.0059 0.0068 0.0070 0.0074 0.0071 0.0103 0.0089 0.0130 0.0092 0.0074 0.0079 0.0074 0.0106 0.0074 0.0068 0.0058 0.0073 0.0072 0.0068 0.0081 0.0064
0.4564 0.6295 0.0000 0.6933 0.5629 0.5342 0.3745 0.2731 0.4809 0.5928 0.3469 0.3941 0.3577 0.4571 0.3726 0.3593 0.4500 0.4904 0.3227 0.4021 0.1869 0.2326 0.2610 0.6764 0.5795 0.2688 0.1690 0.6228 0.6252 0.8637 0.4859 0.7416 0.6543 0.6829 0.6176 0.6132 0.6127 0.4337 0.8076 0.7296 0.6466 0.8042 0.5722 0.6970 0.7355 0.9801 0.6801 0.4743 0.6219 0.4751 0.4756 0.4442 0.5182 0.4660 0.7424 0.6711 1.0792 0.7757 0.6690 0.7556 0.8196 1.1752 0.7812 0.7352 0.6649 0.8519 0.8821 0.7707 0.8769 0.7789
0.2158 0.3071 0.0000 0.3076 0.3303 0.2281 0.1789 0.1605 0.2560 0.2573 0.2506 0.2491 0.2193 0.2483 0.1765 0.1996 0.2150 0.2965 0.1673 0.2664 0.1421 0.1368 0.1323 0.1895 0.0993 0.1348 0.1272 0.1268 0.1530 0.1669 0.1134 0.1348 0.0969 0.0984 0.0679 0.0657 0.0857 0.1646 0.2545 0.0916 0.0565 0.2735 0.1607 0.2169 0.2340 0.3134 0.2440 0.1978 0.2382 0.1926 0.2039 0.1950 0.2176 0.2043 0.3039 0.2730 0.4382 0.2830 0.2131 0.2488 0.2341 0.3170 0.2451 0.2296 0.1832 0.2105 0.2416 0.2043 0.2627 0.2364
0.0617 0.0905 0.0000 0.1053 0.1241 0.0910 0.0669 0.0615 0.1030 0.1053 0.1046 0.0972 0.0821 0.1037 0.0713 0.0832 0.0915 0.1124 0.0839 0.0972 0.0580 0.0688 0.0602 0.0701 0.0629 0.0725 0.0648 0.0572 0.0620 0.0794 0.0463 0.0696 0.0430 0.0558 0.0442 0.0331 0.0372 0.0364 0.0359 0.0393 0.0373 0.0455 0.0329 0.0350 0.0457 0.0476 0.0302 0.0238 0.0219 0.0172 0.0238 0.0618 0.0574 0.0209 0.0216 0.0776 0.1020 0.0717 0.0553 0.0647 0.0684 0.1076 0.0792 0.0791 0.0695 0.0822 0.0942 0.0797 0.0956 0.0768
0.2287 0.3018 0.0000 0.3170 0.3276 0.2192 0.1875 0.1747 0.2534 0.2371 0.2661 0.2402 0.2247 0.2923 0.2229 0.2605 0.3030 0.4084 0.3307 0.4002 0.2847 0.3239 0.2980 0.3260 0.2919 0.3095 0.2660 0.2715 0.2850 0.3538 0.2131 0.2856 0.2450 0.2316 0.2050 0.1888 0.1923 0.1641 0.2770 0.2444 0.2243 0.2476 0.1483 0.1856 0.2075 0.2736 0.1491 0.1504 0.1586 0.0966 0.1152 0.1614 0.0879 0.1043 0.1741 0.1571 0.2358 0.1326 0.1272 0.1162 0.0994 0.1522 0.0824 0.0796 0.0878 0.3010 0.2724 0.0854 0.0713 0.2601
0.0084 0.0120 0.0000 0.0130 0.0151 0.0115 0.0096 0.0093 0.0155 0.0146 0.0164 0.0148 0.0124 0.0143 0.0109 0.0118 0.0124 0.0168 0.0125 0.0141 0.0091 0.0113 0.0087 0.0095 0.0098 0.0106 0.0096 0.0100 0.0113 0.0154 0.0097 0.0142 0.0127 0.0125 0.0124 0.0128 0.0125 0.0094 0.0157 0.0135 0.0113 0.0141 0.0091 0.0111 0.0128 0.0150 0.0114 0.0083 0.0098 0.0074 0.0080 0.0092 0.0093 0.0084 0.0133 0.0108 0.0141 0.0095 0.0076 0.0087 0.0065 0.0127 0.0079 0.0059 0.0056 0.0098 0.0052 0.0059 0.0079 0.0071
0.0417 0.0472 0.0000 0.0501 0.0471 0.0350 0.0214 0.0201 0.0411 0.1170 0.0991 0.0326 0.0204 0.1035 0.0674 0.0794 0.0826 0.1154 0.0930 0.1191 0.0753 0.0969 0.0865 0.0924 0.0954 0.1025 0.0926 0.0827 0.0971 0.1193 0.0656 0.0997 0.0784 0.0715 0.0694 0.0661 0.0614 0.0443 0.0861 0.0745 0.0697 0.0890 0.0617 0.0822 0.0993 0.1280 0.1002 0.0767 0.1012 0.0777 0.0895 0.0868 0.0877 0.0779 0.1103 0.1019 0.1456 0.0954 0.0786 0.0810 0.0831 0.1185 0.0823 0.0757 0.0652 0.0871 0.0867 0.0747 0.0929 0.0757
0.1977 0.2727 0.0000 0.3004 0.2438 0.2314 0.1622 0.1183 0.2083 0.2868 0.1502 0.1789 0.1788 0.2285 0.1652 0.1557 0.2016 0.2197 0.1434 0.1787 0.0831 0.1033 0.1160 0.3714 0.2925 0.1164 0.0732 0.3061 0.2818 0.3892 0.2191 0.3343 0.2949 0.3077 0.2783 0.2768 0.2870 0.2138 0.4208 0.3535 0.3133 0.3625 0.2598 0.3141 0.3315 0.4417 0.3066 0.2137 0.2803 0.2141 0.2144 0.2001 0.2335 0.2100 0.3348 0.3169 0.4865 0.3500 0.3016 0.3405 0.3595 0.5348 0.3939 0.3716 0.3352 0.4492 0.4427 0.3580 0.4090 0.3766
1.9460 2.6031 0.0000 2.6408 3.0235 2.0566 1.6129 1.4479 2.3079 2.3362 2.3039 2.0936 1.9161 2.2196 1.4833 1.6774 1.8071 2.4923 1.4059 2.2387 1.1941 1.1497 1.1122 1.6553 0.8345 1.1332 1.1694 1.1649 1.2861 1.4037 0.9533 1.1328 0.8144 0.8273 0.5710 0.5519 0.7204 1.6069 2.3399 0.7697 0.4749 2.4660 1.3975 1.8870 2.0362 2.7267 2.1230 1.7207 2.0724 1.6756 1.7741 1.7335 2.0467 1.7891 2.6613 2.3754 3.7462 2.4627 1.8544 2.1653 2.0371 2.7581 2.1321 1.9973 1.5952 1.8316 2.1019 1.7780 2.2868 2.1562
0.1302 0.1913 0.0000 0.2224 0.2566 0.1823 0.1483 0.1362 0.2282 0.2421 0.2481 0.2116 0.1792 0.2347 0.1616 0.1773 0.1973 0.2425 0.1929 0.2203 0.1314 0.1557 0.1363 0.1494 0.1357 0.1532 0.1368 0.1233 0.1308 0.1674 0.0976 0.1468 0.0906 0.1177 0.0932 0.0697 0.0784 0.0768 0.0757 0.0829 0.0805 0.0980 0.0694 0.0740 0.0964 0.1005 0.0637 0.0503 0.0462 0.0364 0.0503 0.1417 0.1238 0.0442 0.0457 0.1757 0.2232 0.1637 0.1256 0.1480 0.1562 0.2441 0.1733 0.1719 0.1451 0.1646 0.1862 0.1589 0.1907 0.1777
0.0191 0.0260 0.0000 0.0273 0.0283 0.0184 0.0162 0.0147 0.0218 0.0199 0.0223 0.0202 0.0194 0.0252 0.0192 0.0234 0.0272 0.0367 0.0287 0.0338 0.0201 0.0243 0.0224 0.0260 0.0243 0.0281 0.0239 0.0234 0.0246 0.0317 0.0189 0.0253 0.0211 0.0200 0.0177 0.0163 0.0166 0.0120 0.0204 0.0196 0.0172 0.0186 0.0125 0.0156 0.0174 0.0229 0.0125 0.0126 0.0133 0.0081 0.0097 0.0124 0.0074 0.0083 0.0129 0.0117 0.0193 0.0111 0.0103 0.0094 0.0081 0.0125 0.0068 0.0065 0.0072 0.0227 0.0201 0.0072 0.0060 0.0219
0.0788 0.1207 0.0000 0.1303 0.1542 0.1120 0.0897 0.0868 0.1357 0.1231 0.1364 0.1237 0.1101 0.1460 0.1109 0.1268 0.1337 0.1863 0.1338 0.1438 0.0977 0.1152 0.0958 0.0971 0.1003 0.1077 0.1066 0.1095 0.1258 0.1750 0.1103 0.1550 0.1293 0.1244 0.1099 0.1036 0.1108 0.0880 0.1544 0.1430 0.1296 0.1445 0.0988 0.1256 0.1432 0.1683 0.1234 0.0905 0.1068 0.0801 0.0864 0.0778 0.0788 0.0788 0.1160 0.0927 0.1410 0.0970 0.0773 0.0894 0.0661 0.1293 0.0789 0.0590 0.0571 0.0863 0.0518 0.0550 0.0673 0.0605
0.0074 0.0087 0.0000 0.0089 0.0084 0.0062 0.0038 0.0036 0.0073 0.0181 0.0156 0.0061 0.0038 0.0193 0.0119 0.0146 0.0152 0.0213 0.0171 0.0219 0.0134 0.0171 0.0147 0.0155 0.0159 0.0171 0.0155 0.0155 0.0179 0.0225 0.0124 0.0188 0.0148 0.0131 0.0131 0.0122 0.0118 0.0082 0.0158 0.0137 0.0134 0.0171 0.0117 0.0158 0.0190 0.0244 0.0185 0.0138 0.0169 0.0129 0.0147 0.0153 0.0162 0.0149 0.0212 0.0200 0.0279 0.0183 0.0151 0.0156 0.0160 0.0227 0.0158 0.0145 0.0125 0.0146 0.0145 0.0133 0.0158 0.0126
0.0215 0.0296 0.0000 0.0327 0.0265 0.0252 0.0177 0.0129 0.0227 0.0287 0.0163 0.0186 0.0177 0.0226 0.0175 0.0169 0.0213 0.0232 0.0152 0.0190 0.0088 0.0109 0.0123 0.0367 0.0289 0.0127 0.0080 0.0339 0.0293 0.0413 0.0237 0.0355 0.0335 0.0321 0.0290 0.0288 0.0288 0.0207 0.0402 0.0349 0.0309 0.0377 0.0269 0.0335 0.0386 0.0507 0.0357 0.0243 0.0326 0.0244 0.0253 0.0231 0.0266 0.0239 0.0395 0.0374 0.0566 0.0413 0.0341 0.0368 0.0372 0.0540 0.0389 0.0366 0.0331 0.0425 0.0441 0.0382 0.0464 0.0402
0.0216 0.0287 0.0000 0.0291 0.0328 0.0227 0.0178 0.0160 0.0255 0.0214 0.0209 0.0204 0.0180 0.0205 0.0155 0.0178 0.0192 0.0265 0.0149 0.0238 0.0125 0.0120 0.0118 0.0155 0.0087 0.0112 0.0106 0.0106 0.0134 0.0147 0.0100 0.0118 0.0085 0.0086 0.0060 0.0058 0.0075 0.0143 0.0212 0.0080 0.0050 0.0241 0.0135 0.0190 0.0209 0.0275 0.0229 0.0167 0.0201 0.0162 0.0172 0.0158 0.0178 0.0164 0.0245 0.0229 0.0361 0.0247 0.0205 0.0238 0.0225 0.0298 0.0235 0.0215 0.0176 0.0198 0.0227 0.0192 0.0252 0.0235
0.0483 0.0730 0.0000 0.0761 0.0833 0.0585 0.0446 0.0410 0.0687 0.0706 0.0715 0.0688 0.0623 0.0734 0.0558 0.0685 0.0743 0.0914 0.0674 0.0781 0.0466 0.0552 0.0483 0.0465 0.0417 0.0499 0.0445 0.0393 0.0466 0.0608 0.0354 0.0533 0.0329 0.0427 0.0332 0.0248 0.0284 0.0250 0.0270 0.0277 0.0250 0.0304 0.0247 0.0263 0.0343 0.0357 0.0227 0.0179 0.0164 0.0130 0.0179 0.0413 0.0380 0.0157 0.0163 0.0538 0.0711 0.0542 0.0425 0.0490 0.0553 0.0777 0.0552 0.0547 0.0462 0.0524 0.0570 0.0490 0.0588 0.0549
0.0211 0.0295 0.0000 0.0343 0.0363 0.0233 0.0208 0.0185 0.0281 0.0252 0.0282 0.0255 0.0249 0.0330 0.0247 0.0296 0.0323 0.0416 0.0316 0.0373 0.0219 0.0266 0.0245 0.0284 0.0265 0.0300 0.0276 0.0256 0.0297 0.0402 0.0251 0.0331 0.0267 0.0252 0.0224 0.0206 0.0210 0.0137 0.0232 0.0223 0.0196 0.0211 0.0155 0.0197 0.0220 0.0290 0.0158 0.0160 0.0165 0.0101 0.0122 0.0141 0.0092 0.0097 0.0147 0.0133 0.0240 0.0138 0.0128 0.0117 0.0101 0.0155 0.0084 0.0081 0.0089 0.0249 0.0228 0.0089 0.0074 0.0240
0.3264 0.5085 0.0000 0.5489 0.7081 0.4637 0.3714 0.3593 0.5620 0.5095 0.5212 0.4910 0.4371 0.5794 0.4402 0.5073 0.5846 0.7954 0.6284 0.6609 0.4591 0.5292 0.4500 0.4563 0.4606 0.4946 0.5011 0.5287 0.5647 0.7280 0.4290 0.6030 0.4926 0.4736 0.4133 0.3893 0.4168 0.3307 0.5806 0.5292 0.4773 0.5432 0.3869 0.5115 0.6025 0.8291 0.5574 0.4089 0.4823 0.3618 0.3904 0.3222 0.3262 0.3265 0.4803 0.3838 0.6228 0.4453 0.3553 0.4107 0.3035 0.5941 0.3485 0.2605 0.2623 0.3573 0.2286 0.2276 0.2785 0.2504
0.0385 0.0453 0.0000 0.0456 0.0434 0.0322 0.0197 0.0185 0.0379 0.0796 0.0753 0.0314 0.0195 0.0845 0.0523 0.0669 0.0708 0.0973 0.0873 0.0959 0.0585 0.0746 0.0641 0.0657 0.0685 0.0723 0.0653 0.0653 0.0756 0.0978 0.0610 0.0905 0.0783 0.0732 0.0739 0.0658 0.0670 0.0465 0.0858 0.0743 0.0760 0.0971 0.0588 0.0756 0.0854 0.1054 0.0783 0.0585 0.0713 0.0547 0.0621 0.0659 0.0694 0.0630 0.0948 0.0826 0.1303 0.0875 0.0736 0.0837 0.0947 0.1292 0.0898 0.0827 0.0711 0.0619 0.0617 0.0580 0.0689 0.0548
3.2587 5.0824 0.0000 5.5975 4.4192 4.1940 2.7746 2.0229 3.7766 3.8668 2.5697 2.5705 2.3328 2.9827 2.7781 2.6790 3.1678 3.4204 2.4061 2.9985 1.3938 1.7337 1.9459 4.8920 3.7803 1.9909 1.2597 4.4115 4.1449 5.9923 3.4363 5.1470 5.0530 4.5274 4.0957 4.0650 4.0619 2.8453 5.2630 4.5684 4.0490 5.0764 3.5193 4.4794 5.3574 6.9721 5.3568 4.1634 5.2426 4.0651 4.3860 4.0058 4.4336 3.9865 6.8471 5.9760 8.1256 5.5629 4.4857 4.8468 4.8832 7.0778 5.0910 4.7908 4.3342 5.5733 5.7725 5.0032 6.0737 5.2719
0.2226 0.3055 0.0000 0.3487 0.4155 0.3204 0.2462 0.2210 0.3522 0.2329 0.2269 0.2279 0.2006 0.2272 0.1894 0.2422 0.2578 0.3597 0.1974 0.3144 0.1582 0.1524 0.1561 0.1734 0.1106 0.1263 0.1163 0.1158 0.1715 0.1872 0.1198 0.1352 0.1085 0.1103 0.0761 0.0736 0.0961 0.1494 0.2304 0.1020 0.0633 0.2500 0.1471 0.2080 0.2319 0.3005 0.2603 0.1811 0.2182 0.1764 0.1868 0.1724 0.1834 0.1654 0.2460 0.2380 0.3558 0.2448 0.2113 0.2382 0.2482 0.4037 0.2780 0.2713 0.2499 0.2807 0.2987 0.2526 0.3260 0.2791
0.0247 0.0340 0.0000 0.0354 0.0391 0.0275 0.0223 0.0205 0.0344 0.0353 0.0357 0.0331 0.0298 0.0367 0.0279 0.0314 0.0357 0.0484 0.0401 0.0508 0.0346 0.0402 0.0351 0.0245 0.0219 0.0262 0.0235 0.0207 0.0276 0.0408 0.0235 0.0357 0.0211 0.0274 0.0203 0.0152 0.0182 0.0131 0.0166 0.0146 0.0131 0.0160 0.0152 0.0162 0.0200 0.0193 0.0140 0.0111 0.0102 0.0080 0.0111 0.0208 0.0201 0.0096 0.0101 0.0269 0.0357 0.0272 0.0217 0.0246 0.0289 0.0390 0.0277 0.0275 0.0232 0.0263 0.0276 0.0234 0.0281 0.0271
0.0764 0.1074 0.0000 0.1249 0.1428 0.1126 0.0875 0.0833 0.1422 0.1332 0.1328 0.1198 0.1147 0.1396 0.0929 0.1049 0.1142 0.1473 0.1132 0.1335 0.0824 0.0999 0.0920 0.1068 0.0996 0.1096 0.1002 0.0963 0.1116 0.1422 0.0873 0.1292 0.1171 0.1211 0.1198 0.1218 0.1209 0.0535 0.0904 0.0871 0.0763 0.0824 0.0673 0.1029 0.1146 0.1510 0.0758 0.0764 0.0746 0.0455 0.0585 0.0549 0.0414 0.0379 0.0574 0.0518 0.1091 0.0628 0.0550 0.0465 0.0459 0.0703 0.0381 0.0368 0.0405 0.0937 0.0889 0.0402 0.0338 0.0903
0.0761 0.1185 0.0000 0.1279 0.1650 0.1081 0.0865 0.0837 0.1310 0.1187 0.1216 0.1099 0.0979 0.1343 0.0966 0.1114 0.1299 0.1747 0.1389 0.1838 0.1086 0.1366 0.1280 0.1355 0.1244 0.1335 0.1296 0.1230 0.1248 0.1594 0.0940 0.1321 0.1112 0.1069 0.0980 0.0923 0.0988 0.0784 0.1377 0.1222 0.1095 0.1288 0.0917 0.1142 0.1345 0.1745 0.1396 0.1120 0.1477 0.1192 0.1345 0.0751 0.0760 0.0761 0.1119 0.0894 0.1619 0.1336 0.1062 0.1226 0.0834 0.1633 0.0940 0.0703 0.0721 0.0832 0.0617 0.0532 0.0649 0.0584
1.7052 2.0058 0.0000 1.7750 1.9212 1.4270 0.8719 0.8215 1.6785 3.0986 2.8758 1.3877 0.8653 3.2865 2.6988 2.9846 3.3966 4.3446 3.4618 4.4307 2.8024 3.6055 3.2909 4.0786 3.3523 3.6864 3.0034 2.9736 3.1148 4.0786 2.3981 3.3716 2.8844 2.6610 2.5422 2.4577 2.2006 1.6460 3.2017 2.7718 2.4164 2.7691 2.0498 2.5661 3.1012 3.9980 2.9969 2.2963 3.0004 2.3684 2.5232 2.5026 2.5243 2.2609 3.1940 2.9239 4.1794 2.8372 2.3741 2.5827 2.4024 3.5610 2.5814 2.3746 2.0429 4.7581 4.4883 2.9917 3.8304 3.8715
0.0902 0.1159 0.0000 0.1276 0.1036 0.0983 0.0738 0.0538 0.0885 0.1544 0.0683 0.0939 0.1034 0.1322 0.0782 0.0720 0.1042 0.1142 0.0679 0.0846 0.0393 0.0489 0.0549 0.1315 0.1337 0.0530 0.0338 0.1003 0.1266 0.1618 0.0976 0.1390 0.1226 0.1280 0.1202 0.1202 0.1275 0.1094 0.1692 0.1482 0.1185 0.1435 0.0923 0.1182 0.1332 0.1643 0.1241 0.0889 0.1131 0.0890 0.0845 0.0832 0.0971 0.0874 0.1278 0.1084 0.1779 0.1202 0.1037 0.1171 0.1190 0.1770 0.1363 0.1320 0.1121 0.1385 0.1374 0.1143 0.1303 0.1189
0.0688 0.0954 0.0000 0.1037 0.1059 0.0761 0.0622 0.0559 0.0891 0.1569 0.1680 0.1052 0.1005 0.1469 0.0718 0.0780 0.0841 0.1159 0.0654 0.1042 0.0576 0.0555 0.0518 0.1002 0.0402 0.0696 0.0818 0.0815 0.0670 0.0689 0.0547 0.0654 0.0425 0.0432 0.0299 0.0289 0.0377 0.0635 0.1215 0.0371 0.0233 0.0872 0.0973 0.1065 0.1199 0.1539 0.1066 0.0883 0.1144 0.0874 0.0925 0.0860 0.0874 0.0815 0.1218 0.1136 0.1601 0.1119 0.0900 0.0973 0.0996 0.1386 0.1040 0.1004 0.0760 0.0920 0.1057 0.0893 0.1054 0.0892
0.0312 0.0430 0.0000 0.0501 0.0553 0.0389 0.0321 0.0298 0.0476 0.0465 0.0470 0.0443 0.0374 0.0471 0.0325 0.0380 0.0429 0.0557 0.0395 0.0477 0.0296 0.0351 0.0308 0.0434 0.0377 0.0596 0.0449 0.0376 0.0409 0.0456 0.0266 0.0399 0.0247 0.0321 0.0291 0.0218 0.0217 0.0252 0.0237 0.0265 0.0241 0.0293 0.0219 0.0231 0.0307 0.0321 0.0202 0.0159 0.0147 0.0115 0.0160 0.0300 0.0330 0.0138 0.0143 0.0353 0.0718 0.0474 0.0403 0.0428 0.0413 0.0650 0.0495 0.0478 0.0429 0.0493 0.0490 0.0430 0.0491 0.0450
0.2164 0.3093 0.0000 0.3213 0.3613 0.2436 0.2061 0.1941 0.2721 0.2634 0.2957 0.2669 0.2336 0.2810 0.2220 0.2513 0.2927 0.3944 0.3028 0.3573 0.2346 0.2946 0.2529 0.2766 0.2482 0.2777 0.2382 0.2340 0.2457 0.3254 0.1989 0.2815 0.2188 0.2151 0.1986 0.1830 0.1864 0.1937 0.3183 0.3161 0.3227 0.3087 0.1930 0.2062 0.2305 0.3040 0.1657 0.1671 0.2057 0.1254 0.1326 0.2180 0.1140 0.1397 0.2173 0.1961 0.3159 0.1750 0.1704 0.1556 0.1330 0.2039 0.1105 0.1066 0.1176 0.2738 0.2968 0.1108 0.0941 0.2242
0.2449 0.3304 0.0000 0.3565 0.3987 0.3043 0.2529 0.2465 0.4096 0.4239 0.3801 0.3553 0.2968 0.3780 0.2565 0.3006 0.3265 0.4209 0.3290 0.3723 0.2396 0.2979 0.2294 0.2510 0.2594 0.2785 0.2474 0.2319 0.2794 0.3579 0.2256 0.3315 0.2786 0.2680 0.2673 0.2609 0.2605 0.1948 0.3282 0.2900 0.2441 0.2953 0.1905 0.2448 0.2870 0.3563 0.2445 0.1866 0.2294 0.1722 0.1857 0.3229 0.3236 0.2449 0.3928 0.4322 0.4110 0.2509 0.2001 0.2313 0.1709 0.3346 0.2293 0.1714 0.1477 0.3373 0.1504 0.1966 0.2940 0.2643
0.0316 0.0350 0.0000 0.0417 0.0357 0.0266 0.0162 0.0153 0.0312 0.0615 0.0663 0.0240 0.0151 0.0546 0.0495 0.0650 0.0769 0.0946 0.0679 0.0790 0.0490 0.0615 0.0529 0.0544 0.0491 0.0546 0.0496 0.0531 0.0549 0.0748 0.0470 0.0661 0.0566 0.0582 0.0499 0.0514 0.0482 0.0360 0.0701 0.0607 0.0505 0.0543 0.0402 0.0500 0.0572 0.0733 0.0529 0.0395 0.0472 0.0367 0.0397 0.0409 0.0431 0.0406 0.0587 0.0507 0.0776 0.0554 0.0466 0.0507 0.0482 0.0745 0.0565 0.0520 0.0447 0.0548 0.0528 0.0548 0.0665 0.0500
0.4980 0.4809 0.0000 0.5296 0.4416 0.4079 0.3518 0.2517 0.3933 0.4779 0.3196 0.3337 0.2878 0.3532 0.3825 0.3689 0.4362 0.4571 0.3313 0.4129 0.1919 0.2387 0.2679 0.3800 0.3709 0.2477 0.1734 0.3295 0.3956 0.5719 0.3327 0.4913 0.4823 0.4321 0.3908 0.3880 0.3877 0.2716 0.4633 0.4161 0.3708 0.4844 0.3078 0.4104 0.5037 0.6206 0.4881 0.4051 0.4449 0.3879 0.4432 0.4472 0.4864 0.4373 0.5723 0.4552 0.6800 0.4520 0.3687 0.4067 0.3977 0.5770 0.4065 0.3873 0.3342 0.4231 0.4383 0.3888 0.4621 0.3901
0.1049 0.1529 0.0000 0.1738 0.1940 0.1453 0.1271 0.1205 0.1921 0.1433 0.1395 0.1401 0.1234 0.1397 0.1218 0.2055 0.2027 0.2874 0.1500 0.2388 0.1134 0.1092 0.1186 0.1066 0.0792 0.0779 0.0715 0.0712 0.1211 0.1322 0.0846 0.0929 0.0767 0.0779 0.0537 0.0520 0.0678 0.0771 0.1417 0.0731 0.0447 0.1218 0.0882 0.1247 0.1427 0.1801 0.1560 0.1086 0.1308 0.1058 0.1120 0.1033 0.1057 0.0986 0.1475 0.1427 0.2010 0.1446 0.1267 0.1367 0.1458 0.2349 0.1521 0.1626 0.1464 0.1794 0.1968 0.1664 0.1736 0.1376
