0.0146 0.0171 0.0000 0.0185 0.0191 0.0149 0.0128 0.0117 0.0183 0.0167 0.0163 0.0153 0.0137 0.0181 0.0123 0.0144 0.0156 0.0201 0.0157 0.0178 0.0115 0.0143 0.0110 0.0120 0.0124 0.0133 0.0118 0.0111 0.0134 0.0171 0.0108 0.0158 0.0133 0.0128 0.0119 0.0114 0.0116 0.0087 0.0154 0.0139 0.0117 0.0140 0.0090 0.0117 0.0137 0.0170 0.0117 0.0089 0.0110 0.0082 0.0089 0.0113 0.0111 0.0142 0.0182 0.0138 0.0204 0.0120 0.0096 0.0111 0.0082 0.0160 0.0114 0.0085 0.0072 0.0135 0.0075 0.0082 0.0101 0.0091
0.1231 0.1430 0.0000 0.1480 0.1390 0.1032 0.0631 0.0594 0.1214 0.2241 0.2375 0.0995 0.0617 0.2161 0.2063 0.2873 0.2792 0.4031 0.2753 0.3367 0.2052 0.2621 0.2251 0.2306 0.2091 0.2329 0.2114 0.2260 0.2338 0.3187 0.1908 0.2678 0.2294 0.2116 0.2022 0.1954 0.1750 0.1309 0.2547 0.2205 0.1922 0.2203 0.1630 0.2029 0.2424 0.3124 0.2254 0.1684 0.2013 0.1564 0.1693 0.1742 0.1834 0.1730 0.2496 0.2159 0.3148 0.2246 0.1888 0.2054 0.1911 0.2833 0.2053 0.1889 0.1625 0.2198 0.2164 0.2288 0.2646 0.1996
0.0000 0.0000 0.0000 0.0000 0.0000 0.0000 0.0000 0.0000 0.0000 0.0000 0.0000 0.0000 0.0000 0.0000 0.0000 0.0000 0.0000 0.0000 0.0000 0.0000 0.0000 0.0000 0.0000 0.0000 0.0000 0.0000 0.0000 0.0000 0.0000 0.0000 0.0000 0.0000 0.0000 0.0000 0.0000 0.0000 0.0000 0.0000 0.0000 0.0000 0.0000 0.0000 0.0000 0.0000 0.0000 0.0000 0.0000 0.0000 0.0000 0.0000 0.0000 0.0000 0.0000 0.0000 0.0000 0.0000 0.0000 0.0000 0.0000 0.0000 0.0000 0.0000 0.0000 0.0000 0.0000 0.0000 0.0000 0.0000 0.0000 0.0000
0.3440 0.5014 0.0000 0.5479 0.5598 0.4021 0.3336 0.2993 0.4773 0.5459 0.5149 0.5652 0.5129 0.5486 0.4804 0.4182 0.4623 0.6212 0.3863 0.5727 0.3854 0.3712 0.3185 0.4736 0.2694 0.3591 0.3171 0.3023 0.4258 0.4545 0.3182 0.3781 0.2702 0.2746 0.1894 0.1831 0.2391 0.2720 0.4997 0.2485 0.1538 0.4193 0.3773 0.5601 0.5860 0.8633 0.5340 0.4135 0.4981 0.4027 0.4264 0.3934 0.4025 0.3756 0.5616 0.5434 0.7655 0.5506 0.4508 0.4866 0.4989 0.6937 0.5205 0.5024 0.3802 0.4607 0.5287 0.4472 0.5278 0.4464
0.9517 1.3061 0.0000 1.5019 1.6130 1.1345 0.9016 0.8383 1.3405 1.3557 1.3730 1.2998 1.1224 1.3758 0.9662 1.1547 1.3107 1.7017 1.2083 1.4568 0.9060 1.0741 0.9402 1.1476 1.0177 1.3663 1.1890 0.9941 1.2829 1.3916 0.8114 1.2200 0.7680 0.9783 0.9136 0.6839 0.6827 0.6742 0.7426 0.7756 0.6720 0.7832 0.6801 0.7258 0.9430 0.9831 0.6251 0.4932 0.4533 0.3569 0.4936 0.8423 0.9281 0.4327 0.4481 1.0302 1.7869 1.3630 1.0695 1.2315 1.5158 1.9542 1.3875 1.3757 1.1614 1.3185 1.3272 1.1642 1.4046 1.3544
0.0602 0.0885 0.0000 0.1000 0.1171 0.0790 0.0668 0.0629 0.0882 0.0854 0.0959 0.0865 0.0757 0.0911 0.0699 0.0779 0.0858 0.1129 0.0843 0.0994 0.0601 0.0738 0.0648 0.0741 0.0691 0.0778 0.0696 0.0651 0.0746 0.1009 0.0620 0.0913 0.0710 0.0697 0.0644 0.0593 0.0604 0.0448 0.0756 0.0729 0.0639 0.0689 0.0504 0.0668 0.0747 0.0986 0.0537 0.0542 0.0539 0.0328 0.0415 0.0460 0.0299 0.0316 0.0480 0.0433 0.0788 0.0454 0.0418 0.0382 0.0331 0.0508 0.0275 0.0265 0.0293 0.0686 0.0744 0.0290 0.0244 0.0624
0.0127 0.0185 0.0000 0.0200 0.0232 0.0189 0.0144 0.0137 0.0214 0.0194 0.0191 0.0179 0.0160 0.0220 0.0149 0.0175 0.0190 0.0244 0.0191 0.0216 0.0139 0.0173 0.0133 0.0146 0.0151 0.0162 0.0144 0.0135 0.0162 0.0208 0.0131 0.0192 0.0162 0.0156 0.0140 0.0133 0.0136 0.0106 0.0187 0.0168 0.0142 0.0170 0.0110 0.0142 0.0167 0.0207 0.0142 0.0108 0.0133 0.0100 0.0108 0.0123 0.0124 0.0127 0.0183 0.0146 0.0216 0.0146 0.0116 0.0134 0.0099 0.0194 0.0121 0.0090 0.0086 0.0136 0.0079 0.0087 0.0106 0.0095
0.0050 0.0059 0.0000 0.0061 0.0057 0.0042 0.0026 0.0024 0.0050 0.0102 0.0108 0.0041 0.0025 0.0102 0.0087 0.0097 0.0104 0.0141 0.0113 0.0148 0.0101 0.0117 0.0101 0.0103 0.0093 0.0104 0.0094 0.0097 0.0101 0.0134 0.0078 0.0110 0.0094 0.0087 0.0083 0.0080 0.0072 0.0054 0.0105 0.0091 0.0079 0.0091 0.0067 0.0084 0.0102 0.0131 0.0097 0.0073 0.0090 0.0070 0.0076 0.0075 0.0079 0.0074 0.0105 0.0093 0.0133 0.0093 0.0078 0.0085 0.0079 0.0116 0.0084 0.0078 0.0067 0.0097 0.0097 0.0096 0.0112 0.0086
0.3204 0.4345 0.0000 0.4786 0.3884 0.3686 0.2628 0.1916 0.3319 0.4512 0.2434 0.2836 0.2635 0.3368 0.2647 0.2522 0.3231 0.3521 0.2298 0.2864 0.1331 0.1656 0.1858 0.4374 0.4270 0.1886 0.1186 0.3655 0.4822 0.6416 0.3610 0.5511 0.4862 0.5074 0.4763 0.4865 0.4761 0.3334 0.5688 0.5109 0.4549 0.5688 0.3615 0.4685 0.5282 0.6515 0.4921 0.3524 0.4484 0.3530 0.3349 0.3300 0.3850 0.3463 0.5065 0.4299 0.7054 0.4766 0.4110 0.4643 0.4670 0.6773 0.4987 0.4754 0.4101 0.4979 0.5146 0.4534 0.5168 0.4581
0.3346 0.4776 0.0000 0.5193 0.5304 0.3811 0.3117 0.2797 0.4460 0.5213 0.5078 0.5061 0.4490 0.5084 0.3455 0.3908 0.4210 0.5806 0.3275 0.5216 0.2782 0.2679 0.2590 0.3880 0.1944 0.2651 0.2602 0.2592 0.2996 0.3269 0.2221 0.2638 0.1896 0.1927 0.1330 0.1286 0.1679 0.2807 0.5157 0.1793 0.1106 0.4240 0.3223 0.4194 0.4635 0.6060 0.4717 0.3823 0.4780 0.3893 0.4454 0.4041 0.4135 0.3857 0.5463 0.5024 0.7079 0.4950 0.3982 0.4304 0.4407 0.6128 0.4598 0.4438 0.3358 0.4069 0.4670 0.3950 0.4662 0.3943
0.3728 0.5144 0.0000 0.5987 0.6614 0.4652 0.4015 0.3817 0.5967 0.5776 0.5630 0.5293 0.4474 0.5639 0.3883 0.4545 0.5133 0.6665 0.4733 0.5706 0.3549 0.4206 0.3682 0.5168 0.4635 0.5176 0.4948 0.4367 0.4260 0.5451 0.3178 0.4778 0.2951 0.3832 0.3034 0.2270 0.2554 0.2779 0.2466 0.2881 0.2775 0.3380 0.2365 0.2427 0.3313 0.3454 0.2178 0.1719 0.1579 0.1243 0.1720 0.3837 0.4227 0.1437 0.1499 0.4223 0.6617 0.4613 0.3682 0.4168 0.4399 0.6923 0.5103 0.5096 0.4571 0.6547 0.5799 0.4961 0.5371 0.4798
0.1888 0.2665 0.0000 0.2767 0.3112 0.2099 0.1776 0.1672 0.2344 0.2270 0.2548 0.2299 0.2013 0.2421 0.1913 0.2165 0.2521 0.3398 0.2637 0.3190 0.2108 0.2630 0.2273 0.2534 0.2265 0.2392 0.2052 0.2075 0.2178 0.2803 0.1714 0.2425 0.1885 0.1853 0.1712 0.1576 0.1605 0.1863 0.3183 0.2357 0.2222 0.2705 0.1428 0.1777 0.1986 0.2619 0.1428 0.1440 0.1521 0.0927 0.1103 0.1625 0.0843 0.1034 0.2001 0.1806 0.2336 0.1294 0.1260 0.1151 0.0984 0.1508 0.0817 0.0789 0.0870 0.2515 0.2839 0.0819 0.0696 0.1988
0.0426 0.0610 0.0000 0.0659 0.0764 0.0583 0.0484 0.0472 0.0784 0.0790 0.0900 0.0774 0.0622 0.0724 0.0543 0.0587 0.0625 0.0831 0.0630 0.0713 0.0459 0.0571 0.0439 0.0481 0.0497 0.0533 0.0476 0.0465 0.0562 0.0740 0.0466 0.0685 0.0588 0.0580 0.0594 0.0580 0.0579 0.0447 0.0752 0.0624 0.0526 0.0656 0.0423 0.0514 0.0593 0.0709 0.0538 0.0388 0.0457 0.0343 0.0370 0.0493 0.0505 0.0426 0.0670 0.0557 0.0711 0.0480 0.0383 0.0443 0.0327 0.0641 0.0398 0.0298 0.0283 0.0499 0.0261 0.0298 0.0427 0.0384
0.2163 0.2447 0.0000 0.2601 0.2442 0.1814 0.1108 0.1044 0.2133 0.5754 0.5506 0.1691 0.1056 0.4928 0.3611 0.4246 0.4522 0.6180 0.4981 0.6375 0.4032 0.5187 0.4735 0.5253 0.5195 0.5983 0.4745 0.4278 0.4921 0.6025 0.3450 0.5036 0.4151 0.3829 0.3658 0.3536 0.3166 0.2368 0.4607 0.3989 0.3516 0.4165 0.3114 0.4012 0.4848 0.6249 0.4734 0.3628 0.4739 0.3742 0.3986 0.3934 0.3976 0.3554 0.5010 0.4619 0.6603 0.4446 0.3618 0.3886 0.3770 0.5369 0.3733 0.3434 0.2955 0.4950 0.4929 0.4002 0.5087 0.4205
0.0211 0.0290 0.0000 0.0320 0.0260 0.0247 0.0173 0.0126 0.0222 0.0313 0.0160 0.0195 0.0202 0.0258 0.0180 0.0167 0.0220 0.0239 0.0156 0.0195 0.0091 0.0113 0.0126 0.0356 0.0331 0.0124 0.0078 0.0276 0.0319 0.0424 0.0239 0.0364 0.0321 0.0336 0.0315 0.0315 0.0317 0.0228 0.0424 0.0383 0.0372 0.0385 0.0264 0.0316 0.0349 0.0445 0.0325 0.0233 0.0296 0.0234 0.0221 0.0218 0.0255 0.0229 0.0337 0.0295 0.0490 0.0341 0.0294 0.0332 0.0341 0.0507 0.0390 0.0356 0.0321 0.0390 0.0388 0.0326 0.0371 0.0340
0.0777 0.1069 0.0000 0.1116 0.1189 0.0821 0.0644 0.0578 0.0922 0.1112 0.1083 0.1045 0.0933 0.1082 0.0714 0.0808 0.0870 0.1200 0.0677 0.1078 0.0575 0.0554 0.0535 0.0807 0.0402 0.0551 0.0554 0.0551 0.0619 0.0676 0.0459 0.0545 0.0392 0.0398 0.0275 0.0266 0.0347 0.0658 0.1100 0.0371 0.0229 0.0985 0.0724 0.0977 0.1054 0.1412 0.1099 0.0890 0.1073 0.0867 0.0918 0.0848 0.0867 0.0809 0.1239 0.1259 0.1732 0.1153 0.0928 0.1003 0.1027 0.1428 0.1071 0.1034 0.0782 0.0948 0.1088 0.0920 0.1086 0.0923
0.2121 0.3012 0.0000 0.3506 0.3893 0.2738 0.2135 0.1925 0.3184 0.3272 0.3314 0.3116 0.2629 0.3320 0.2286 0.2667 0.2931 0.3755 0.2689 0.3197 0.1988 0.2357 0.2063 0.2607 0.2338 0.2793 0.2496 0.2203 0.2387 0.3055 0.1781 0.2677 0.1653 0.2147 0.1700 0.1272 0.1431 0.1401 0.1381 0.1513 0.1400 0.1705 0.1265 0.1350 0.1758 0.1833 0.1163 0.0918 0.0843 0.0664 0.0918 0.1935 0.2132 0.0805 0.0833 0.2486 0.3734 0.2721 0.2095 0.2458 0.2594 0.4083 0.2899 0.2874 0.2427 0.2788 0.3063 0.2703 0.3245 0.2973
2.4070 3.1535 0.0000 3.3124 3.4237 2.2472 1.9596 1.7903 2.6484 2.4306 2.7285 2.4617 2.3478 2.9173 2.3290 2.7120 3.1583 4.2565 3.3327 3.9458 2.3396 2.7405 2.5226 2.9091 2.6979 3.0133 2.5800 2.5395 2.6662 3.5197 2.0931 2.9238 2.2921 2.1653 1.9443 1.7909 1.8241 1.5029 2.5368 2.4146 2.1167 2.2841 1.5200 1.9023 2.1267 2.8048 1.5286 1.5418 1.6251 0.9907 1.1809 1.5235 0.9006 1.0247 1.5946 1.4390 2.3612 1.3593 1.2631 1.1539 0.9926 1.5208 0.8237 0.7953 0.8773 2.5471 2.4949 0.8751 0.7311 2.4322
0.2073 0.3174 0.0000 0.3426 0.3973 0.2946 0.2360 0.2282 0.3570 0.3237 0.3251 0.3063 0.2727 0.3662 0.2746 0.3412 0.3324 0.4674 0.3286 0.3707 0.2393 0.2968 0.2306 0.2500 0.2584 0.2775 0.2567 0.2487 0.3027 0.3973 0.2504 0.3679 0.2982 0.2869 0.2526 0.2307 0.2470 0.1961 0.3442 0.3152 0.2710 0.3165 0.2076 0.2718 0.3109 0.3822 0.2622 0.1936 0.2319 0.1740 0.1878 0.2047 0.2072 0.2074 0.3051 0.2439 0.3700 0.2498 0.1993 0.2303 0.1702 0.3333 0.2071 0.1548 0.1471 0.2271 0.1358 0.1446 0.1769 0.1591
0.6625 0.7790 0.0000 0.7883 0.7464 0.5544 0.3387 0.3191 0.6521 1.3672 1.3919 0.5424 0.3362 1.4529 1.0250 1.3096 1.3872 1.9057 1.6431 1.8784 1.1445 1.4616 1.2559 1.2865 1.1663 1.2988 1.1798 1.2606 1.3491 1.8178 1.2682 1.6933 1.4230 1.2630 1.2542 1.1665 1.0449 0.7813 1.5202 1.3161 1.1642 1.3786 1.0308 1.2833 1.4667 1.8181 1.3006 0.9719 1.1391 0.8721 0.9617 1.0053 1.0584 1.0066 1.5057 1.2611 1.9908 1.4203 1.1939 1.2862 1.1964 1.7156 1.2252 1.1275 0.9700 1.2121 1.2071 1.1362 1.3487 1.0742
0.0232 0.0326 0.0000 0.0359 0.0291 0.0276 0.0190 0.0139 0.0249 0.0282 0.0176 0.0187 0.0170 0.0217 0.0189 0.0182 0.0229 0.0249 0.0164 0.0204 0.0095 0.0118 0.0133 0.0282 0.0275 0.0136 0.0086 0.0253 0.0294 0.0424 0.0243 0.0364 0.0344 0.0321 0.0290 0.0288 0.0288 0.0202 0.0355 0.0321 0.0284 0.0360 0.0256 0.0340 0.0396 0.0536 0.0361 0.0249 0.0330 0.0250 0.0246 0.0234 0.0272 0.0245 0.0384 0.0337 0.0558 0.0384 0.0313 0.0340 0.0330 0.0479 0.0331 0.0302 0.0273 0.0351 0.0364 0.0325 0.0393 0.0327
0.1501 0.2208 0.0000 0.2346 0.2397 0.1666 0.1327 0.1191 0.1899 0.1818 0.1770 0.1778 0.1565 0.1773 0.1384 0.1594 0.1717 0.2368 0.1335 0.2127 0.1114 0.1073 0.1056 0.1353 0.0778 0.0985 0.0907 0.0904 0.1200 0.1309 0.0887 0.1054 0.0760 0.0772 0.0532 0.0515 0.0672 0.1031 0.1798 0.0718 0.0443 0.1728 0.1173 0.1659 0.1824 0.2397 0.2076 0.1445 0.1740 0.1407 0.1490 0.1374 0.1407 0.1312 0.1962 0.1899 0.2747 0.1929 0.1751 0.1890 0.2134 0.2698 0.2177 0.1953 0.1499 0.1792 0.2056 0.1739 0.2150 0.1867
0.0546 0.0725 0.0000 0.0767 0.0817 0.0574 0.0448 0.0413 0.0668 0.0687 0.0695 0.0664 0.0594 0.0705 0.0536 0.0641 0.0727 0.1004 0.0713 0.0837 0.0507 0.0601 0.0527 0.0560 0.0502 0.0600 0.0536 0.0473 0.0564 0.0764 0.0445 0.0669 0.0413 0.0537 0.0401 0.0300 0.0358 0.0301 0.0326 0.0333 0.0300 0.0366 0.0300 0.0320 0.0414 0.0432 0.0276 0.0218 0.0200 0.0158 0.0218 0.0415 0.0458 0.0190 0.0198 0.0522 0.0800 0.0611 0.0486 0.0552 0.0648 0.0876 0.0621 0.0616 0.0520 0.0591 0.0595 0.0522 0.0629 0.0607
0.1431 0.2104 0.0000 0.2376 0.2783 0.2317 0.1588 0.1656 0.2501 0.2351 0.2639 0.2382 0.2045 0.2305 0.1662 0.1851 0.2038 0.2683 0.2003 0.2363 0.1429 0.1754 0.1540 0.1760 0.1642 0.1849 0.1654 0.1547 0.1773 0.2398 0.1473 0.2169 0.1838 0.1884 0.1826 0.1682 0.1713 0.1064 0.1797 0.1731 0.1518 0.1637 0.1338 0.1840 0.2057 0.2714 0.1479 0.1491 0.1484 0.0904 0.1142 0.1092 0.0822 0.0754 0.1140 0.1029 0.2169 0.1249 0.1093 0.0925 0.0912 0.1397 0.0757 0.0731 0.0806 0.1630 0.1767 0.0799 0.0672 0.1482
0.0594 0.0926 0.0000 0.0999 0.1289 0.0844 0.0676 0.0654 0.1023 0.0928 0.0914 0.0855 0.0765 0.1049 0.0734 0.0860 0.1055 0.1358 0.1144 0.1203 0.0918 0.0964 0.0808 0.0819 0.0839 0.0901 0.0900 0.0865 0.0947 0.1167 0.0696 0.0983 0.0797 0.0767 0.0675 0.0637 0.0660 0.0524 0.0919 0.0842 0.0750 0.0849 0.0604 0.0799 0.0941 0.1243 0.0911 0.0679 0.0813 0.0610 0.0658 0.0587 0.0594 0.0594 0.0874 0.0699 0.1134 0.0811 0.0647 0.0748 0.0552 0.1082 0.0635 0.0475 0.0478 0.0651 0.0416 0.0414 0.0507 0.0456
0.0891 0.1049 0.0000 0.1055 0.1004 0.0746 0.0456 0.0429 0.0877 0.1643 0.1742 0.0726 0.0452 0.1695 0.1335 0.1706 0.1807 0.2483 0.2226 0.2446 0.1490 0.1904 0.1636 0.1675 0.1519 0.1692 0.1536 0.1642 0.1698 0.2316 0.1483 0.2082 0.1856 0.1896 0.1635 0.1841 0.1568 0.1173 0.2281 0.1975 0.1721 0.1849 0.1281 0.1577 0.1803 0.2270 0.1637 0.1223 0.1462 0.1136 0.1230 0.1266 0.1333 0.1257 0.1851 0.1569 0.2448 0.1746 0.1468 0.1661 0.1642 0.2538 0.1839 0.1692 0.1456 0.1579 0.1573 0.1480 0.1757 0.1399
0.0457 0.0694 0.0000 0.0764 0.0620 0.0588 0.0390 0.0284 0.0530 0.0521 0.0361 0.0346 0.0314 0.0402 0.0390 0.0376 0.0445 0.0460 0.0338 0.0421 0.0196 0.0243 0.0273 0.0522 0.0509 0.0279 0.0177 0.0452 0.0484 0.0699 0.0406 0.0600 0.0589 0.0528 0.0478 0.0474 0.0474 0.0332 0.0566 0.0508 0.0453 0.0592 0.0397 0.0506 0.0616 0.0787 0.0605 0.0510 0.0592 0.0474 0.0623 0.0547 0.0588 0.0529 0.0773 0.0615 0.0917 0.0597 0.0487 0.0528 0.0512 0.0744 0.0514 0.0473 0.0424 0.0546 0.0565 0.0505 0.0610 0.0516
0.0419 0.0602 0.0000 0.0700 0.0782 0.0586 0.0512 0.0460 0.0733 0.0522 0.0508 0.0511 0.0450 0.0509 0.0444 0.0636 0.0677 0.0945 0.0509 0.0811 0.0385 0.0371 0.0403 0.0389 0.0269 0.0284 0.0261 0.0260 0.0411 0.0449 0.0287 0.0316 0.0260 0.0265 0.0182 0.0177 0.0230 0.0281 0.0516 0.0248 0.0152 0.0470 0.0321 0.0453 0.0505 0.0655 0.0567 0.0395 0.0475 0.0384 0.0407 0.0375 0.0384 0.0358 0.0536 0.0519 0.0730 0.0526 0.0460 0.0497 0.0530 0.0854 0.0558 0.0591 0.0552 0.0817 0.0715 0.0605 0.0655 0.0519
0.0903 0.1200 0.0000 0.1287 0.1383 0.0973 0.0773 0.0719 0.1149 0.1162 0.1177 0.1114 0.0984 0.1184 0.0900 0.1061 0.1204 0.1663 0.1291 0.1623 0.1080 0.1337 0.1170 0.0973 0.0873 0.1042 0.0932 0.0822 0.1093 0.1814 0.1031 0.1593 0.0926 0.1202 0.0847 0.0634 0.0801 0.0523 0.0689 0.0580 0.0522 0.0636 0.0626 0.0668 0.0819 0.0790 0.0575 0.0454 0.0417 0.0328 0.0454 0.0722 0.0796 0.0401 0.0412 0.0883 0.1665 0.1270 0.1011 0.1148 0.1348 0.1821 0.1293 0.1282 0.1083 0.1229 0.1237 0.1085 0.1309 0.1263
0.7460 1.0964 0.0000 1.2385 1.4505 1.1330 0.8276 0.8631 1.3766 1.3464 1.5542 1.3641 1.0393 1.1712 0.8663 0.9646 1.0623 1.3982 1.0437 1.2317 0.7447 0.9140 0.8027 0.9173 0.8557 0.9638 0.8619 0.8065 0.9243 1.2498 0.7678 1.1303 0.9337 0.9569 0.9240 0.8511 0.8669 0.5547 0.9363 0.9022 0.7909 0.8535 0.6971 1.0542 1.1785 1.5542 0.8470 0.8541 0.8028 0.4894 0.6544 0.5693 0.4450 0.3931 0.5943 0.5361 1.1649 0.6706 0.5872 0.4961 0.4897 0.7503 0.4063 0.3923 0.4328 0.8495 0.9208 0.4324 0.3607 0.7726
0.0109 0.0170 0.0000 0.0183 0.0237 0.0155 0.0124 0.0120 0.0188 0.0170 0.0168 0.0157 0.0140 0.0192 0.0130 0.0157 0.0186 0.0240 0.0195 0.0256 0.0142 0.0196 0.0171 0.0190 0.0196 0.0221 0.0163 0.0143 0.0161 0.0203 0.0121 0.0173 0.0142 0.0136 0.0122 0.0117 0.0119 0.0093 0.0164 0.0149 0.0130 0.0149 0.0105 0.0139 0.0164 0.0211 0.0154 0.0123 0.0158 0.0118 0.0128 0.0108 0.0109 0.0109 0.0160 0.0128 0.0232 0.0189 0.0151 0.0175 0.0129 0.0253 0.0140 0.0105 0.0111 0.0119 0.0092 0.0076 0.0093 0.0084
0.1782 0.2096 0.0000 0.1852 0.2008 0.1491 0.0911 0.0859 0.1754 0.2751 0.2916 0.1461 0.0904 0.2755 0.2221 0.2837 0.3006 0.4130 0.3704 0.4070 0.2480 0.3168 0.2721 0.2788 0.2541 0.2847 0.2572 0.2731 0.3079 0.4014 0.2504 0.3714 0.3234 0.3235 0.3060 0.2912 0.2967 0.2057 0.3795 0.3286 0.3442 0.3611 0.2431 0.2928 0.3347 0.4149 0.2967 0.2217 0.2600 0.1935 0.2195 0.2295 0.2416 0.2297 0.3435 0.2918 0.4606 0.3240 0.2723 0.3152 0.3207 0.4956 0.3499 0.3219 0.2769 0.2627 0.2616 0.2463 0.2923 0.2328
0.0635 0.0989 0.0000 0.1090 0.0860 0.0817 0.0540 0.0394 0.0735 0.0722 0.0500 0.0480 0.0436 0.0557 0.0541 0.0522 0.0617 0.0639 0.0468 0.0584 0.0271 0.0338 0.0379 0.0747 0.0706 0.0388 0.0245 0.0687 0.0740 0.1069 0.0613 0.0918 0.0902 0.0808 0.0731 0.0725 0.0725 0.0508 0.0908 0.0813 0.0721 0.0911 0.0648 0.0826 0.0988 0.1286 0.0981 0.0696 0.0959 0.0680 0.0734 0.0670 0.0741 0.0667 0.1145 0.1149 0.1489 0.1013 0.0816 0.0882 0.0862 0.1250 0.0878 0.0827 0.0748 0.0961 0.0996 0.0864 0.1055 0.0909
0.0624 0.0887 0.0000 0.1053 0.1165 0.0805 0.0631 0.0566 0.0903 0.0676 0.0658 0.0661 0.0582 0.0659 0.0515 0.0659 0.0701 0.0978 0.0537 0.0855 0.0430 0.0414 0.0425 0.0503 0.0301 0.0366 0.0338 0.0336 0.0466 0.0509 0.0330 0.0393 0.0295 0.0300 0.0207 0.0200 0.0261 0.0419 0.0668 0.0277 0.0172 0.0701 0.0476 0.0673 0.0740 0.0973 0.0819 0.0587 0.0707 0.0571 0.0605 0.0558 0.0599 0.0563 0.0837 0.0783 0.1235 0.0849 0.0725 0.0827 0.0823 0.1064 0.0861 0.0771 0.0644 0.0724 0.0811 0.0686 0.0923 0.0802
0.0419 0.0541 0.0000 0.0573 0.0611 0.0429 0.0335 0.0298 0.0499 0.0513 0.0520 0.0496 0.0444 0.0527 0.0401 0.0479 0.0544 0.0717 0.0509 0.0598 0.0362 0.0429 0.0376 0.0378 0.0339 0.0405 0.0362 0.0319 0.0380 0.0501 0.0292 0.0439 0.0271 0.0352 0.0271 0.0203 0.0235 0.0203 0.0220 0.0224 0.0203 0.0247 0.0202 0.0215 0.0280 0.0291 0.0185 0.0146 0.0135 0.0106 0.0146 0.0300 0.0309 0.0128 0.0133 0.0390 0.0561 0.0425 0.0334 0.0384 0.0434 0.0613 0.0436 0.0432 0.0365 0.0414 0.0450 0.0397 0.0476 0.0444
0.0195 0.0273 0.0000 0.0315 0.0326 0.0209 0.0187 0.0166 0.0252 0.0226 0.0253 0.0229 0.0223 0.0288 0.0221 0.0279 0.0300 0.0385 0.0282 0.0332 0.0191 0.0232 0.0214 0.0248 0.0231 0.0265 0.0243 0.0224 0.0259 0.0355 0.0212 0.0289 0.0229 0.0216 0.0192 0.0177 0.0180 0.0124 0.0209 0.0201 0.0177 0.0191 0.0139 0.0177 0.0197 0.0261 0.0142 0.0143 0.0148 0.0090 0.0110 0.0127 0.0082 0.0087 0.0133 0.0120 0.0215 0.0124 0.0115 0.0105 0.0091 0.0139 0.0075 0.0073 0.0080 0.0216 0.0205 0.0080 0.0067 0.0210
0.0239 0.0366 0.0000 0.0395 0.0469 0.0339 0.0272 0.0263 0.0411 0.0373 0.0396 0.0373 0.0332 0.0441 0.0335 0.0384 0.0406 0.0566 0.0407 0.0437 0.0297 0.0350 0.0291 0.0295 0.0305 0.0327 0.0324 0.0323 0.0382 0.0532 0.0337 0.0470 0.0376 0.0361 0.0309 0.0291 0.0311 0.0247 0.0434 0.0401 0.0361 0.0405 0.0277 0.0362 0.0414 0.0496 0.0347 0.0255 0.0300 0.0225 0.0243 0.0236 0.0238 0.0239 0.0351 0.0281 0.0429 0.0295 0.0235 0.0272 0.0201 0.0393 0.0240 0.0179 0.0173 0.0262 0.0157 0.0167 0.0204 0.0183
0.0022 0.0026 0.0000 0.0027 0.0025 0.0019 0.0012 0.0011 0.0022 0.0050 0.0047 0.0018 0.0012 0.0054 0.0036 0.0046 0.0047 0.0067 0.0054 0.0067 0.0041 0.0052 0.0045 0.0046 0.0045 0.0050 0.0045 0.0047 0.0054 0.0071 0.0039 0.0059 0.0046 0.0041 0.0041 0.0038 0.0036 0.0026 0.0050 0.0043 0.0041 0.0050 0.0036 0.0049 0.0059 0.0077 0.0054 0.0040 0.0046 0.0035 0.0040 0.0042 0.0044 0.0042 0.0061 0.0053 0.0077 0.0054 0.0044 0.0047 0.0044 0.0063 0.0044 0.0040 0.0035 0.0043 0.0043 0.0040 0.0048 0.0038
0.2713 0.3742 0.0000 0.4121 0.3346 0.3175 0.2226 0.1623 0.2858 0.3524 0.2062 0.2342 0.2126 0.2717 0.2215 0.2136 0.2675 0.2915 0.1918 0.2390 0.1111 0.1382 0.1551 0.4021 0.3445 0.1598 0.1004 0.3702 0.3716 0.5134 0.2888 0.4408 0.3889 0.4059 0.3671 0.3645 0.3642 0.2578 0.4800 0.4337 0.3844 0.4780 0.3401 0.4143 0.4372 0.5826 0.4042 0.2819 0.3697 0.2824 0.2827 0.2640 0.3080 0.2770 0.4413 0.3989 0.6415 0.4611 0.3976 0.4492 0.4871 0.6986 0.4644 0.4370 0.3952 0.5064 0.5243 0.4581 0.5212 0.4630
0.1283 0.1825 0.0000 0.1829 0.1963 0.1356 0.1063 0.0954 0.1522 0.1529 0.1490 0.1480 0.1304 0.1476 0.1049 0.1186 0.1278 0.1762 0.0994 0.1583 0.0844 0.0813 0.0786 0.1126 0.0590 0.0801 0.0756 0.0753 0.0909 0.0992 0.0674 0.0801 0.0576 0.0585 0.0404 0.0390 0.0509 0.0979 0.1513 0.0544 0.0336 0.1626 0.0955 0.1289 0.1391 0.1863 0.1451 0.1176 0.1416 0.1145 0.1212 0.1159 0.1294 0.1215 0.1806 0.1623 0.2605 0.1682 0.1267 0.1479 0.1392 0.1884 0.1457 0.1365 0.1089 0.1251 0.1436 0.1214 0.1561 0.1405
0.0367 0.0538 0.0000 0.0626 0.0738 0.0541 0.0398 0.0366 0.0612 0.0626 0.0621 0.0578 0.0488 0.0616 0.0424 0.0495 0.0544 0.0668 0.0499 0.0578 0.0345 0.0409 0.0358 0.0417 0.0374 0.0431 0.0385 0.0340 0.0369 0.0472 0.0275 0.0413 0.0255 0.0332 0.0262 0.0196 0.0221 0.0216 0.0213 0.0234 0.0222 0.0270 0.0196 0.0208 0.0272 0.0283 0.0180 0.0142 0.0130 0.0102 0.0142 0.0367 0.0341 0.0124 0.0129 0.0461 0.0607 0.0426 0.0328 0.0385 0.0406 0.0640 0.0471 0.0470 0.0413 0.0489 0.0560 0.0474 0.0569 0.0457
0.1359 0.1794 0.0000 0.1884 0.1948 0.1303 0.1114 0.1038 0.1506 0.1410 0.1582 0.1428 0.1336 0.1737 0.1325 0.1548 0.1801 0.2428 0.1966 0.2379 0.1692 0.1925 0.1772 0.1938 0.1735 0.1840 0.1581 0.1614 0.1694 0.2103 0.1267 0.1698 0.1457 0.1377 0.1219 0.1122 0.1143 0.0975 0.1646 0.1452 0.1333 0.1472 0.0882 0.1103 0.1233 0.1626 0.0886 0.0894 0.0942 0.0574 0.0685 0.0960 0.0522 0.0620 0.1035 0.0934 0.1401 0.0788 0.0756 0.0691 0.0591 0.0904 0.0490 0.0473 0.0522 0.1789 0.1619 0.0508 0.0424 0.1546
0.0050 0.0072 0.0000 0.0078 0.0090 0.0068 0.0057 0.0055 0.0092 0.0087 0.0098 0.0088 0.0073 0.0085 0.0065 0.0070 0.0073 0.0100 0.0074 0.0084 0.0054 0.0067 0.0052 0.0057 0.0059 0.0063 0.0057 0.0059 0.0067 0.0092 0.0058 0.0085 0.0075 0.0074 0.0073 0.0076 0.0074 0.0056 0.0093 0.0080 0.0067 0.0084 0.0054 0.0066 0.0076 0.0089 0.0068 0.0050 0.0059 0.0044 0.0047 0.0055 0.0055 0.0050 0.0079 0.0064 0.0084 0.0056 0.0045 0.0052 0.0039 0.0075 0.0047 0.0035 0.0033 0.0059 0.0031 0.0035 0.0047 0.0042
0.0248 0.0281 0.0000 0.0298 0.0280 0.0208 0.0127 0.0120 0.0244 0.0695 0.0589 0.0194 0.0121 0.0615 0.0400 0.0472 0.0491 0.0686 0.0553 0.0708 0.0447 0.0576 0.0514 0.0549 0.0567 0.0609 0.0550 0.0491 0.0577 0.0709 0.0390 0.0593 0.0466 0.0425 0.0412 0.0393 0.0365 0.0263 0.0512 0.0443 0.0414 0.0529 0.0366 0.0489 0.0590 0.0761 0.0595 0.0456 0.0602 0.0462 0.0532 0.0516 0.0521 0.0463 0.0655 0.0606 0.0866 0.0567 0.0467 0.0481 0.0494 0.0704 0.0489 0.0450 0.0388 0.0517 0.0515 0.0444 0.0552 0.0450
0.1175 0.1621 0.0000 0.1786 0.1449 0.1375 0.0964 0.0703 0.1238 0.1705 0.0893 0.1063 0.1063 0.1358 0.0982 0.0925 0.1198 0.1306 0.0852 0.1062 0.0494 0.0614 0.0689 0.2208 0.1739 0.0692 0.0435 0.1819 0.1675 0.2314 0.1302 0.1987 0.1753 0.1829 0.1654 0.1646 0.1706 0.1271 0.2501 0.2101 0.1862 0.2155 0.1544 0.1867 0.1970 0.2625 0.1822 0.1270 0.1666 0.1273 0.1275 0.1190 0.1388 0.1249 0.1990 0.1884 0.2892 0.2080 0.1792 0.2024 0.2137 0.3179 0.2341 0.2209 0.1993 0.2670 0.2632 0.2128 0.2431 0.2239
1.1567 1.5473 0.0000 1.5697 1.7972 1.2225 0.9587 0.8606 1.3718 1.3887 1.3695 1.2445 1.1389 1.3194 0.8817 0.9971 1.0741 1.4814 0.8357 1.3307 0.7098 0.6834 0.6611 0.9839 0.4960 0.6736 0.6951 0.6924 0.7645 0.8344 0.5666 0.6734 0.4841 0.4918 0.3394 0.3281 0.4282 0.9551 1.3908 0.4575 0.2823 1.4658 0.8307 1.1216 1.2103 1.6208 1.2619 1.0228 1.2318 0.9960 1.0546 1.0304 1.2166 1.0635 1.5819 1.4119 2.2268 1.4639 1.1023 1.2871 1.2109 1.6394 1.2673 1.1872 0.9482 1.0887 1.2494 1.0569 1.3593 1.2817
0.0774 0.1137 0.0000 0.1322 0.1525 0.1084 0.0882 0.0810 0.1356 0.1439 0.1475 0.1258 0.1065 0.1395 0.0961 0.1054 0.1173 0.1442 0.1147 0.1309 0.0781 0.0926 0.0810 0.0888 0.0807 0.0910 0.0813 0.0733 0.0778 0.0995 0.0580 0.0872 0.0539 0.0700 0.0554 0.0414 0.0466 0.0457 0.0450 0.0493 0.0478 0.0583 0.0412 0.0440 0.0573 0.0597 0.0379 0.0299 0.0275 0.0216 0.0299 0.0843 0.0736 0.0262 0.0272 0.1045 0.1327 0.0973 0.0746 0.0880 0.0928 0.1451 0.1030 0.1022 0.0862 0.0979 0.1107 0.0944 0.1133 0.1056
0.0114 0.0155 0.0000 0.0163 0.0168 0.0109 0.0096 0.0087 0.0130 0.0118 0.0133 0.0120 0.0115 0.0150 0.0114 0.0139 0.0162 0.0218 0.0171 0.0201 0.0119 0.0144 0.0133 0.0154 0.0144 0.0167 0.0142 0.0139 0.0146 0.0189 0.0112 0.0150 0.0125 0.0119 0.0105 0.0097 0.0099 0.0072 0.0121 0.0117 0.0102 0.0111 0.0074 0.0092 0.0103 0.0136 0.0074 0.0075 0.0079 0.0048 0.0058 0.0073 0.0044 0.0050 0.0077 0.0069 0.0115 0.0066 0.0061 0.0056 0.0048 0.0074 0.0040 0.0039 0.0043 0.0135 0.0119 0.0043 0.0035 0.0130
0.0469 0.0717 0.0000 0.0774 0.0916 0.0666 0.0533 0.0516 0.0807 0.0732 0.0811 0.0735 0.0654 0.0868 0.0659 0.0754 0.0795 0.1107 0.0795 0.0855 0.0581 0.0685 0.0569 0.0577 0.0596 0.0640 0.0634 0.0651 0.0748 0.1040 0.0655 0.0922 0.0769 0.0739 0.0653 0.0616 0.0659 0.0523 0.0918 0.0850 0.0770 0.0859 0.0588 0.0746 0.0851 0.1000 0.0733 0.0538 0.0635 0.0476 0.0514 0.0463 0.0468 0.0469 0.0689 0.0551 0.0838 0.0576 0.0460 0.0531 0.0393 0.0769 0.0469 0.0351 0.0339 0.0513 0.0308 0.0327 0.0400 0.0360
0.0044 0.0052 0.0000 0.0053 0.0050 0.0037 0.0023 0.0021 0.0044 0.0108 0.0093 0.0036 0.0022 0.0115 0.0071 0.0087 0.0090 0.0126 0.0102 0.0130 0.0079 0.0102 0.0087 0.0092 0.0095 0.0102 0.0092 0.0092 0.0106 0.0134 0.0074 0.0112 0.0088 0.0078 0.0078 0.0072 0.0070 0.0049 0.0094 0.0082 0.0079 0.0102 0.0069 0.0094 0.0113 0.0145 0.0110 0.0082 0.0100 0.0077 0.0087 0.0091 0.0096 0.0089 0.0126 0.0119 0.0166 0.0109 0.0090 0.0092 0.0095 0.0135 0.0094 0.0086 0.0074 0.0087 0.0086 0.0079 0.0094 0.0075
0.0128 0.0176 0.0000 0.0194 0.0158 0.0150 0.0105 0.0077 0.0135 0.0171 0.0097 0.0111 0.0105 0.0134 0.0104 0.0101 0.0126 0.0138 0.0090 0.0113 0.0052 0.0065 0.0073 0.0218 0.0172 0.0075 0.0047 0.0202 0.0174 0.0246 0.0141 0.0211 0.0199 0.0191 0.0172 0.0171 0.0171 0.0123 0.0239 0.0207 0.0184 0.0224 0.0160 0.0199 0.0229 0.0301 0.0212 0.0144 0.0194 0.0145 0.0150 0.0137 0.0158 0.0142 0.0235 0.0222 0.0337 0.0245 0.0203 0.0219 0.0221 0.0321 0.0231 0.0217 0.0196 0.0253 0.0262 0.0227 0.0276 0.0239
0.0129 0.0171 0.0000 0.0173 0.0195 0.0135 0.0106 0.0095 0.0151 0.0127 0.0124 0.0121 0.0107 0.0122 0.0092 0.0106 0.0114 0.0158 0.0089 0.0141 0.0074 0.0071 0.0070 0.0092 0.0052 0.0066 0.0063 0.0063 0.0080 0.0087 0.0059 0.0070 0.0050 0.0051 0.0035 0.0034 0.0045 0.0085 0.0126 0.0048 0.0030 0.0143 0.0080 0.0113 0.0124 0.0163 0.0136 0.0099 0.0119 0.0097 0.0102 0.0094 0.0106 0.0098 0.0145 0.0136 0.0215 0.0147 0.0122 0.0141 0.0134 0.0177 0.0140 0.0128 0.0105 0.0118 0.0135 0.0114 0.0150 0.0140
0.0287 0.0434 0.0000 0.0452 0.0495 0.0348 0.0265 0.0243 0.0408 0.0419 0.0425 0.0409 0.0371 0.0437 0.0332 0.0407 0.0442 0.0543 0.0401 0.0464 0.0277 0.0328 0.0287 0.0276 0.0248 0.0296 0.0265 0.0234 0.0277 0.0361 0.0210 0.0317 0.0196 0.0254 0.0197 0.0148 0.0169 0.0149 0.0160 0.0164 0.0149 0.0181 0.0147 0.0157 0.0204 0.0212 0.0135 0.0106 0.0098 0.0077 0.0106 0.0246 0.0226 0.0093 0.0097 0.0320 0.0423 0.0322 0.0253 0.0291 0.0329 0.0462 0.0328 0.0325 0.0275 0.0312 0.0339 0.0291 0.0350 0.0326
0.0125 0.0175 0.0000 0.0204 0.0216 0.0138 0.0124 0.0110 0.0167 0.0150 0.0168 0.0152 0.0148 0.0196 0.0147 0.0176 0.0192 0.0247 0.0188 0.0222 0.0130 0.0158 0.0145 0.0169 0.0158 0.0178 0.0164 0.0152 0.0177 0.0239 0.0149 0.0196 0.0159 0.0150 0.0133 0.0122 0.0125 0.0082 0.0138 0.0133 0.0116 0.0125 0.0092 0.0117 0.0131 0.0172 0.0094 0.0095 0.0098 0.0060 0.0073 0.0084 0.0054 0.0058 0.0087 0.0079 0.0143 0.0082 0.0076 0.0070 0.0060 0.0092 0.0050 0.0048 0.0053 0.0148 0.0135 0.0053 0.0044 0.0143
0.1940 0.3023 0.0000 0.3263 0.4209 0.2756 0.2208 0.2136 0.3341 0.3028 0.3098 0.2919 0.2598 0.3444 0.2616 0.3015 0.3475 0.4728 0.3735 0.3928 0.2729 0.3145 0.2675 0.2713 0.2738 0.2940 0.2978 0.3143 0.3357 0.4327 0.2550 0.3584 0.2928 0.2815 0.2457 0.2314 0.2478 0.1966 0.3451 0.3145 0.2837 0.3229 0.2300 0.3040 0.3581 0.4928 0.3313 0.2431 0.2867 0.2151 0.2321 0.1915 0.1939 0.1941 0.2855 0.2281 0.3702 0.2647 0.2112 0.2441 0.1804 0.3531 0.2072 0.1549 0.1559 0.2124 0.1359 0.1353 0.1655 0.1489
0.0229 0.0269 0.0000 0.0271 0.0258 0.0191 0.0117 0.0110 0.0225 0.0473 0.0447 0.0187 0.0116 0.0503 0.0311 0.0398 0.0421 0.0578 0.0519 0.0570 0.0347 0.0444 0.0381 0.0390 0.0407 0.0430 0.0388 0.0388 0.0450 0.0581 0.0362 0.0538 0.0465 0.0435 0.0439 0.0391 0.0399 0.0276 0.0510 0.0442 0.0452 0.0577 0.0350 0.0450 0.0508 0.0626 0.0465 0.0347 0.0424 0.0325 0.0369 0.0392 0.0412 0.0374 0.0563 0.0491 0.0774 0.0520 0.0437 0.0497 0.0563 0.0768 0.0534 0.0491 0.0423 0.0368 0.0366 0.0345 0.0409 0.0326
1.9370 3.0210 0.0000 3.3272 2.6268 2.4929 1.6492 1.2024 2.2448 2.2984 1.5274 1.5279 1.3867 1.7730 1.6513 1.5924 1.8830 2.0331 1.4302 1.7824 0.8285 1.0305 1.1567 2.9078 2.2471 1.1834 0.7487 2.6222 2.4638 3.5619 2.0426 3.0594 3.0035 2.6911 2.4345 2.4162 2.4144 1.6913 3.1284 2.7155 2.4068 3.0174 2.0919 2.6626 3.1845 4.1443 3.1841 2.4748 3.1162 2.4163 2.6070 2.3811 2.6353 2.3696 4.0700 3.5522 4.8299 3.3066 2.6663 2.8809 2.9026 4.2071 3.0261 2.8477 2.5762 3.3128 3.4312 2.9739 3.6102 3.1337
0.1323 0.1816 0.0000 0.2073 0.2470 0.1904 0.1464 0.1314 0.2094 0.1384 0.1348 0.1354 0.1192 0.1350 0.1126 0.1440 0.1532 0.2138 0.1173 0.1869 0.0940 0.0906 0.0928 0.1031 0.0657 0.0751 0.0691 0.0688 0.1019 0.1112 0.0712 0.0804 0.0645 0.0656 0.0452 0.0437 0.0571 0.0888 0.1370 0.0606 0.0376 0.1486 0.0875 0.1236 0.1379 0.1786 0.1547 0.1077 0.1297 0.1049 0.1110 0.1025 0.1090 0.0983 0.1462 0.1415 0.2115 0.1455 0.1256 0.1416 0.1475 0.2400 0.1652 0.1613 0.1485 0.1669 0.1775 0.1502 0.1938 0.1659
0.0147 0.0202 0.0000 0.0210 0.0233 0.0163 0.0133 0.0122 0.0204 0.0210 0.0212 0.0196 0.0177 0.0218 0.0166 0.0187 0.0212 0.0288 0.0238 0.0302 0.0205 0.0239 0.0209 0.0146 0.0130 0.0156 0.0139 0.0123 0.0164 0.0242 0.0139 0.0212 0.0125 0.0163 0.0121 0.0091 0.0108 0.0078 0.0098 0.0087 0.0078 0.0095 0.0091 0.0097 0.0119 0.0115 0.0083 0.0066 0.0060 0.0048 0.0066 0.0124 0.0119 0.0057 0.0060 0.0160 0.0212 0.0162 0.0129 0.0146 0.0172 0.0232 0.0165 0.0163 0.0138 0.0157 0.0164 0.0139 0.0167 0.0161
0.0454 0.0638 0.0000 0.0742 0.0849 0.0669 0.0520 0.0495 0.0845 0.0791 0.0789 0.0712 0.0682 0.0830 0.0552 0.0624 0.0679 0.0876 0.0673 0.0794 0.0490 0.0594 0.0547 0.0635 0.0592 0.0651 0.0595 0.0573 0.0663 0.0845 0.0519 0.0768 0.0696 0.0720 0.0712 0.0724 0.0719 0.0318 0.0537 0.0518 0.0454 0.0490 0.0400 0.0612 0.0681 0.0898 0.0451 0.0454 0.0444 0.0270 0.0348 0.0327 0.0246 0.0225 0.0341 0.0308 0.0649 0.0373 0.0327 0.0276 0.0273 0.0418 0.0226 0.0219 0.0241 0.0557 0.0528 0.0239 0.0201 0.0536
0.0452 0.0704 0.0000 0.0760 0.0981 0.0642 0.0514 0.0498 0.0778 0.0706 0.0723 0.0654 0.0582 0.0798 0.0574 0.0662 0.0772 0.1038 0.0826 0.1092 0.0645 0.0812 0.0761 0.0805 0.0739 0.0794 0.0771 0.0731 0.0742 0.0948 0.0559 0.0785 0.0661 0.0635 0.0583 0.0549 0.0588 0.0466 0.0818 0.0726 0.0651 0.0766 0.0545 0.0679 0.0800 0.1037 0.0830 0.0666 0.0878 0.0709 0.0800 0.0446 0.0452 0.0452 0.0665 0.0531 0.0962 0.0794 0.0631 0.0729 0.0496 0.0970 0.0559 0.0418 0.0429 0.0495 0.0367 0.0316 0.0386 0.0347
1.0136 1.1923 0.0000 1.0551 1.1420 0.8482 0.5183 0.4883 0.9977 1.8419 1.7094 0.8248 0.5144 1.9535 1.6042 1.7741 2.0190 2.5824 2.0577 2.6336 1.6658 2.1432 1.9562 2.4244 1.9926 2.1912 1.7852 1.7675 1.8514 2.4244 1.4254 2.0041 1.7145 1.5817 1.5111 1.4608 1.3081 0.9784 1.9031 1.6476 1.4363 1.6459 1.2184 1.5253 1.8434 2.3765 1.7814 1.3649 1.7835 1.4078 1.4998 1.4876 1.5005 1.3439 1.8985 1.7380 2.4842 1.6865 1.4112 1.5352 1.4280 2.1167 1.5344 1.4115 1.2143 2.8282 2.6678 1.7783 2.2768 2.3012
0.0536 0.0689 0.0000 0.0758 0.0616 0.0584 0.0438 0.0320 0.0526 0.0918 0.0406 0.0558 0.0615 0.0786 0.0465 0.0428 0.0620 0.0679 0.0404 0.0503 0.0234 0.0291 0.0326 0.0782 0.0795 0.0315 0.0201 0.0596 0.0752 0.0962 0.0580 0.0826 0.0729 0.0761 0.0714 0.0714 0.0758 0.0650 0.1006 0.0881 0.0704 0.0853 0.0549 0.0702 0.0792 0.0977 0.0738 0.0528 0.0672 0.0529 0.0502 0.0495 0.0577 0.0519 0.0759 0.0645 0.1058 0.0715 0.0616 0.0696 0.0707 0.1052 0.0810 0.0785 0.0667 0.0823 0.0817 0.0680 0.0775 0.0707
0.0409 0.0567 0.0000 0.0616 0.0630 0.0452 0.0370 0.0332 0.0530 0.0933 0.0999 0.0625 0.0597 0.0873 0.0427 0.0464 0.0500 0.0689 0.0389 0.0619 0.0342 0.0330 0.0308 0.0596 0.0239 0.0414 0.0486 0.0484 0.0399 0.0409 0.0325 0.0389 0.0253 0.0257 0.0177 0.0172 0.0224 0.0377 0.0722 0.0221 0.0139 0.0518 0.0578 0.0633 0.0713 0.0915 0.0634 0.0525 0.0680 0.0519 0.0550 0.0511 0.0519 0.0484 0.0724 0.0675 0.0952 0.0665 0.0535 0.0578 0.0592 0.0824 0.0618 0.0597 0.0451 0.0547 0.0628 0.0531 0.0627 0.0530
0.0185 0.0256 0.0000 0.0298 0.0328 0.0231 0.0191 0.0177 0.0283 0.0276 0.0280 0.0263 0.0222 0.0280 0.0193 0.0226 0.0255 0.0331 0.0235 0.0283 0.0176 0.0209 0.0183 0.0258 0.0224 0.0354 0.0267 0.0224 0.0243 0.0271 0.0158 0.0237 0.0147 0.0191 0.0173 0.0130 0.0129 0.0150 0.0141 0.0157 0.0143 0.0174 0.0130 0.0137 0.0183 0.0191 0.0120 0.0095 0.0087 0.0068 0.0095 0.0178 0.0196 0.0082 0.0085 0.0210 0.0427 0.0282 0.0239 0.0255 0.0246 0.0386 0.0294 0.0284 0.0255 0.0293 0.0291 0.0256 0.0292 0.0268
0.1287 0.1838 0.0000 0.1910 0.2148 0.1448 0.1225 0.1154 0.1617 0.1566 0.1758 0.1586 0.1389 0.1670 0.1320 0.1494 0.1740 0.2344 0.1800 0.2124 0.1395 0.1751 0.1503 0.1644 0.1475 0.1650 0.1416 0.1391 0.1460 0.1934 0.1182 0.1673 0.1301 0.1279 0.1181 0.1088 0.1108 0.1151 0.1892 0.1879 0.1918 0.1835 0.1147 0.1225 0.1370 0.1807 0.0985 0.0993 0.1223 0.0745 0.0788 0.1296 0.0678 0.0830 0.1292 0.1165 0.1878 0.1040 0.1013 0.0925 0.0791 0.1212 0.0657 0.0634 0.0699 0.1628 0.1764 0.0659 0.0560 0.1333
0.1456 0.1964 0.0000 0.2119 0.2370 0.1809 0.1504 0.1465 0.2435 0.2520 0.2260 0.2112 0.1764 0.2247 0.1525 0.1787 0.1941 0.2502 0.1956 0.2213 0.1424 0.1771 0.1364 0.1492 0.1542 0.1655 0.1471 0.1379 0.1661 0.2127 0.1341 0.1970 0.1656 0.1593 0.1589 0.1551 0.1548 0.1158 0.1951 0.1724 0.1451 0.1755 0.1132 0.1455 0.1706 0.2118 0.1453 0.1109 0.1364 0.1023 0.1104 0.1920 0.1924 0.1456 0.2335 0.2569 0.2443 0.1491 0.1189 0.1375 0.1016 0.1989 0.1363 0.1019 0.0878 0.2005 0.0894 0.1169 0.1747 0.1571
0.0188 0.0208 0.0000 0.0248 0.0212 0.0158 0.0097 0.0091 0.0186 0.0366 0.0394 0.0143 0.0090 0.0324 0.0294 0.0386 0.0457 0.0562 0.0404 0.0470 0.0291 0.0366 0.0314 0.0323 0.0292 0.0325 0.0295 0.0315 0.0326 0.0445 0.0280 0.0393 0.0336 0.0346 0.0296 0.0306 0.0286 0.0214 0.0417 0.0361 0.0300 0.0323 0.0239 0.0297 0.0340 0.0436 0.0314 0.0235 0.0281 0.0218 0.0236 0.0243 0.0256 0.0241 0.0349 0.0301 0.0461 0.0329 0.0277 0.0301 0.0287 0.0443 0.0336 0.0309 0.0266 0.0326 0.0314 0.0326 0.0395 0.0297
0.2960 0.2858 0.0000 0.3148 0.2625 0.2425 0.2091 0.1496 0.2338 0.2840 0.1900 0.1983 0.1711 0.2099 0.2274 0.2193 0.2593 0.2717 0.1969 0.2454 0.1141 0.1419 0.1593 0.2259 0.2205 0.1472 0.1031 0.1959 0.2352 0.3400 0.1978 0.2920 0.2867 0.2569 0.2323 0.2306 0.2304 0.1614 0.2754 0.2473 0.2204 0.2879 0.1830 0.2439 0.2994 0.3689 0.2901 0.2408 0.2645 0.2306 0.2635 0.2658 0.2891 0.2600 0.3402 0.2706 0.4042 0.2687 0.2191 0.2417 0.2364 0.3430 0.2416 0.2302 0.1987 0.2515 0.2605 0.2311 0.2746 0.2319
0.0624 0.0909 0.0000 0.1033 0.1153 0.0863 0.0756 0.0716 0.1142 0.0852 0.0829 0.0833 0.0733 0.0830 0.0724 0.1221 0.1205 0.1708 0.0891 0.1419 0.0674 0.0649 0.0705 0.0634 0.0471 0.0463 0.0425 0.0423 0.0720 0.0786 0.0503 0.0552 0.0456 0.0463 0.0319 0.0309 0.0403 0.0458 0.0842 0.0434 0.0266 0.0724 0.0524 0.0741 0.0848 0.1071 0.0928 0.0645 0.0777 0.0629 0.0666 0.0614 0.0628 0.0586 0.0876 0.0848 0.1195 0.0860 0.0753 0.0813 0.0867 0.1396 0.0904 0.0967 0.0870 0.1066 0.1170 0.0989 0.1032 0.0818
