0.0147 0.0238 0.0000 0.0289 0.0326 0.0170 0.0116 0.0095 0.0283 0.0241 0.0231 0.0194 0.0146 0.0276 0.0113 0.0163 0.0203 0.0379 0.0209 0.0290 0.0100 0.0167 0.0097 0.0123 0.0124 0.0148 0.0111 0.0097 0.0144 0.0264 0.0085 0.0212 0.0141 0.0129 0.0109 0.0098 0.0103 0.0053 0.0204 0.0156 0.0105 0.0163 0.0058 0.0108 0.0157 0.0266 0.0113 0.0059 0.0098 0.0050 0.0061 0.0095 0.0093 0.0139 0.0272 0.0153 0.0393 0.0121 0.0072 0.0099 0.0058 0.0245 0.0111 0.0064 0.0043 0.0155 0.0054 0.0057 0.0092 0.0071
0.0722 0.1159 0.0000 0.1301 0.1239 0.0592 0.0217 0.0187 0.0905 0.2763 0.3061 0.0599 0.0232 0.2575 0.1947 0.3861 0.3923 0.8979 0.3872 0.6205 0.1926 0.3397 0.2397 0.2707 0.2152 0.2745 0.2146 0.2384 0.2676 0.5496 0.1614 0.3695 0.2536 0.2160 0.1914 0.1754 0.1460 0.0745 0.3430 0.2441 0.1753 0.2489 0.1141 0.1963 0.2961 0.5374 0.2508 0.1256 0.1978 0.1081 0.1312 0.1405 0.1572 0.1337 0.3247 0.2321 0.5818 0.2534 0.1658 0.2048 0.1813 0.4650 0.2163 0.1812 0.1270 0.2521 0.2474 0.2495 0.3575 0.1989
0.0000 0.0000 0.0000 0.0000 0.0000 0.0000 0.0000 0.0000 0.0000 0.0000 0.0000 0.0000 0.0000 0.0000 0.0000 0.0000 0.0000 0.0000 0.0000 0.0000 0.0000 0.0000 0.0000 0.0000 0.0000 0.0000 0.0000 0.0000 0.0000 0.0000 0.0000 0.0000 0.0000 0.0000 0.0000 0.0000 0.0000 0.0000 0.0000 0.0000 0.0000 0.0000 0.0000 0.0000 0.0000 0.0000 0.0000 0.0000 0.0000 0.0000 0.0000 0.0000 0.0000 0.0000 0.0000 0.0000 0.0000 0.0000 0.0000 0.0000 0.0000 0.0000 0.0000 0.0000 0.0000 0.0000 0.0000 0.0000 0.0000 0.0000
0.2523 0.6112 0.0000 0.7572 0.8398 0.3780 0.2412 0.1903 0.5870 0.7532 0.6751 0.7571 0.5862 0.7558 0.4887 0.4140 0.5309 1.0672 0.3882 0.8820 0.3278 0.3465 0.2441 0.5415 0.1848 0.3267 0.2428 0.2193 0.4306 0.5676 0.2215 0.3749 0.1851 0.1880 0.0923 0.0846 0.1394 0.1521 0.6314 0.1646 0.0635 0.4339 0.2835 0.6706 0.7958 1.8406 0.6500 0.3475 0.5545 0.3259 0.3801 0.3338 0.3547 0.2957 0.7663 0.6709 1.5804 0.6985 0.4355 0.5303 0.5601 1.2795 0.6339 0.5791 0.3215 0.5231 0.6776 0.4561 0.6782 0.4642
0.7639 1.6600 0.0000 2.2554 2.7385 1.1864 0.7004 0.5894 1.8273 1.8760 1.9127 1.6403 1.1608 1.9161 0.8305 1.2493 1.6812 3.1748 1.4693 2.2945 0.7392 1.1385 0.8313 1.2899 0.9845 1.7626 1.2758 0.9085 1.5221 2.0661 0.5786 1.5002 0.5888 0.9006 0.7653 0.4414 0.4473 0.3776 0.6201 0.6202 0.4404 0.6448 0.3951 0.5138 0.9027 1.1159 0.4142 0.2290 0.2239 0.1254 0.2373 0.6354 0.7721 0.1831 0.2438 1.0244 3.5182 1.7296 0.9984 1.3667 2.0103 4.0040 1.7949 1.7219 1.1657 1.6847 1.7210 1.2373 1.9148 1.6622
0.0496 0.1220 0.0000 0.1605 0.2280 0.0914 0.0605 0.0521 0.1273 0.1207 0.1483 0.1166 0.0846 0.1349 0.0688 0.0910 0.1159 0.2244 0.1137 0.1708 0.0523 0.0858 0.0630 0.0867 0.0726 0.0945 0.0719 0.0628 0.0848 0.1716 0.0528 0.1318 0.0758 0.0725 0.0604 0.0507 0.0533 0.0268 0.0952 0.0823 0.0597 0.0760 0.0342 0.0658 0.0880 0.1667 0.0468 0.0404 0.0456 0.0161 0.0258 0.0315 0.0147 0.0154 0.0410 0.0316 0.1186 0.0350 0.0271 0.0244 0.0190 0.0517 0.0142 0.0130 0.0143 0.0767 0.0895 0.0148 0.0119 0.0607
0.0100 0.0242 0.0000 0.0293 0.0408 0.0232 0.0127 0.0111 0.0330 0.0278 0.0270 0.0226 0.0171 0.0346 0.0141 0.0204 0.0254 0.0474 0.0261 0.0363 0.0125 0.0209 0.0121 0.0154 0.0155 0.0185 0.0139 0.0122 0.0180 0.0331 0.0107 0.0265 0.0176 0.0162 0.0128 0.0114 0.0121 0.0067 0.0255 0.0196 0.0132 0.0204 0.0073 0.0134 0.0196 0.0333 0.0142 0.0074 0.0122 0.0063 0.0076 0.0097 0.0101 0.0100 0.0242 0.0150 0.0383 0.0151 0.0090 0.0124 0.0072 0.0307 0.0108 0.0062 0.0052 0.0138 0.0052 0.0056 0.0089 0.0068
0.0029 0.0047 0.0000 0.0053 0.0050 0.0024 0.0009 0.0008 0.0037 0.0134 0.0149 0.0024 0.0009 0.0134 0.0083 0.0109 0.0134 0.0271 0.0157 0.0284 0.0109 0.0160 0.0113 0.0128 0.0102 0.0130 0.0101 0.0105 0.0118 0.0231 0.0066 0.0151 0.0103 0.0088 0.0078 0.0071 0.0059 0.0030 0.0139 0.0099 0.0071 0.0101 0.0046 0.0081 0.0124 0.0225 0.0111 0.0056 0.0093 0.0051 0.0062 0.0062 0.0069 0.0058 0.0136 0.0102 0.0248 0.0104 0.0067 0.0083 0.0074 0.0189 0.0088 0.0074 0.0052 0.0117 0.0117 0.0106 0.0152 0.0088
0.2382 0.5067 0.0000 0.6367 0.4653 0.3469 0.1683 0.0911 0.3266 0.5730 0.1866 0.2332 0.1884 0.3355 0.1783 0.1778 0.2980 0.4098 0.1628 0.2699 0.0513 0.0862 0.0988 0.5038 0.4577 0.1093 0.0439 0.3324 0.5797 1.1392 0.2992 0.7971 0.5768 0.6148 0.5273 0.5341 0.5221 0.2364 0.8580 0.6528 0.4870 0.8101 0.2819 0.5214 0.7084 1.1877 0.6022 0.2794 0.4925 0.2758 0.2637 0.2609 0.3516 0.2743 0.6830 0.4715 1.4643 0.5777 0.3957 0.5232 0.5338 1.3163 0.6303 0.5631 0.3963 0.6469 0.6935 0.5024 0.7015 0.5229
0.2632 0.6142 0.0000 0.7542 0.8360 0.3765 0.2341 0.1847 0.5697 0.7604 0.7224 0.6803 0.5055 0.7229 0.2952 0.4018 0.4919 1.0364 0.3161 0.8171 0.1993 0.2105 0.1842 0.4142 0.1123 0.2068 0.1862 0.1822 0.2499 0.3429 0.1267 0.2143 0.1070 0.1086 0.0533 0.0489 0.0806 0.1768 0.7337 0.1000 0.0384 0.4859 0.2339 0.4358 0.5712 1.0639 0.5698 0.3308 0.5648 0.3364 0.4514 0.3847 0.4088 0.3406 0.8001 0.6387 1.5054 0.6321 0.3818 0.4660 0.4910 1.1217 0.5557 0.5077 0.2819 0.4585 0.5941 0.3999 0.5946 0.4070
0.2981 0.6543 0.0000 0.9085 1.1611 0.5030 0.3448 0.3022 0.8991 0.8525 0.8109 0.6869 0.4676 0.8119 0.3395 0.4918 0.6561 1.2389 0.5734 0.8954 0.2884 0.4440 0.3244 0.6482 0.5051 0.6474 0.5557 0.4366 0.4403 0.8063 0.2258 0.5854 0.2219 0.3514 0.2214 0.1276 0.1605 0.1616 0.1794 0.2199 0.1891 0.3000 0.1242 0.1505 0.2893 0.3576 0.1307 0.0723 0.0706 0.0396 0.0749 0.3260 0.3961 0.0530 0.0715 0.4340 1.2400 0.5179 0.3084 0.4093 0.4555 1.3028 0.6249 0.6073 0.4589 1.0107 0.8188 0.5627 0.7154 0.5408
0.1614 0.3690 0.0000 0.4168 0.5501 0.2208 0.1460 0.1257 0.3071 0.2914 0.3580 0.2815 0.2043 0.3257 0.1748 0.2383 0.3359 0.6788 0.3689 0.5798 0.2085 0.3522 0.2514 0.3310 0.2562 0.2970 0.2095 0.2104 0.2425 0.4486 0.1370 0.3181 0.1830 0.1750 0.1457 0.1224 0.1286 0.1455 0.5293 0.2837 0.2349 0.3722 0.0925 0.1589 0.2126 0.4023 0.1129 0.0975 0.1226 0.0432 0.0622 0.1277 0.0396 0.0542 0.2241 0.1729 0.3491 0.0961 0.0821 0.0738 0.0561 0.1528 0.0419 0.0383 0.0421 0.3315 0.4168 0.0400 0.0328 0.2033
0.0317 0.0747 0.0000 0.0905 0.1262 0.0633 0.0406 0.0372 0.1236 0.1258 0.1590 0.1146 0.0711 0.1069 0.0522 0.0655 0.0785 0.1549 0.0806 0.1122 0.0385 0.0647 0.0374 0.0476 0.0480 0.0572 0.0434 0.0410 0.0608 0.1175 0.0379 0.0942 0.0649 0.0624 0.0627 0.0585 0.0593 0.0321 0.1134 0.0747 0.0505 0.0836 0.0299 0.0491 0.0697 0.1102 0.0565 0.0264 0.0406 0.0208 0.0252 0.0430 0.0459 0.0317 0.0904 0.0600 0.1184 0.0467 0.0278 0.0382 0.0223 0.0948 0.0334 0.0192 0.0161 0.0517 0.0162 0.0187 0.0396 0.0303
0.1155 0.1768 0.0000 0.2082 0.1982 0.0948 0.0348 0.0299 0.1448 0.8794 0.8089 0.0902 0.0355 0.6603 0.3091 0.4515 0.5415 1.1221 0.6532 1.1367 0.3776 0.6745 0.5313 0.6935 0.6450 0.8743 0.5348 0.4368 0.5939 1.0039 0.2722 0.6685 0.4278 0.3644 0.3227 0.2959 0.2462 0.1256 0.5782 0.4119 0.3017 0.4549 0.2125 0.3888 0.5991 1.0874 0.5546 0.2908 0.5376 0.3026 0.3570 0.3543 0.3681 0.2840 0.6613 0.5304 1.2828 0.5031 0.3102 0.3744 0.3576 0.8533 0.3684 0.3085 0.2162 0.6323 0.6335 0.3959 0.6732 0.4422
0.0148 0.0324 0.0000 0.0407 0.0298 0.0222 0.0104 0.0057 0.0209 0.0391 0.0116 0.0157 0.0155 0.0276 0.0118 0.0112 0.0197 0.0270 0.0107 0.0178 0.0034 0.0057 0.0065 0.0461 0.0383 0.0068 0.0028 0.0265 0.0363 0.0715 0.0188 0.0500 0.0362 0.0385 0.0330 0.0322 0.0331 0.0157 0.0668 0.0514 0.0449 0.0531 0.0212 0.0340 0.0444 0.0789 0.0378 0.0175 0.0309 0.0173 0.0165 0.0164 0.0220 0.0172 0.0433 0.0317 0.1004 0.0417 0.0286 0.0378 0.0400 0.1033 0.0537 0.0443 0.0338 0.0551 0.0551 0.0366 0.0510 0.0405
0.0629 0.1373 0.0000 0.1566 0.1874 0.0785 0.0453 0.0357 0.1102 0.1558 0.1480 0.1314 0.0989 0.1474 0.0571 0.0777 0.0952 0.2005 0.0611 0.1581 0.0385 0.0407 0.0356 0.0810 0.0217 0.0405 0.0380 0.0372 0.0483 0.0664 0.0245 0.0415 0.0207 0.0210 0.0103 0.0095 0.0156 0.0429 0.1503 0.0193 0.0074 0.1161 0.0526 0.1047 0.1314 0.2557 0.1369 0.0795 0.1269 0.0745 0.0870 0.0764 0.0812 0.0677 0.1832 0.1753 0.3956 0.1519 0.0918 0.1120 0.1180 0.2696 0.1335 0.1220 0.0677 0.1102 0.1429 0.0961 0.1430 0.0988
0.1714 0.3961 0.0000 0.5501 0.7096 0.3074 0.1753 0.1396 0.4600 0.4861 0.4956 0.4198 0.2850 0.4965 0.2076 0.2990 0.3794 0.6994 0.3287 0.5004 0.1612 0.2483 0.1813 0.2994 0.2333 0.3382 0.2567 0.2017 0.2461 0.4509 0.1263 0.3272 0.1240 0.1964 0.1237 0.0714 0.0898 0.0747 0.1002 0.1093 0.0874 0.1386 0.0639 0.0831 0.1465 0.1811 0.0670 0.0370 0.0362 0.0203 0.0384 0.1506 0.1829 0.0296 0.0394 0.2653 0.7021 0.3177 0.1772 0.2510 0.2794 0.7990 0.3582 0.3434 0.2326 0.3436 0.4112 0.2990 0.4583 0.3627
2.2738 4.5421 0.0000 5.2373 5.9326 2.2674 1.5840 1.2911 3.4760 2.9929 3.6771 2.8906 2.4491 4.1436 2.2658 3.2516 4.5841 9.2626 5.1171 7.7321 2.2845 3.4429 2.7541 3.8551 3.1914 4.0931 2.8766 2.7540 3.1737 6.1497 1.7850 4.0499 2.3656 2.1048 1.6657 1.3993 1.4704 0.8940 3.1824 2.6901 1.9510 2.4847 0.9398 1.6315 2.1830 4.1314 1.1598 1.0009 1.2542 0.4418 0.6387 1.0300 0.4049 0.4837 1.3475 1.0396 3.2287 0.9531 0.7475 0.6727 0.5168 1.4076 0.3863 0.3532 0.3882 3.0773 2.9919 0.4085 0.3248 2.6597
0.1526 0.4044 0.0000 0.4899 0.6834 0.3259 0.1952 0.1764 0.5255 0.4427 0.4445 0.3779 0.2826 0.5504 0.2687 0.4337 0.4426 0.9655 0.4390 0.6077 0.2095 0.3501 0.2059 0.2577 0.2597 0.3102 0.2509 0.2334 0.3515 0.6739 0.2173 0.5405 0.3354 0.3084 0.2355 0.1949 0.2241 0.1274 0.4868 0.3837 0.2686 0.3949 0.1455 0.2740 0.3823 0.6368 0.2713 0.1331 0.2103 0.1079 0.1303 0.1548 0.1613 0.1527 0.3843 0.2379 0.6413 0.2527 0.1503 0.2071 0.1209 0.5134 0.1807 0.1039 0.0872 0.2199 0.0875 0.0893 0.1418 0.1084
0.3686 0.6053 0.0000 0.6523 0.6303 0.3014 0.1105 0.0953 0.4605 1.7720 1.8238 0.3131 0.1215 1.9676 0.8599 1.4601 1.7336 3.6265 2.3860 3.3833 1.0503 1.8509 1.3070 1.4760 1.1726 1.4959 1.1702 1.3001 1.5511 3.1191 1.2092 2.5282 1.6749 1.3310 1.2641 1.0808 0.8997 0.4588 2.1132 1.5044 1.1092 1.6714 0.7809 1.3428 1.8702 3.1631 1.4538 0.7285 1.1066 0.5890 0.7395 0.8146 0.9114 0.7868 2.0401 1.3748 3.9810 1.7338 1.1338 1.3756 1.2179 2.9420 1.3329 1.1168 0.7823 1.3457 1.3483 1.1014 1.6550 1.0159
0.0175 0.0398 0.0000 0.0500 0.0365 0.0272 0.0124 0.0067 0.0256 0.0323 0.0137 0.0145 0.0112 0.0200 0.0128 0.0131 0.0211 0.0290 0.0117 0.0194 0.0037 0.0062 0.0071 0.0301 0.0273 0.0080 0.0032 0.0226 0.0312 0.0712 0.0193 0.0498 0.0407 0.0354 0.0284 0.0273 0.0278 0.0126 0.0483 0.0372 0.0275 0.0467 0.0199 0.0385 0.0556 0.1104 0.0456 0.0197 0.0373 0.0195 0.0199 0.0184 0.0248 0.0194 0.0547 0.0401 0.1268 0.0517 0.0320 0.0394 0.0377 0.0929 0.0396 0.0327 0.0251 0.0455 0.0489 0.0364 0.0564 0.0375
0.1280 0.3156 0.0000 0.3714 0.4119 0.1747 0.1036 0.0817 0.2521 0.2342 0.2225 0.2124 0.1557 0.2226 0.1168 0.1643 0.2012 0.4238 0.1292 0.3342 0.0789 0.0833 0.0754 0.1276 0.0444 0.0715 0.0574 0.0561 0.0989 0.1357 0.0499 0.0845 0.0424 0.0430 0.0211 0.0194 0.0319 0.0598 0.2260 0.0396 0.0152 0.1985 0.0779 0.1686 0.2189 0.4117 0.2677 0.1179 0.1881 0.1105 0.1289 0.1132 0.1204 0.1003 0.2600 0.2276 0.5629 0.2382 0.1791 0.2180 0.2743 0.5270 0.2979 0.2385 0.1359 0.2154 0.2791 0.1879 0.3039 0.2181
0.0491 0.1004 0.0000 0.1174 0.1404 0.0608 0.0347 0.0288 0.0910 0.0962 0.0981 0.0854 0.0645 0.1004 0.0502 0.0756 0.1017 0.2147 0.0994 0.1479 0.0455 0.0700 0.0511 0.0617 0.0481 0.0697 0.0529 0.0416 0.0603 0.1225 0.0343 0.0889 0.0337 0.0534 0.0303 0.0175 0.0244 0.0154 0.0246 0.0235 0.0180 0.0286 0.0158 0.0205 0.0357 0.0442 0.0166 0.0092 0.0090 0.0050 0.0095 0.0310 0.0377 0.0073 0.0098 0.0525 0.1444 0.0710 0.0421 0.0561 0.0758 0.1643 0.0737 0.0707 0.0478 0.0692 0.0706 0.0508 0.0786 0.0682
0.1124 0.2766 0.0000 0.3638 0.5169 0.3039 0.1372 0.1422 0.3974 0.3574 0.4391 0.3454 0.2419 0.3430 0.1558 0.2063 0.2629 0.5088 0.2578 0.3873 0.1185 0.1944 0.1428 0.1966 0.1645 0.2143 0.1629 0.1423 0.1922 0.3890 0.1198 0.2989 0.2011 0.2074 0.1885 0.1584 0.1664 0.0607 0.2159 0.1866 0.1354 0.1724 0.0945 0.1948 0.2607 0.4937 0.1386 0.1195 0.1349 0.0475 0.0763 0.0715 0.0436 0.0352 0.0930 0.0718 0.3509 0.1037 0.0730 0.0571 0.0562 0.1530 0.0420 0.0384 0.0422 0.1738 0.2030 0.0439 0.0353 0.1375
0.0420 0.1149 0.0000 0.1392 0.2357 0.0897 0.0537 0.0486 0.1446 0.1218 0.1180 0.0992 0.0749 0.1514 0.0651 0.0946 0.1464 0.2724 0.1719 0.2095 0.0978 0.1207 0.0816 0.0904 0.0895 0.1069 0.0994 0.0911 0.1134 0.1940 0.0566 0.1309 0.0813 0.0748 0.0570 0.0501 0.0543 0.0309 0.1179 0.0929 0.0695 0.0963 0.0412 0.0790 0.1162 0.2205 0.1059 0.0527 0.0833 0.0427 0.0516 0.0426 0.0444 0.0420 0.1057 0.0655 0.1993 0.0871 0.0518 0.0714 0.0417 0.1770 0.0562 0.0323 0.0301 0.0605 0.0272 0.0246 0.0390 0.0298
0.0507 0.0832 0.0000 0.0888 0.0866 0.0414 0.0152 0.0131 0.0633 0.1983 0.2197 0.0426 0.0167 0.2088 0.1114 0.1891 0.2247 0.4700 0.3320 0.4382 0.1360 0.2399 0.1693 0.1912 0.1520 0.1939 0.1516 0.1684 0.1890 0.3881 0.1288 0.2951 0.2174 0.2229 0.1640 0.1983 0.1507 0.0768 0.3537 0.2520 0.1808 0.2284 0.0929 0.1566 0.2183 0.3795 0.1771 0.0887 0.1396 0.0763 0.0927 0.0992 0.1110 0.0944 0.2381 0.1639 0.4646 0.2023 0.1323 0.1756 0.1735 0.4799 0.2232 0.1870 0.1310 0.1744 0.1747 0.1426 0.2145 0.1316
0.0388 0.1010 0.0000 0.1269 0.0927 0.0691 0.0293 0.0159 0.0651 0.0634 0.0325 0.0285 0.0221 0.0394 0.0307 0.0313 0.0454 0.0569 0.0279 0.0463 0.0088 0.0148 0.0169 0.0591 0.0537 0.0190 0.0077 0.0417 0.0497 0.1135 0.0316 0.0794 0.0697 0.0564 0.0452 0.0435 0.0442 0.0200 0.0726 0.0552 0.0412 0.0743 0.0285 0.0511 0.0798 0.1429 0.0747 0.0465 0.0696 0.0401 0.0693 0.0556 0.0647 0.0504 0.1255 0.0770 0.2012 0.0741 0.0459 0.0565 0.0539 0.1331 0.0568 0.0476 0.0360 0.0652 0.0701 0.0522 0.0808 0.0554
0.0325 0.0767 0.0000 0.1062 0.1385 0.0673 0.0473 0.0373 0.1151 0.0625 0.0594 0.0567 0.0416 0.0594 0.0381 0.0796 0.0954 0.2054 0.0577 0.1491 0.0295 0.0311 0.0336 0.0341 0.0166 0.0192 0.0153 0.0150 0.0364 0.0499 0.0166 0.0243 0.0156 0.0158 0.0078 0.0071 0.0117 0.0145 0.0603 0.0148 0.0056 0.0481 0.0190 0.0411 0.0548 0.1004 0.0653 0.0287 0.0459 0.0270 0.0314 0.0276 0.0293 0.0245 0.0634 0.0555 0.1308 0.0578 0.0407 0.0496 0.0563 0.1679 0.0648 0.0700 0.0570 0.1331 0.1055 0.0710 0.0903 0.0549
0.0722 0.1478 0.0000 0.1772 0.2153 0.0932 0.0550 0.0463 0.1436 0.1474 0.1503 0.1289 0.0949 0.1516 0.0759 0.1113 0.1497 0.3162 0.1721 0.2898 0.1056 0.1757 0.1284 0.0993 0.0774 0.1121 0.0852 0.0669 0.1183 0.3469 0.0928 0.2527 0.0858 0.1360 0.0693 0.0400 0.0621 0.0248 0.0562 0.0380 0.0290 0.0460 0.0353 0.0459 0.0727 0.0779 0.0370 0.0204 0.0200 0.0112 0.0212 0.0499 0.0607 0.0166 0.0218 0.0805 0.3217 0.1582 0.0937 0.1250 0.1689 0.3662 0.1641 0.1575 0.1066 0.1541 0.1574 0.1132 0.1751 0.1520
0.5748 1.4142 0.0000 1.8603 2.6430 1.3846 0.7015 0.7269 2.2433 2.1676 2.8014 2.0947 1.1813 1.6742 0.7973 1.0550 1.3441 2.6018 1.3183 1.9803 0.6061 0.9942 0.7303 1.0055 0.8413 1.0956 0.8331 0.7277 0.9829 1.9894 0.6124 1.5284 0.9815 1.0122 0.9139 0.7677 0.8067 0.3102 1.1041 0.9544 0.6922 0.8815 0.4833 1.1823 1.5820 2.9939 0.8404 0.7249 0.7380 0.2600 0.4629 0.3654 0.2384 0.1800 0.4758 0.3669 1.8954 0.5595 0.3940 0.3077 0.3034 0.8263 0.2268 0.2073 0.2279 0.8886 1.0380 0.2405 0.1907 0.7032
0.0075 0.0205 0.0000 0.0248 0.0420 0.0160 0.0096 0.0086 0.0258 0.0217 0.0210 0.0177 0.0133 0.0270 0.0110 0.0168 0.0243 0.0453 0.0268 0.0488 0.0128 0.0259 0.0189 0.0245 0.0247 0.0323 0.0172 0.0134 0.0176 0.0313 0.0091 0.0218 0.0137 0.0126 0.0100 0.0089 0.0094 0.0052 0.0199 0.0155 0.0112 0.0159 0.0067 0.0128 0.0188 0.0342 0.0163 0.0091 0.0164 0.0084 0.0102 0.0076 0.0079 0.0075 0.0188 0.0117 0.0433 0.0241 0.0143 0.0197 0.0115 0.0489 0.0140 0.0080 0.0083 0.0108 0.0068 0.0044 0.0070 0.0053
0.1119 0.1839 0.0000 0.1549 0.1914 0.0915 0.0336 0.0289 0.1398 0.3177 0.3520 0.0953 0.0369 0.3168 0.1763 0.2994 0.3557 0.7441 0.5257 0.6938 0.2154 0.3798 0.2680 0.3028 0.2429 0.3133 0.2426 0.2666 0.3495 0.6622 0.2096 0.5301 0.3745 0.3697 0.3215 0.2866 0.3012 0.1339 0.5604 0.3989 0.3996 0.4835 0.1867 0.3023 0.4213 0.7126 0.3273 0.1640 0.2493 0.1261 0.1666 0.1836 0.2055 0.1772 0.4594 0.3177 0.9193 0.3904 0.2553 0.3527 0.3674 1.0160 0.4509 0.3776 0.2645 0.2761 0.2766 0.2260 0.3396 0.2084
0.0489 0.1339 0.0000 0.1682 0.1169 0.0872 0.0369 0.0200 0.0821 0.0800 0.0409 0.0360 0.0279 0.0497 0.0387 0.0395 0.0572 0.0718 0.0352 0.0584 0.0111 0.0186 0.0214 0.0790 0.0677 0.0240 0.0097 0.0620 0.0749 0.1710 0.0465 0.1197 0.1051 0.0849 0.0681 0.0655 0.0665 0.0301 0.1191 0.0902 0.0667 0.1131 0.0483 0.0867 0.1311 0.2423 0.1252 0.0571 0.1162 0.0538 0.0649 0.0560 0.0686 0.0535 0.1782 0.1666 0.3372 0.1347 0.0817 0.0997 0.0965 0.2379 0.1046 0.0913 0.0700 0.1268 0.1364 0.0962 0.1522 0.1078
0.0532 0.1231 0.0000 0.1771 0.2272 0.0952 0.0549 0.0433 0.1336 0.0794 0.0755 0.0720 0.0528 0.0755 0.0397 0.0675 0.0809 0.1740 0.0505 0.1306 0.0287 0.0303 0.0294 0.0433 0.0162 0.0243 0.0194 0.0190 0.0364 0.0499 0.0170 0.0287 0.0156 0.0158 0.0078 0.0071 0.0117 0.0239 0.0767 0.0144 0.0056 0.0789 0.0310 0.0671 0.0871 0.1638 0.1011 0.0469 0.0749 0.0440 0.0513 0.0451 0.0523 0.0440 0.1131 0.0931 0.2692 0.1098 0.0738 0.0992 0.0994 0.1991 0.1131 0.0901 0.0599 0.0850 0.1054 0.0709 0.1339 0.0961
0.0398 0.0775 0.0000 0.0906 0.1083 0.0469 0.0268 0.0208 0.0702 0.0742 0.0757 0.0659 0.0497 0.0775 0.0388 0.0583 0.0785 0.1527 0.0706 0.1051 0.0323 0.0497 0.0363 0.0396 0.0309 0.0447 0.0340 0.0267 0.0387 0.0746 0.0209 0.0542 0.0205 0.0325 0.0194 0.0112 0.0149 0.0099 0.0158 0.0151 0.0116 0.0183 0.0100 0.0131 0.0229 0.0284 0.0105 0.0058 0.0057 0.0032 0.0060 0.0226 0.0242 0.0047 0.0062 0.0405 0.0992 0.0482 0.0278 0.0381 0.0480 0.1129 0.0506 0.0485 0.0329 0.0475 0.0557 0.0405 0.0621 0.0507
0.0167 0.0375 0.0000 0.0514 0.0582 0.0213 0.0155 0.0121 0.0341 0.0282 0.0346 0.0272 0.0240 0.0436 0.0222 0.0369 0.0449 0.0832 0.0406 0.0609 0.0171 0.0274 0.0219 0.0310 0.0259 0.0348 0.0278 0.0235 0.0324 0.0672 0.0196 0.0427 0.0254 0.0226 0.0175 0.0147 0.0154 0.0068 0.0241 0.0208 0.0151 0.0192 0.0086 0.0153 0.0205 0.0389 0.0109 0.0094 0.0114 0.0040 0.0060 0.0080 0.0037 0.0039 0.0104 0.0080 0.0294 0.0087 0.0068 0.0061 0.0047 0.0128 0.0035 0.0032 0.0035 0.0246 0.0226 0.0037 0.0030 0.0218
0.0168 0.0444 0.0000 0.0538 0.0783 0.0358 0.0214 0.0194 0.0577 0.0486 0.0541 0.0460 0.0344 0.0654 0.0327 0.0457 0.0541 0.1161 0.0549 0.0697 0.0263 0.0401 0.0267 0.0296 0.0298 0.0356 0.0325 0.0318 0.0456 0.0972 0.0316 0.0715 0.0433 0.0398 0.0288 0.0252 0.0290 0.0165 0.0629 0.0504 0.0385 0.0524 0.0208 0.0393 0.0546 0.0868 0.0383 0.0186 0.0285 0.0146 0.0177 0.0170 0.0177 0.0168 0.0422 0.0261 0.0711 0.0290 0.0172 0.0237 0.0138 0.0589 0.0201 0.0115 0.0100 0.0241 0.0097 0.0098 0.0156 0.0119
0.0012 0.0019 0.0000 0.0021 0.0020 0.0010 0.0004 0.0003 0.0015 0.0065 0.0057 0.0010 0.0004 0.0073 0.0030 0.0049 0.0056 0.0122 0.0071 0.0117 0.0036 0.0064 0.0045 0.0051 0.0047 0.0060 0.0047 0.0049 0.0067 0.0126 0.0032 0.0084 0.0049 0.0039 0.0037 0.0032 0.0030 0.0014 0.0063 0.0045 0.0038 0.0060 0.0027 0.0053 0.0082 0.0150 0.0067 0.0033 0.0048 0.0026 0.0034 0.0037 0.0042 0.0037 0.0090 0.0064 0.0160 0.0068 0.0042 0.0049 0.0045 0.0107 0.0046 0.0039 0.0027 0.0047 0.0047 0.0038 0.0057 0.0035
0.1935 0.4242 0.0000 0.5330 0.3897 0.2906 0.1367 0.0740 0.2734 0.4018 0.1516 0.1809 0.1401 0.2495 0.1417 0.1444 0.2323 0.3195 0.1288 0.2135 0.0406 0.0682 0.0781 0.4747 0.3404 0.0888 0.0356 0.3735 0.3968 0.8349 0.2191 0.5838 0.4225 0.4503 0.3610 0.3474 0.3526 0.1628 0.6925 0.5325 0.3940 0.6489 0.2771 0.4580 0.5520 1.0644 0.4629 0.2046 0.3810 0.2020 0.2128 0.1911 0.2575 0.2009 0.5840 0.4519 1.3531 0.5973 0.4092 0.5410 0.6326 1.5283 0.6080 0.5305 0.4068 0.7323 0.7874 0.5621 0.7820 0.5850
0.1163 0.2697 0.0000 0.2854 0.3464 0.1452 0.0837 0.0660 0.2037 0.2068 0.1964 0.1840 0.1349 0.1928 0.0854 0.1162 0.1423 0.2997 0.0914 0.2363 0.0576 0.0609 0.0533 0.1105 0.0325 0.0594 0.0498 0.0487 0.0723 0.0992 0.0366 0.0620 0.0309 0.0314 0.0154 0.0142 0.0233 0.0657 0.1995 0.0289 0.0111 0.2146 0.0647 0.1290 0.1618 0.3149 0.1687 0.0979 0.1563 0.0919 0.1071 0.1004 0.1249 0.1053 0.2703 0.2068 0.6171 0.2244 0.1203 0.1687 0.1526 0.3321 0.1737 0.1503 0.0919 0.1358 0.1759 0.1183 0.2055 0.1575
0.0294 0.0720 0.0000 0.1000 0.1436 0.0671 0.0344 0.0283 0.0956 0.1001 0.0984 0.0818 0.0555 0.0967 0.0404 0.0582 0.0739 0.1263 0.0640 0.0930 0.0278 0.0428 0.0312 0.0446 0.0347 0.0472 0.0358 0.0282 0.0344 0.0629 0.0176 0.0457 0.0173 0.0274 0.0173 0.0100 0.0125 0.0104 0.0140 0.0153 0.0128 0.0203 0.0089 0.0116 0.0205 0.0253 0.0093 0.0052 0.0051 0.0028 0.0054 0.0306 0.0272 0.0041 0.0055 0.0517 0.1074 0.0455 0.0254 0.0360 0.0400 0.1145 0.0548 0.0533 0.0387 0.0603 0.0780 0.0525 0.0805 0.0502
0.1215 0.2458 0.0000 0.2834 0.3211 0.1270 0.0857 0.0724 0.1880 0.1677 0.2060 0.1621 0.1325 0.2436 0.1226 0.1771 0.2493 0.5037 0.2958 0.4649 0.1911 0.2731 0.2183 0.2777 0.2157 0.2518 0.1782 0.1822 0.2099 0.3637 0.1081 0.2275 0.1565 0.1393 0.1075 0.0903 0.0949 0.0614 0.2187 0.1611 0.1270 0.1686 0.0527 0.0914 0.1223 0.2315 0.0650 0.0561 0.0703 0.0248 0.0358 0.0671 0.0227 0.0293 0.0926 0.0714 0.1887 0.0534 0.0444 0.0399 0.0303 0.0826 0.0227 0.0207 0.0228 0.2441 0.2056 0.0229 0.0182 0.1760
0.0037 0.0087 0.0000 0.0105 0.0147 0.0074 0.0047 0.0043 0.0143 0.0129 0.0160 0.0124 0.0083 0.0124 0.0062 0.0079 0.0091 0.0186 0.0094 0.0130 0.0045 0.0075 0.0043 0.0055 0.0056 0.0066 0.0052 0.0056 0.0073 0.0150 0.0048 0.0120 0.0088 0.0084 0.0080 0.0083 0.0080 0.0041 0.0145 0.0101 0.0068 0.0113 0.0040 0.0066 0.0094 0.0145 0.0074 0.0036 0.0055 0.0028 0.0034 0.0045 0.0047 0.0037 0.0105 0.0068 0.0137 0.0054 0.0032 0.0044 0.0026 0.0110 0.0039 0.0022 0.0019 0.0060 0.0019 0.0022 0.0041 0.0031
0.0129 0.0198 0.0000 0.0233 0.0222 0.0106 0.0039 0.0034 0.0162 0.1084 0.0800 0.0101 0.0040 0.0863 0.0326 0.0478 0.0550 0.1187 0.0691 0.1203 0.0399 0.0713 0.0539 0.0658 0.0661 0.0790 0.0612 0.0491 0.0694 0.1180 0.0298 0.0786 0.0462 0.0385 0.0351 0.0313 0.0279 0.0133 0.0612 0.0436 0.0355 0.0614 0.0250 0.0486 0.0748 0.1359 0.0735 0.0385 0.0725 0.0388 0.0527 0.0507 0.0526 0.0401 0.0942 0.0758 0.1834 0.0684 0.0432 0.0483 0.0511 0.1221 0.0527 0.0441 0.0309 0.0600 0.0601 0.0418 0.0683 0.0437
0.0788 0.1727 0.0000 0.2171 0.1587 0.1183 0.0557 0.0301 0.1113 0.2000 0.0617 0.0802 0.0739 0.1317 0.0602 0.0589 0.1006 0.1383 0.0549 0.0911 0.0173 0.0291 0.0333 0.2971 0.1829 0.0361 0.0145 0.1912 0.1736 0.3653 0.0959 0.2556 0.1848 0.1970 0.1579 0.1525 0.1654 0.0838 0.3941 0.2656 0.1965 0.2840 0.1229 0.2004 0.2415 0.4657 0.2026 0.0895 0.1667 0.0884 0.0932 0.0836 0.1127 0.0879 0.2558 0.2152 0.5923 0.2619 0.1791 0.2367 0.2636 0.6805 0.3260 0.2858 0.2182 0.4259 0.4188 0.2597 0.3641 0.2908
1.0749 2.2295 0.0000 2.4139 3.2911 1.3419 0.7734 0.6107 1.8823 1.9359 1.8808 1.4978 1.1776 1.7547 0.6951 0.9461 1.1581 2.4399 0.7441 1.9238 0.4692 0.4956 0.4338 0.9643 0.2644 0.4833 0.4764 0.4661 0.5884 0.8077 0.2982 0.5048 0.2520 0.2558 0.1256 0.1152 0.1897 0.7013 1.9102 0.2354 0.0903 1.9839 0.5608 1.1172 1.4021 2.7278 1.4618 0.8486 1.3543 0.7958 0.9283 0.9047 1.2459 0.9229 2.3694 1.7918 5.1795 1.9449 1.0419 1.4627 1.3219 2.8776 1.5049 1.3024 0.7973 1.1764 1.5241 1.0259 1.7827 1.4859
0.0603 0.1484 0.0000 0.2058 0.2845 0.1255 0.0773 0.0637 0.2146 0.2403 0.2503 0.1777 0.1215 0.2259 0.0945 0.1217 0.1581 0.2702 0.1536 0.2174 0.0649 0.1000 0.0730 0.0932 0.0743 0.0971 0.0737 0.0601 0.0706 0.1294 0.0362 0.0939 0.0356 0.0564 0.0355 0.0205 0.0258 0.0214 0.0288 0.0314 0.0273 0.0433 0.0183 0.0238 0.0421 0.0520 0.0192 0.0106 0.0104 0.0058 0.0110 0.0731 0.0582 0.0085 0.0113 0.1208 0.2358 0.1080 0.0598 0.0854 0.0951 0.2684 0.1203 0.1154 0.0781 0.1129 0.1423 0.0973 0.1492 0.1218
0.0101 0.0216 0.0000 0.0249 0.0282 0.0106 0.0075 0.0060 0.0165 0.0140 0.0172 0.0135 0.0116 0.0214 0.0108 0.0167 0.0235 0.0475 0.0262 0.0394 0.0116 0.0187 0.0149 0.0211 0.0177 0.0243 0.0169 0.0160 0.0184 0.0343 0.0099 0.0209 0.0137 0.0122 0.0094 0.0079 0.0083 0.0040 0.0144 0.0124 0.0090 0.0115 0.0044 0.0076 0.0102 0.0193 0.0054 0.0047 0.0059 0.0021 0.0030 0.0048 0.0019 0.0022 0.0062 0.0048 0.0151 0.0045 0.0035 0.0031 0.0024 0.0066 0.0018 0.0017 0.0018 0.0168 0.0135 0.0019 0.0015 0.0148
0.0324 0.0859 0.0000 0.1041 0.1507 0.0693 0.0415 0.0375 0.1117 0.0941 0.1129 0.0896 0.0670 0.1275 0.0637 0.0885 0.1042 0.2235 0.1056 0.1340 0.0507 0.0772 0.0514 0.0570 0.0573 0.0684 0.0626 0.0647 0.0877 0.1871 0.0603 0.1384 0.0905 0.0831 0.0639 0.0560 0.0643 0.0366 0.1397 0.1124 0.0865 0.1170 0.0465 0.0829 0.1150 0.1767 0.0849 0.0411 0.0632 0.0324 0.0391 0.0329 0.0343 0.0325 0.0817 0.0506 0.1369 0.0557 0.0332 0.0457 0.0267 0.1132 0.0386 0.0222 0.0192 0.0467 0.0187 0.0190 0.0301 0.0230
0.0023 0.0037 0.0000 0.0040 0.0039 0.0019 0.0007 0.0006 0.0028 0.0147 0.0112 0.0019 0.0008 0.0164 0.0057 0.0088 0.0102 0.0220 0.0128 0.0223 0.0069 0.0122 0.0086 0.0102 0.0102 0.0123 0.0095 0.0094 0.0129 0.0228 0.0058 0.0152 0.0090 0.0071 0.0068 0.0058 0.0056 0.0025 0.0113 0.0081 0.0071 0.0123 0.0049 0.0097 0.0149 0.0267 0.0137 0.0069 0.0112 0.0060 0.0079 0.0087 0.0098 0.0080 0.0188 0.0157 0.0366 0.0136 0.0086 0.0096 0.0102 0.0244 0.0105 0.0088 0.0062 0.0093 0.0093 0.0073 0.0109 0.0068
0.0087 0.0191 0.0000 0.0240 0.0176 0.0131 0.0062 0.0033 0.0123 0.0190 0.0068 0.0082 0.0069 0.0122 0.0064 0.0065 0.0105 0.0145 0.0058 0.0096 0.0018 0.0031 0.0035 0.0277 0.0170 0.0040 0.0016 0.0219 0.0177 0.0387 0.0105 0.0271 0.0222 0.0201 0.0161 0.0155 0.0158 0.0075 0.0344 0.0246 0.0182 0.0290 0.0124 0.0215 0.0302 0.0567 0.0253 0.0107 0.0209 0.0106 0.0119 0.0103 0.0135 0.0105 0.0328 0.0276 0.0741 0.0336 0.0213 0.0259 0.0267 0.0658 0.0302 0.0264 0.0202 0.0366 0.0394 0.0277 0.0434 0.0311
0.0127 0.0261 0.0000 0.0282 0.0374 0.0157 0.0090 0.0071 0.0220 0.0162 0.0154 0.0140 0.0102 0.0148 0.0073 0.0103 0.0127 0.0267 0.0081 0.0210 0.0050 0.0052 0.0047 0.0084 0.0028 0.0046 0.0039 0.0038 0.0062 0.0085 0.0031 0.0053 0.0027 0.0027 0.0013 0.0012 0.0020 0.0056 0.0157 0.0025 0.0010 0.0186 0.0052 0.0111 0.0144 0.0271 0.0164 0.0078 0.0125 0.0073 0.0086 0.0075 0.0094 0.0078 0.0199 0.0164 0.0475 0.0192 0.0122 0.0170 0.0155 0.0323 0.0176 0.0146 0.0093 0.0132 0.0171 0.0115 0.0209 0.0170
0.0246 0.0636 0.0000 0.0722 0.0909 0.0393 0.0216 0.0177 0.0598 0.0632 0.0644 0.0569 0.0439 0.0676 0.0338 0.0533 0.0661 0.1130 0.0561 0.0815 0.0244 0.0375 0.0274 0.0276 0.0215 0.0312 0.0237 0.0186 0.0267 0.0506 0.0142 0.0367 0.0139 0.0220 0.0134 0.0077 0.0101 0.0069 0.0109 0.0105 0.0080 0.0128 0.0069 0.0090 0.0158 0.0196 0.0073 0.0040 0.0039 0.0022 0.0042 0.0192 0.0169 0.0032 0.0043 0.0347 0.0728 0.0358 0.0206 0.0283 0.0356 0.0828 0.0371 0.0356 0.0241 0.0348 0.0409 0.0284 0.0435 0.0356
0.0104 0.0235 0.0000 0.0325 0.0385 0.0141 0.0103 0.0080 0.0225 0.0186 0.0229 0.0180 0.0159 0.0302 0.0147 0.0223 0.0278 0.0518 0.0272 0.0408 0.0119 0.0190 0.0152 0.0216 0.0180 0.0236 0.0189 0.0163 0.0225 0.0456 0.0145 0.0295 0.0182 0.0162 0.0125 0.0105 0.0111 0.0044 0.0157 0.0136 0.0099 0.0126 0.0057 0.0101 0.0136 0.0257 0.0072 0.0062 0.0075 0.0027 0.0040 0.0052 0.0024 0.0025 0.0068 0.0052 0.0194 0.0057 0.0045 0.0040 0.0031 0.0085 0.0023 0.0021 0.0023 0.0172 0.0148 0.0025 0.0020 0.0152
0.1313 0.3591 0.0000 0.4350 0.7364 0.2803 0.1678 0.1517 0.4520 0.3806 0.3952 0.3359 0.2512 0.4779 0.2388 0.3363 0.4653 0.9564 0.5371 0.6548 0.2578 0.3772 0.2614 0.2899 0.2798 0.3342 0.3186 0.3459 0.4112 0.7634 0.2179 0.5001 0.3148 0.2891 0.2172 0.1900 0.2186 0.1242 0.4746 0.3708 0.2832 0.3972 0.1699 0.3258 0.4792 0.9795 0.4023 0.1950 0.2995 0.1537 0.1855 0.1332 0.1388 0.1314 0.3306 0.2045 0.6227 0.2723 0.1620 0.2233 0.1303 0.5532 0.1755 0.1009 0.0940 0.1890 0.0849 0.0768 0.1219 0.0933
0.0126 0.0207 0.0000 0.0221 0.0216 0.0103 0.0038 0.0033 0.0158 0.0609 0.0548 0.0106 0.0042 0.0675 0.0233 0.0395 0.0469 0.0983 0.0694 0.0916 0.0284 0.0501 0.0354 0.0400 0.0409 0.0474 0.0367 0.0361 0.0497 0.0928 0.0294 0.0743 0.0519 0.0453 0.0444 0.0351 0.0369 0.0164 0.0686 0.0489 0.0469 0.0811 0.0259 0.0471 0.0643 0.1077 0.0530 0.0265 0.0434 0.0232 0.0306 0.0347 0.0388 0.0308 0.0807 0.0584 0.1690 0.0660 0.0432 0.0577 0.0730 0.1612 0.0695 0.0582 0.0408 0.0364 0.0365 0.0298 0.0448 0.0275
1.3973 3.8282 0.0000 4.8100 3.3436 2.4931 1.0557 0.5717 2.3469 2.4638 1.1706 1.1095 0.8591 1.5308 1.1069 1.1286 1.6357 2.2115 1.0062 1.6684 0.3171 0.5328 0.6106 3.5095 2.0874 0.6854 0.2784 2.6590 2.5058 5.7249 1.5557 4.0056 3.5175 2.8434 2.2809 2.1937 2.2266 1.0088 4.2390 3.0319 2.2433 3.7492 1.5273 2.7336 4.1339 7.6369 3.9949 2.1497 3.7185 2.0253 2.4445 2.1080 2.5824 2.0135 6.7080 4.8709 10.7610 4.3491 2.6377 3.2173 3.2920 8.1083 3.7213 3.2473 2.4918 4.5142 4.8563 3.4164 5.3465 3.8357
0.1167 0.2537 0.0000 0.3400 0.4984 0.2550 0.1417 0.1118 0.3447 0.1638 0.1557 0.1486 0.1089 0.1558 0.0922 0.1567 0.1877 0.4038 0.1171 0.3030 0.0665 0.0703 0.0683 0.0892 0.0375 0.0500 0.0401 0.0393 0.0844 0.1158 0.0384 0.0592 0.0361 0.0367 0.0180 0.0165 0.0272 0.0523 0.1581 0.0334 0.0129 0.1730 0.0524 0.1134 0.1511 0.2769 0.1801 0.0793 0.1265 0.0743 0.0867 0.0762 0.0869 0.0681 0.1748 0.1531 0.4016 0.1637 0.1124 0.1480 0.1609 0.4884 0.2072 0.1931 0.1530 0.2171 0.2452 0.1651 0.2885 0.2019
0.0122 0.0267 0.0000 0.0303 0.0388 0.0168 0.0103 0.0085 0.0286 0.0302 0.0308 0.0253 0.0193 0.0323 0.0162 0.0218 0.0293 0.0599 0.0367 0.0627 0.0238 0.0353 0.0258 0.0145 0.0113 0.0164 0.0124 0.0098 0.0173 0.0412 0.0113 0.0299 0.0104 0.0165 0.0093 0.0053 0.0076 0.0036 0.0075 0.0056 0.0042 0.0067 0.0048 0.0063 0.0100 0.0107 0.0051 0.0028 0.0027 0.0015 0.0029 0.0093 0.0089 0.0022 0.0030 0.0166 0.0350 0.0172 0.0102 0.0136 0.0184 0.0399 0.0179 0.0171 0.0116 0.0168 0.0184 0.0124 0.0191 0.0166
0.0343 0.0779 0.0000 0.1079 0.1470 0.0783 0.0444 0.0390 0.1359 0.1215 0.1204 0.0947 0.0807 0.1317 0.0517 0.0702 0.0876 0.1634 0.0874 0.1311 0.0417 0.0668 0.0534 0.0757 0.0633 0.0790 0.0625 0.0574 0.0791 0.1436 0.0442 0.1113 0.0845 0.0886 0.0836 0.0841 0.0843 0.0166 0.0592 0.0512 0.0371 0.0473 0.0259 0.0647 0.0860 0.1624 0.0393 0.0339 0.0370 0.0130 0.0216 0.0196 0.0119 0.0096 0.0255 0.0197 0.0963 0.0284 0.0200 0.0157 0.0154 0.0420 0.0115 0.0105 0.0116 0.0607 0.0557 0.0120 0.0097 0.0533
0.0297 0.0814 0.0000 0.0986 0.1669 0.0635 0.0380 0.0344 0.1024 0.0862 0.0898 0.0708 0.0530 0.1072 0.0486 0.0685 0.0967 0.1947 0.1106 0.2044 0.0601 0.1029 0.0850 0.1019 0.0828 0.0988 0.0873 0.0782 0.0847 0.1547 0.0442 0.1013 0.0674 0.0619 0.0508 0.0445 0.0511 0.0290 0.1110 0.0826 0.0624 0.0929 0.0397 0.0683 0.1005 0.1846 0.1039 0.0593 0.1114 0.0653 0.0854 0.0301 0.0314 0.0297 0.0749 0.0463 0.1721 0.0975 0.0576 0.0793 0.0398 0.1691 0.0519 0.0298 0.0287 0.0428 0.0251 0.0175 0.0276 0.0211
0.6067 0.9970 0.0000 0.8426 1.0377 0.4962 0.1819 0.1568 0.7580 2.3163 2.0160 0.5098 0.2000 2.5629 1.4750 1.9278 2.6066 4.7909 2.7321 4.7544 1.5792 2.8210 2.2224 3.5448 2.3578 2.9397 1.8882 1.8269 2.0967 4.0035 1.1383 2.6133 1.7882 1.5241 1.3496 1.2376 1.0297 0.5254 2.4184 1.7216 1.2362 1.7554 0.8053 1.3987 2.1554 3.9146 1.9582 1.0268 1.8993 1.0685 1.2604 1.2621 1.3067 1.0116 2.3652 1.8726 4.5293 1.8027 1.1692 1.4439 1.2783 3.2789 1.5263 1.2781 0.8953 4.7598 4.3224 1.8893 3.2561 3.0782
0.0415 0.0799 0.0000 0.1004 0.0734 0.0547 0.0291 0.0158 0.0515 0.1421 0.0323 0.0544 0.0599 0.1066 0.0339 0.0317 0.0664 0.0922 0.0309 0.0513 0.0097 0.0164 0.0188 0.0987 0.0965 0.0189 0.0078 0.0553 0.0888 0.1625 0.0484 0.1137 0.0823 0.0877 0.0752 0.0733 0.0831 0.0543 0.1651 0.1200 0.0737 0.1155 0.0411 0.0744 0.1010 0.1694 0.0859 0.0398 0.0702 0.0393 0.0376 0.0372 0.0501 0.0391 0.0974 0.0672 0.2088 0.0824 0.0564 0.0746 0.0776 0.2003 0.1041 0.0956 0.0654 0.1102 0.1097 0.0717 0.1000 0.0785
0.0291 0.0645 0.0000 0.0791 0.0877 0.0395 0.0246 0.0194 0.0598 0.1679 0.1893 0.0767 0.0652 0.1481 0.0333 0.0422 0.0516 0.1087 0.0332 0.0858 0.0223 0.0236 0.0193 0.0693 0.0126 0.0356 0.0444 0.0435 0.0322 0.0397 0.0194 0.0332 0.0138 0.0141 0.0069 0.0063 0.0104 0.0233 0.1039 0.0112 0.0044 0.0537 0.0520 0.0707 0.0958 0.1726 0.0749 0.0451 0.0823 0.0436 0.0509 0.0453 0.0475 0.0396 0.1024 0.0840 0.1978 0.0831 0.0502 0.0612 0.0645 0.1475 0.0730 0.0667 0.0370 0.0603 0.0781 0.0525 0.0782 0.0535
0.0142 0.0311 0.0000 0.0432 0.0551 0.0239 0.0151 0.0127 0.0393 0.0378 0.0385 0.0326 0.0222 0.0386 0.0161 0.0234 0.0312 0.0588 0.0272 0.0425 0.0137 0.0211 0.0154 0.0311 0.0228 0.0549 0.0307 0.0219 0.0268 0.0383 0.0107 0.0278 0.0105 0.0167 0.0135 0.0078 0.0079 0.0089 0.0109 0.0124 0.0096 0.0153 0.0071 0.0091 0.0166 0.0205 0.0075 0.0041 0.0041 0.0023 0.0043 0.0137 0.0166 0.0032 0.0043 0.0206 0.0945 0.0358 0.0238 0.0283 0.0267 0.0764 0.0389 0.0356 0.0269 0.0397 0.0397 0.0286 0.0400 0.0317
0.1093 0.2555 0.0000 0.2888 0.3812 0.1529 0.1011 0.0871 0.2127 0.2018 0.2480 0.1950 0.1415 0.2256 0.1211 0.1650 0.2327 0.4701 0.2507 0.3764 0.1338 0.2288 0.1613 0.2051 0.1599 0.2057 0.1451 0.1384 0.1595 0.3109 0.0949 0.2203 0.1267 0.1212 0.1009 0.0848 0.0891 0.0825 0.2798 0.2555 0.2442 0.2500 0.0845 0.1100 0.1472 0.2786 0.0782 0.0675 0.1120 0.0395 0.0460 0.1149 0.0362 0.0494 0.1376 0.1061 0.3190 0.0878 0.0749 0.0674 0.0512 0.1396 0.0383 0.0350 0.0385 0.2045 0.2389 0.0365 0.0299 0.1337
0.1185 0.2496 0.0000 0.3022 0.3949 0.1983 0.1271 0.1164 0.3869 0.4142 0.3387 0.2839 0.1892 0.3347 0.1363 0.1978 0.2459 0.4584 0.2525 0.3514 0.1205 0.2023 0.1171 0.1490 0.1501 0.1792 0.1347 0.1180 0.1745 0.3201 0.1032 0.2568 0.1701 0.1565 0.1498 0.1397 0.1416 0.0722 0.2563 0.1894 0.1276 0.1999 0.0714 0.1301 0.1898 0.3220 0.1372 0.0715 0.1183 0.0607 0.0733 0.2030 0.2077 0.1185 0.3487 0.3854 0.4452 0.1461 0.0869 0.1197 0.0699 0.2968 0.1248 0.0718 0.0504 0.2586 0.0604 0.0894 0.2042 0.1562
0.0114 0.0168 0.0000 0.0243 0.0196 0.0094 0.0034 0.0030 0.0143 0.0491 0.0560 0.0084 0.0034 0.0393 0.0271 0.0484 0.0702 0.1203 0.0567 0.0831 0.0266 0.0455 0.0321 0.0366 0.0288 0.0367 0.0287 0.0319 0.0358 0.0736 0.0236 0.0541 0.0371 0.0386 0.0280 0.0289 0.0261 0.0133 0.0613 0.0436 0.0289 0.0365 0.0167 0.0287 0.0401 0.0720 0.0336 0.0168 0.0265 0.0145 0.0176 0.0188 0.0210 0.0179 0.0437 0.0311 0.0852 0.0371 0.0243 0.0300 0.0277 0.0766 0.0387 0.0324 0.0227 0.0376 0.0356 0.0347 0.0541 0.0300
0.3248 0.3732 0.0000 0.4689 0.3599 0.2555 0.1750 0.0916 0.2723 0.3898 0.1874 0.1919 0.1355 0.2241 0.2130 0.2172 0.3148 0.4032 0.1936 0.3211 0.0610 0.1025 0.1175 0.2393 0.2174 0.1097 0.0536 0.1689 0.2482 0.5671 0.1581 0.3968 0.3484 0.2817 0.2258 0.2173 0.2206 0.0999 0.3627 0.2759 0.2061 0.3712 0.1291 0.2514 0.3985 0.6666 0.3638 0.2205 0.2977 0.2005 0.2686 0.2774 0.3292 0.2567 0.5224 0.3206 0.8399 0.3218 0.1992 0.2523 0.2446 0.6034 0.2667 0.2380 0.1677 0.2953 0.3177 0.2332 0.3510 0.2396
0.0448 0.1085 0.0000 0.1444 0.1880 0.0913 0.0642 0.0559 0.1724 0.1019 0.0968 0.0924 0.0677 0.0968 0.0621 0.1745 0.1821 0.4034 0.1068 0.2762 0.0545 0.0576 0.0622 0.0555 0.0307 0.0313 0.0249 0.0244 0.0674 0.0925 0.0307 0.0450 0.0288 0.0293 0.0144 0.0132 0.0217 0.0237 0.0983 0.0274 0.0103 0.0705 0.0311 0.0673 0.0940 0.1643 0.1069 0.0471 0.0751 0.0441 0.0515 0.0452 0.0481 0.0400 0.1038 0.0909 0.2140 0.0946 0.0667 0.0812 0.0921 0.2748 0.1042 0.1146 0.0872 0.1446 0.1727 0.1162 0.1381 0.0841
