0.7644 0.0508 0.0015 0.0495 0.0214 0.0255 0.0242 0.0071 0.0330 0.0038 0.0031 0.0058 0.0048 0.0557 0.0035 0.0037 0.0096 0.0176 0.0036 0.0048 0.0006 0.0013 0.0001 0.0000 0.0002 0.0003 0.0006 0.0001 0.0005 0.0025 0.0008 0.0053 0.0018 0.0004 0.0011 0.0036 0.0003 0.0001 0.0046 0.0053 0.0002 0.0081 0.0003 0.0003 0.0004 0.0013 0.0001 0.0000 0.0001 0.0000 0.0000 0.0003 0.0002 0.1597 0.0683 0.0013 0.0192 0.0001 0.0000 0.0001 0.0000 0.0003 0.0000 0.0000 0.0000 0.0002 0.0000 0.0000 0.0000 0.0000
0.0000 0.0000 0.0000 0.0000 0.0000 0.0000 0.0000 0.0000 0.0000 0.0004 0.0013 0.0000 0.0000 0.0006 0.0242 0.6812 0.2133 3.3506 0.0531 0.3074 0.0134 0.0478 0.0270 0.0021 0.0016 0.0047 0.0133 0.0200 0.0073 0.1195 0.0140 0.0401 0.0195 0.0021 0.0092 0.0363 0.0002 0.0001 0.0236 0.0125 0.0011 0.0152 0.0087 0.0035 0.0063 0.0452 0.0058 0.0031 0.0019 0.0006 0.0004 0.0004 0.0011 0.0024 0.0097 0.0024 0.0261 0.0047 0.0034 0.0047 0.0004 0.0052 0.0003 0.0001 0.0002 0.0007 0.0004 0.0069 0.0150 0.0018
0.0052 0.0003 0.0000 0.0005 0.0000 0.0001 0.0000 0.0000 0.0000 0.0001 0.0000 0.0000 0.0000 0.0000 0.0000 0.0000 0.0000 0.0000 0.0000 0.0000 0.0000 0.0000 0.0000 0.0000 0.0001 0.0000 0.0000 0.0000 0.0014 0.0448 0.1016 0.0229 0.0021 0.0010 0.0022 0.0072 0.0006 0.0001 0.0014 0.0015 0.0001 0.0211 0.0007 0.0009 0.0012 0.0036 0.0011 0.0003 0.0005 0.0002 0.0000 0.0000 0.0001 0.0001 0.0005 0.0001 0.0083 0.0005 0.0003 0.0008 0.0002 0.0017 0.0001 0.0001 0.0001 0.0001 0.0001 0.0001 0.0002 0.0003
0.0014 0.0061 0.0004 0.0075 0.0027 0.0007 0.0003 0.0001 0.0004 0.0037 0.0015 0.0591 0.0640 0.0132 0.1058 0.0004 0.0014 0.0057 0.0000 0.0034 0.0010 0.0000 0.0000 0.0008 0.0000 0.0000 0.0000 0.0000 0.0003 0.0000 0.0001 0.0000 0.0000 0.0000 0.0000 0.0000 0.0000 0.0000 0.0040 0.0000 0.0000 0.0014 0.0341 0.3851 0.0563 5.1574 0.0353 0.0370 0.0266 0.0173 0.0082 0.0009 0.0015 0.0028 0.0222 0.0457 0.2606 0.0551 0.0242 0.0284 0.0172 0.0601 0.0062 0.0072 0.0009 0.0004 0.0045 0.0011 0.0035 0.0036
0.0459 0.0642 0.0061 0.2083 0.1922 0.0330 0.0067 0.0027 0.0192 0.0155 0.0246 0.0581 0.0244 0.0673 0.0081 0.0125 0.0751 0.1565 0.0052 0.0230 0.0015 0.0013 0.0010 0.0022 0.0011 0.1145 0.1456 0.0020 0.0500 0.0106 0.0008 0.0080 0.0000 0.0005 0.0016 0.0000 0.0000 0.0002 0.0000 0.0000 0.0000 0.0000 0.0003 0.0000 0.0001 0.0000 0.0000 0.0000 0.0000 0.0000 0.0000 0.0002 0.0016 0.0000 0.0000 0.0011 0.3403 0.2202 0.0430 0.1729 3.3884 2.8042 0.1017 0.1952 0.2044 0.0263 0.0232 0.0112 0.0550 0.6903
0.0242 0.1246 0.0197 0.2881 1.3827 0.1056 0.0713 0.0369 0.0213 0.0075 0.0838 0.0798 0.0435 0.0832 0.0552 0.0222 0.0748 0.2022 0.0174 0.0511 0.0019 0.0032 0.0028 0.0017 0.0022 0.0081 0.0173 0.0021 0.0053 0.0744 0.0143 0.1016 0.0077 0.0028 0.0064 0.0101 0.0008 0.0003 0.0043 0.0175 0.0017 0.0075 0.0035 0.0046 0.0023 0.0263 0.0000 0.0026 0.0000 0.0000 0.0000 0.0000 0.0000 0.0000 0.0000 0.0000 0.0002 0.0000 0.0000 0.0000 0.0000 0.0000 0.0000 0.0000 0.0000 0.0003 0.0012 0.0000 0.0000 0.0009
0.0055 0.0242 0.0005 0.0236 0.0929 0.2698 0.0262 0.0152 0.0705 0.0072 0.0066 0.0126 0.0104 0.2422 0.0153 0.0161 0.0418 0.0766 0.0158 0.0207 0.0026 0.0055 0.0004 0.0001 0.0010 0.0014 0.0026 0.0003 0.0022 0.0108 0.0034 0.0232 0.0078 0.0019 0.0025 0.0077 0.0006 0.0006 0.0199 0.0231 0.0011 0.0351 0.0015 0.0012 0.0016 0.0056 0.0003 0.0002 0.0002 0.0000 0.0000 0.0001 0.0002 0.0021 0.0082 0.0004 0.0061 0.0004 0.0001 0.0004 0.0000 0.0012 0.0000 0.0000 0.0000 0.0000 0.0000 0.0000 0.0000 0.0000
0.0000 0.0000 0.0000 0.0000 0.0000 0.0000 0.0000 0.0000 0.0000 0.0004 0.0014 0.0000 0.0000 0.0012 0.0060 0.0023 0.0054 0.0231 0.0085 0.1732 0.0687 0.0369 0.0209 0.0016 0.0012 0.0036 0.0102 0.0076 0.0028 0.0266 0.0022 0.0066 0.0031 0.0003 0.0015 0.0058 0.0000 0.0000 0.0038 0.0020 0.0002 0.0024 0.0014 0.0006 0.0014 0.0101 0.0022 0.0012 0.0014 0.0004 0.0003 0.0001 0.0004 0.0008 0.0022 0.0009 0.0068 0.0008 0.0005 0.0007 0.0001 0.0008 0.0000 0.0000 0.0000 0.0004 0.0003 0.0017 0.0039 0.0007
0.0009 0.0010 0.0000 0.0015 0.0000 0.0003 0.0000 0.0000 0.0000 0.0003 0.0000 0.0000 0.0000 0.0000 0.0000 0.0000 0.0000 0.0000 0.0000 0.0000 0.0000 0.0000 0.0000 0.0005 0.0015 0.0000 0.0000 0.0002 0.0082 0.0842 0.0030 0.0431 0.0364 0.0406 0.1289 1.4543 0.0539 0.0062 0.1201 0.1279 0.0171 1.2251 0.0388 0.0331 0.0200 0.0626 0.0191 0.0045 0.0092 0.0036 0.0002 0.0001 0.0017 0.0015 0.0080 0.0014 0.1411 0.0091 0.0107 0.0298 0.0125 0.0977 0.0071 0.0064 0.0101 0.0047 0.0069 0.0036 0.0060 0.0151
0.0160 0.0471 0.0031 0.0529 0.0187 0.0048 0.0017 0.0004 0.0023 0.0297 0.0224 0.1414 0.0993 0.0606 0.0039 0.0021 0.0047 0.0308 0.0000 0.0113 0.0000 0.0000 0.0000 0.0004 0.0000 0.0000 0.0000 0.0000 0.0000 0.0000 0.0000 0.0000 0.0000 0.0000 0.0000 0.0000 0.0000 0.0018 0.1415 0.0000 0.0000 0.0348 0.0334 0.0307 0.0127 0.1201 0.0652 0.1624 0.2373 0.1774 0.3679 0.0286 0.0497 0.0898 0.2571 0.2004 1.1496 0.1421 0.0447 0.0538 0.0318 0.1109 0.0115 0.0132 0.0017 0.0008 0.0082 0.0020 0.0064 0.0066
0.0320 0.0497 0.0059 0.2027 0.3200 0.0549 0.0537 0.0334 0.1527 0.0536 0.0409 0.0849 0.0238 0.1113 0.0092 0.0096 0.0523 0.1091 0.0036 0.0160 0.0010 0.0009 0.0007 0.0220 0.0136 0.0422 0.3220 0.0127 0.0015 0.0074 0.0005 0.0056 0.0000 0.0004 0.0000 0.0000 0.0000 0.0004 0.0000 0.0000 0.0000 0.0001 0.0000 0.0000 0.0000 0.0000 0.0000 0.0000 0.0000 0.0000 0.0000 0.0027 0.0194 0.0000 0.0000 0.0019 0.0815 0.0095 0.0026 0.0075 0.0078 0.2898 0.0214 0.0470 0.1562 1.6746 0.1297 0.0389 0.0243 0.0713
0.0245 0.0583 0.0018 0.0272 0.0603 0.0046 0.0031 0.0016 0.0009 0.0003 0.0037 0.0035 0.0019 0.0037 0.0041 0.0023 0.0223 0.0946 0.0170 0.0802 0.0163 0.0372 0.0237 0.0091 0.0052 0.0057 0.0055 0.0029 0.0014 0.0075 0.0013 0.0044 0.0003 0.0001 0.0003 0.0004 0.0000 0.0599 1.1946 0.0323 0.0129 0.5521 0.0005 0.0002 0.0001 0.0011 0.0000 0.0001 0.0000 0.0000 0.0000 0.0001 0.0000 0.0000 0.0001 0.0001 0.0001 0.0000 0.0000 0.0000 0.0000 0.0000 0.0000 0.0000 0.0000 0.0067 0.0520 0.0000 0.0000 0.0012
0.0014 0.0045 0.0001 0.0044 0.0173 0.0139 0.0067 0.0066 0.0969 0.0719 1.0842 0.4116 0.0437 0.0450 0.0188 0.0044 0.0078 0.0256 0.0029 0.0039 0.0005 0.0010 0.0001 0.0000 0.0002 0.0003 0.0005 0.0001 0.0010 0.0087 0.0027 0.0185 0.0093 0.0036 0.0587 0.2787 0.0152 0.0113 0.1671 0.0390 0.0019 0.1274 0.0053 0.0013 0.0012 0.0021 0.0007 0.0002 0.0001 0.0000 0.0000 0.0011 0.0020 0.0005 0.0113 0.0013 0.0011 0.0001 0.0000 0.0001 0.0000 0.0002 0.0000 0.0000 0.0000 0.0000 0.0000 0.0000 0.0000 0.0000
0.0000 0.0000 0.0000 0.0000 0.0000 0.0000 0.0000 0.0000 0.0000 0.2279 0.1223 0.0000 0.0000 0.0390 0.0106 0.0120 0.0214 0.1184 0.0438 0.6018 0.0532 0.2183 0.3916 0.1374 0.5438 3.0374 0.6603 0.0391 0.1068 0.2268 0.0114 0.0690 0.0160 0.0017 0.0075 0.0299 0.0002 0.0001 0.0193 0.0103 0.0011 0.0291 0.0203 0.0154 0.0350 0.2516 0.0818 0.0700 0.2354 0.0973 0.0522 0.0201 0.0276 0.0222 0.0579 0.0474 0.3571 0.0216 0.0084 0.0090 0.0019 0.0105 0.0003 0.0001 0.0002 0.0373 0.0269 0.0030 0.0393 0.0264
0.0001 0.0001 0.0000 0.0002 0.0000 0.0000 0.0000 0.0000 0.0000 0.0001 0.0000 0.0000 0.0000 0.0000 0.0000 0.0000 0.0000 0.0000 0.0000 0.0000 0.0000 0.0000 0.0000 0.0027 0.0033 0.0000 0.0000 0.0003 0.0009 0.0093 0.0003 0.0047 0.0040 0.0045 0.0140 0.1053 0.0066 0.0012 0.1269 0.1521 0.1069 0.2133 0.0288 0.0054 0.0022 0.0126 0.0021 0.0005 0.0010 0.0004 0.0000 0.0000 0.0002 0.0002 0.0010 0.0003 0.0395 0.0044 0.0052 0.0143 0.0090 0.1133 0.0192 0.0076 0.0277 0.0128 0.0089 0.0019 0.0031 0.0153
0.0042 0.0062 0.0002 0.0032 0.0025 0.0003 0.0000 0.0000 0.0001 0.0016 0.0012 0.0040 0.0032 0.0030 0.0001 0.0001 0.0001 0.0009 0.0000 0.0003 0.0000 0.0000 0.0000 0.0000 0.0000 0.0000 0.0000 0.0000 0.0000 0.0000 0.0000 0.0000 0.0000 0.0000 0.0000 0.0000 0.0000 0.0006 0.0075 0.0000 0.0000 0.0093 0.0046 0.0086 0.0023 0.0337 0.0183 0.0456 0.0330 0.0212 0.0102 0.0011 0.0019 0.0034 0.0435 0.2274 0.8257 0.0399 0.0126 0.0151 0.0089 0.0312 0.0032 0.0037 0.0005 0.0002 0.0023 0.0006 0.0018 0.0021
0.0725 0.1939 0.0228 0.7914 1.3794 0.2366 0.0335 0.0076 0.1019 0.1115 0.1764 0.3661 0.0993 0.4829 0.0399 0.0390 0.1262 0.2042 0.0080 0.0270 0.0017 0.0015 0.0012 0.0050 0.0031 0.0350 0.0734 0.0029 0.0025 0.0125 0.0009 0.0094 0.0000 0.0006 0.0001 0.0000 0.0000 0.0001 0.0000 0.0000 0.0000 0.0000 0.0000 0.0000 0.0000 0.0000 0.0000 0.0000 0.0000 0.0000 0.0000 0.0006 0.0044 0.0000 0.0000 0.0081 0.1573 0.0426 0.0058 0.0335 0.0351 1.2963 0.0470 0.0897 0.0945 0.0153 0.0711 0.0385 0.1714 0.8160
1.8567 1.0728 0.0096 0.6218 0.2768 0.0127 0.0152 0.0044 0.0071 0.0009 0.0101 0.0096 0.0266 0.0951 0.1315 0.1238 1.2096 5.1307 1.0945 3.4189 0.0884 0.0609 0.1282 0.0938 0.1093 0.3416 0.3190 0.1002 0.0482 0.4290 0.0443 0.1161 0.0104 0.0017 0.0024 0.0037 0.0003 0.0007 0.0119 0.0383 0.0038 0.0165 0.0013 0.0005 0.0003 0.0032 0.0000 0.0003 0.0000 0.0000 0.0000 0.0000 0.0000 0.0000 0.0000 0.0000 0.0001 0.0000 0.0000 0.0000 0.0000 0.0000 0.0000 0.0000 0.0000 0.0063 0.0033 0.0000 0.0000 0.0413
0.0033 0.0366 0.0005 0.0357 0.1414 0.0664 0.0158 0.0135 0.0626 0.0064 0.0086 0.0184 0.0139 0.2166 0.0909 0.2946 0.0969 0.9173 0.0253 0.0315 0.0041 0.0084 0.0007 0.0002 0.0015 0.0021 0.0088 0.0020 0.0163 0.1297 0.0405 0.2778 0.0469 0.0111 0.0104 0.0140 0.0029 0.0036 0.1192 0.1840 0.0126 0.2471 0.0142 0.0147 0.0118 0.0343 0.0017 0.0007 0.0005 0.0001 0.0000 0.0001 0.0002 0.0012 0.0073 0.0004 0.0092 0.0006 0.0002 0.0007 0.0000 0.0019 0.0000 0.0000 0.0000 0.0000 0.0000 0.0000 0.0000 0.0000
0.0000 0.0000 0.0000 0.0000 0.0000 0.0000 0.0000 0.0000 0.0000 0.0074 0.0128 0.0000 0.0000 0.0765 0.0101 0.0554 0.0892 0.5445 0.7273 1.1660 0.0507 0.1803 0.1025 0.0079 0.0060 0.0176 0.0506 0.0758 0.0525 0.6896 1.4876 1.6513 0.5529 0.0283 0.2613 0.4976 0.0034 0.0014 0.3233 0.1714 0.0202 0.5140 0.3594 0.1425 0.1117 0.3831 0.0417 0.0222 0.0095 0.0022 0.0022 0.0026 0.0077 0.0202 0.1636 0.0215 1.0726 0.1944 0.1407 0.1594 0.0151 0.0949 0.0038 0.0018 0.0027 0.0021 0.0015 0.0028 0.0102 0.0034
0.0004 0.0008 0.0000 0.0012 0.0000 0.0003 0.0000 0.0000 0.0000 0.0000 0.0000 0.0000 0.0000 0.0000 0.0000 0.0000 0.0000 0.0000 0.0000 0.0000 0.0000 0.0000 0.0000 0.0000 0.0001 0.0000 0.0000 0.0000 0.0001 0.0063 0.0003 0.0032 0.0098 0.0013 0.0020 0.0134 0.0007 0.0001 0.0030 0.0036 0.0004 0.0393 0.0104 0.0143 0.0162 0.3025 0.0107 0.0012 0.0052 0.0010 0.0001 0.0000 0.0005 0.0004 0.0082 0.0026 0.3252 0.0293 0.0120 0.0159 0.0033 0.0261 0.0006 0.0002 0.0009 0.0012 0.0018 0.0013 0.0063 0.0047
0.0394 0.2067 0.0106 0.1487 0.0530 0.0073 0.0015 0.0003 0.0021 0.0006 0.0005 0.0033 0.0020 0.0012 0.0011 0.0008 0.0019 0.0123 0.0000 0.0045 0.0000 0.0000 0.0000 0.0000 0.0000 0.0000 0.0000 0.0000 0.0000 0.0000 0.0000 0.0000 0.0000 0.0000 0.0000 0.0000 0.0000 0.0001 0.0029 0.0000 0.0000 0.0137 0.0015 0.0068 0.0026 0.0268 0.1118 0.0153 0.0110 0.0071 0.0034 0.0004 0.0006 0.0011 0.0092 0.0189 0.1795 0.0240 0.0752 0.0884 0.3351 0.1903 0.0787 0.0227 0.0039 0.0013 0.0141 0.0034 0.0266 0.0454
0.1634 0.1216 0.0050 0.0817 0.0642 0.0110 0.0016 0.0005 0.0047 0.0052 0.0082 0.0228 0.0189 0.0283 0.0154 0.0237 0.1423 0.9590 0.0319 0.0848 0.0033 0.0029 0.0023 0.0004 0.0002 0.0025 0.0053 0.0002 0.0011 0.0163 0.0012 0.0123 0.0000 0.0008 0.0000 0.0000 0.0000 0.0000 0.0000 0.0000 0.0000 0.0000 0.0000 0.0000 0.0000 0.0000 0.0000 0.0000 0.0000 0.0000 0.0000 0.0000 0.0003 0.0000 0.0000 0.0004 0.0110 0.0071 0.0018 0.0056 0.0450 0.0907 0.0033 0.0063 0.0066 0.0009 0.0008 0.0004 0.0018 0.0223
0.0027 0.0138 0.0022 0.0319 0.1531 0.6480 0.0079 0.0286 0.0678 0.0137 0.1532 0.1460 0.0549 0.0307 0.0061 0.0025 0.0083 0.0224 0.0019 0.0057 0.0002 0.0004 0.0003 0.0002 0.0002 0.0009 0.0019 0.0002 0.0006 0.0082 0.0016 0.0113 0.0044 0.0035 0.0204 0.0323 0.0026 0.0000 0.0005 0.0019 0.0002 0.0008 0.0031 0.0083 0.0043 0.0482 0.0000 0.0047 0.0001 0.0000 0.0000 0.0000 0.0000 0.0000 0.0000 0.0000 0.0003 0.0000 0.0000 0.0000 0.0000 0.0000 0.0000 0.0000 0.0000 0.0000 0.0001 0.0000 0.0000 0.0001
0.0005 0.0078 0.0002 0.0076 0.2287 0.0101 0.0024 0.0021 0.0095 0.0010 0.0009 0.0017 0.0014 0.0327 0.0036 0.0039 0.1011 0.1806 0.1556 0.0510 0.1611 0.0136 0.0049 0.0003 0.0023 0.0035 0.0610 0.0121 0.0131 0.0315 0.0034 0.0110 0.0019 0.0004 0.0004 0.0010 0.0001 0.0001 0.0047 0.0073 0.0010 0.0105 0.0029 0.0036 0.0050 0.0580 0.0100 0.0050 0.0032 0.0005 0.0003 0.0000 0.0000 0.0002 0.0011 0.0001 0.0050 0.0009 0.0003 0.0011 0.0000 0.0031 0.0000 0.0000 0.0000 0.0000 0.0000 0.0000 0.0000 0.0000
0.0000 0.0000 0.0000 0.0000 0.0000 0.0000 0.0000 0.0000 0.0000 0.0001 0.0002 0.0000 0.0000 0.0004 0.0004 0.0022 0.0036 0.0218 0.0615 0.0464 0.0020 0.0072 0.0041 0.0003 0.0002 0.0007 0.0020 0.0030 0.0011 0.0180 0.0076 0.0220 0.0226 0.0167 0.0106 0.7671 0.0020 0.0008 0.1901 0.1015 0.0090 0.0359 0.0058 0.0019 0.0015 0.0068 0.0009 0.0005 0.0003 0.0001 0.0001 0.0001 0.0002 0.0004 0.0022 0.0004 0.0143 0.0026 0.0019 0.0054 0.0016 0.0425 0.0023 0.0011 0.0016 0.0001 0.0001 0.0001 0.0004 0.0001
0.0230 0.2170 0.0058 0.3099 0.0014 0.0710 0.0004 0.0000 0.0002 0.0001 0.0000 0.0000 0.0000 0.0000 0.0001 0.0000 0.0000 0.0000 0.0000 0.0000 0.0000 0.0000 0.0000 0.0004 0.0012 0.0000 0.0000 0.0004 0.0002 0.0122 0.0008 0.0063 0.0404 0.0025 0.0039 0.0254 0.0014 0.0002 0.0031 0.0033 0.0005 0.0750 0.0066 0.0041 0.0106 0.0661 0.0280 0.1455 0.0526 0.0282 0.8224 0.0342 0.1523 0.1368 0.7222 0.0356 0.6018 0.0186 0.0076 0.0100 0.0021 0.0166 0.0004 0.0002 0.0006 0.0008 0.0012 0.0008 0.0040 0.0042
0.0010 0.0034 0.0002 0.0133 0.0262 0.0149 0.0190 0.0039 0.0262 0.0000 0.0000 0.0001 0.0001 0.0001 0.0004 0.0193 0.0341 0.2816 0.0000 0.0434 0.0000 0.0000 0.0000 0.0000 0.0000 0.0000 0.0000 0.0000 0.0000 0.0000 0.0000 0.0000 0.0000 0.0000 0.0000 0.0000 0.0000 0.0000 0.0001 0.0000 0.0000 0.0002 0.0000 0.0001 0.0001 0.0005 0.0019 0.0003 0.0002 0.0001 0.0001 0.0000 0.0000 0.0000 0.0002 0.0003 0.0018 0.0004 0.0006 0.0007 0.0009 0.0532 0.0004 0.0027 0.0193 0.3864 0.0237 0.0057 0.0036 0.0011
0.0046 0.0035 0.0001 0.0030 0.0028 0.0005 0.0001 0.0000 0.0003 0.0002 0.0004 0.0008 0.0005 0.0011 0.0006 0.0007 0.0041 0.0274 0.0050 0.0487 0.0114 0.0222 0.0181 0.0000 0.0000 0.0002 0.0004 0.0000 0.0006 0.4474 0.0196 0.3481 0.0001 0.0075 0.0001 0.0000 0.0000 0.0000 0.0000 0.0000 0.0000 0.0000 0.0000 0.0000 0.0000 0.0000 0.0000 0.0000 0.0000 0.0000 0.0000 0.0000 0.0000 0.0000 0.0000 0.0000 0.0243 0.0157 0.0040 0.0124 0.0995 0.2004 0.0073 0.0140 0.0146 0.0019 0.0017 0.0008 0.0039 0.0493
0.0056 0.0290 0.0046 0.0671 0.3221 0.4061 0.0166 0.0601 0.4027 0.1724 3.2867 1.8411 0.0714 0.0397 0.0129 0.0052 0.0174 0.0471 0.0041 0.0119 0.0004 0.0007 0.0006 0.0004 0.0005 0.0019 0.0040 0.0005 0.0012 0.0173 0.0033 0.0237 0.0057 0.0045 0.0245 0.0387 0.0031 0.0001 0.0010 0.0041 0.0004 0.0018 0.0066 0.1058 0.0545 0.6077 0.0004 0.0595 0.0004 0.0000 0.0000 0.0000 0.0000 0.0000 0.0000 0.0000 0.0013 0.0000 0.0000 0.0000 0.0000 0.0000 0.0000 0.0000 0.0000 0.0001 0.0003 0.0000 0.0000 0.0002
0.0001 0.0021 0.0001 0.0020 0.0613 0.0027 0.0006 0.0005 0.0025 0.0003 0.0002 0.0005 0.0004 0.0088 0.0005 0.0010 0.0131 0.0232 0.0104 0.2256 0.0017 0.0255 0.0207 0.0068 0.0622 0.2356 0.0122 0.0004 0.0008 0.0030 0.0003 0.0014 0.0003 0.0001 0.0001 0.0003 0.0000 0.0000 0.0007 0.0009 0.0001 0.0013 0.0003 0.0003 0.0005 0.0036 0.0006 0.0010 0.0025 0.0004 0.0003 0.0000 0.0000 0.0000 0.0003 0.0000 0.0108 0.0252 0.0067 0.0292 0.0000 0.0814 0.0000 0.0000 0.0000 0.0000 0.0000 0.0000 0.0000 0.0000
0.0000 0.0000 0.0000 0.0000 0.0000 0.0000 0.0000 0.0000 0.0000 0.0001 0.0002 0.0000 0.0000 0.0002 0.0004 0.0020 0.0032 0.0195 0.0551 0.0415 0.0018 0.0065 0.0037 0.0003 0.0002 0.0008 0.0020 0.0027 0.0050 0.0354 0.0091 0.0744 0.0488 0.0244 0.0893 0.2636 0.0209 0.0020 0.1713 0.0908 0.2677 0.6793 0.0642 0.0136 0.0107 0.0367 0.0040 0.0021 0.0009 0.0001 0.0002 0.0002 0.0007 0.0019 0.0156 0.0027 0.1331 0.0185 0.0134 0.0594 0.0310 0.8053 0.0263 0.0121 0.0182 0.0001 0.0001 0.0001 0.0004 0.0001
0.0009 0.0142 0.0003 0.0203 0.0001 0.0028 0.0000 0.0000 0.0000 0.0000 0.0000 0.0000 0.0000 0.0000 0.0000 0.0000 0.0000 0.0000 0.0000 0.0000 0.0000 0.0000 0.0000 0.0000 0.0000 0.0000 0.0000 0.0001 0.0001 0.0031 0.0002 0.0016 0.0102 0.0006 0.0010 0.0064 0.0004 0.0000 0.0019 0.0020 0.0002 0.0209 0.0057 0.0036 0.0066 0.0573 0.0214 0.0042 0.0392 0.0021 0.0014 0.0001 0.0010 0.0009 0.0971 0.3986 0.4617 0.0338 0.0111 0.0134 0.0032 0.0251 0.0007 0.0005 0.0020 0.0028 0.0043 0.0017 0.0105 0.0155
0.0117 0.0317 0.0023 0.1876 0.3073 0.0373 0.0059 0.0012 0.0081 0.0000 0.0000 0.0001 0.0001 0.0000 0.0000 0.0002 0.0004 0.0032 0.0000 0.0007 0.0000 0.0000 0.0000 0.0000 0.0000 0.0000 0.0000 0.0000 0.0000 0.0000 0.0000 0.0000 0.0000 0.0000 0.0000 0.0000 0.0000 0.0000 0.0001 0.0000 0.0000 0.0026 0.0003 0.0013 0.0005 0.0050 0.0122 0.0029 0.0021 0.0013 0.0006 0.0001 0.0003 0.0006 0.0044 0.0048 0.2335 0.0212 0.0205 0.0685 0.0238 0.0208 0.0091 0.0025 0.0021 0.0002 0.0015 0.0004 0.0147 0.0250
0.3889 0.1691 0.0069 0.1137 0.0893 0.0153 0.0022 0.0004 0.0066 0.0072 0.0114 0.0317 0.0263 0.0393 0.0214 0.0330 0.1991 0.5654 0.0188 0.0500 0.0019 0.0017 0.0014 0.0001 0.0000 0.0005 0.0011 0.0000 0.0002 0.0019 0.0001 0.0014 0.0000 0.0001 0.0000 0.0000 0.0000 0.0000 0.0000 0.0000 0.0000 0.0000 0.0000 0.0000 0.0000 0.0000 0.0000 0.0000 0.0000 0.0000 0.0000 0.0000 0.0001 0.0000 0.0000 0.0005 0.0045 0.0026 0.0005 0.0020 0.0078 0.0371 0.0013 0.0026 0.0027 0.0003 0.0013 0.0007 0.0032 0.0211
0.0224 0.0457 0.0025 0.1607 0.0715 0.0021 0.0039 0.0007 0.0018 0.0002 0.0017 0.0016 0.0069 0.0516 0.0340 0.1463 0.3069 0.5250 0.0302 0.0877 0.0013 0.0017 0.0036 0.0030 0.0039 0.0196 0.0706 0.0060 0.0191 0.3434 0.0368 0.0630 0.0070 0.0012 0.0012 0.0019 0.0002 0.0000 0.0002 0.0008 0.0001 0.0004 0.0001 0.0001 0.0000 0.0005 0.0000 0.0001 0.0000 0.0000 0.0000 0.0000 0.0000 0.0000 0.0000 0.0000 0.0000 0.0000 0.0000 0.0000 0.0000 0.0000 0.0000 0.0000 0.0000 0.0002 0.0001 0.0000 0.0000 0.0016
0.0002 0.0020 0.0000 0.0019 0.0120 0.0036 0.0008 0.0007 0.0034 0.0003 0.0014 0.0029 0.0022 0.0268 0.0144 0.0103 0.0161 0.1286 0.0053 0.0027 0.0009 0.0007 0.0002 0.0000 0.0001 0.0002 0.0027 0.0011 0.0051 0.1226 0.0414 0.1059 0.0140 0.0033 0.0017 0.0042 0.0009 0.0011 0.0355 0.0651 0.0111 0.0978 0.0126 0.0130 0.0099 0.0179 0.0013 0.0005 0.0002 0.0000 0.0000 0.0000 0.0000 0.0001 0.0004 0.0000 0.0006 0.0000 0.0000 0.0001 0.0000 0.0002 0.0000 0.0000 0.0000 0.0000 0.0000 0.0000 0.0000 0.0000
0.0000 0.0000 0.0000 0.0000 0.0000 0.0000 0.0000 0.0000 0.0000 0.0002 0.0000 0.0000 0.0000 0.0017 0.0001 0.0004 0.0004 0.0042 0.0016 0.0125 0.0005 0.0019 0.0011 0.0001 0.0003 0.0009 0.0024 0.0019 0.0059 0.0385 0.0009 0.0117 0.0011 0.0001 0.0006 0.0011 0.0000 0.0000 0.0007 0.0004 0.0002 0.0076 0.0035 0.0063 0.0143 0.1156 0.0088 0.0046 0.0011 0.0003 0.0005 0.0005 0.0016 0.0050 0.0222 0.0050 0.0563 0.0084 0.0034 0.0023 0.0003 0.0018 0.0000 0.0000 0.0000 0.0000 0.0000 0.0000 0.0001 0.0000
0.0007 0.0011 0.0000 0.0015 0.0000 0.0004 0.0000 0.0000 0.0000 0.0000 0.0000 0.0000 0.0000 0.0000 0.0000 0.0000 0.0000 0.0000 0.0000 0.0000 0.0000 0.0000 0.0000 0.0017 0.0004 0.0000 0.0000 0.0050 0.0010 0.0218 0.0008 0.0111 0.0094 0.0105 0.0163 0.1076 0.0059 0.0008 0.0857 0.1021 0.0125 0.8072 0.2194 0.0575 0.0099 0.1341 0.0082 0.0012 0.0042 0.0009 0.0002 0.0000 0.0004 0.0004 0.0105 0.0059 0.4171 0.0872 0.1027 0.2868 0.5054 3.1719 0.0328 0.0233 0.0904 0.1165 0.1760 0.0789 0.1265 0.3329
0.0884 0.2452 0.0096 0.0577 0.0529 0.0064 0.0010 0.0002 0.0014 0.0010 0.0008 0.0045 0.0028 0.0017 0.0003 0.0001 0.0003 0.0020 0.0000 0.0007 0.0000 0.0000 0.0000 0.0000 0.0000 0.0000 0.0000 0.0000 0.0000 0.0000 0.0000 0.0000 0.0000 0.0000 0.0000 0.0000 0.0000 0.0016 0.0048 0.0000 0.0000 0.1928 0.0014 0.0025 0.0007 0.0099 0.0054 0.0135 0.0097 0.0063 0.0030 0.0006 0.0057 0.0117 0.0851 0.0425 2.9036 0.0790 0.0071 0.0369 0.0044 0.0092 0.0017 0.0011 0.0004 0.0001 0.0007 0.0002 0.0027 0.0092
0.0037 0.0184 0.0022 0.0753 0.4038 0.1546 0.0072 0.0023 0.0396 0.0391 0.0424 0.0717 0.0195 0.0946 0.0078 0.0076 0.0247 0.0181 0.0016 0.0032 0.0001 0.0001 0.0001 0.0001 0.0000 0.0002 0.0004 0.0000 0.0000 0.0001 0.0000 0.0001 0.0000 0.0000 0.0000 0.0000 0.0000 0.0000 0.0000 0.0000 0.0000 0.0000 0.0000 0.0000 0.0000 0.0000 0.0000 0.0000 0.0000 0.0000 0.0000 0.0002 0.0001 0.0000 0.0000 0.0016 0.0024 0.0003 0.0000 0.0003 0.0003 0.0101 0.0007 0.0016 0.0035 0.0010 0.0105 0.0025 0.0113 0.0044
0.5190 0.3435 0.0031 0.1991 0.0886 0.0059 0.0048 0.0021 0.0022 0.0004 0.0047 0.0044 0.0085 0.0728 0.0421 0.0424 0.4070 1.7261 0.7000 3.3074 2.7351 1.0802 2.2612 0.6044 0.3614 0.4205 0.4229 0.2637 0.1269 0.3491 0.0462 0.0549 0.0273 0.0046 0.0048 0.0076 0.0006 0.0029 0.0467 0.0354 0.0085 0.0566 0.0006 0.0003 0.0001 0.0015 0.0000 0.0001 0.0000 0.0000 0.0000 0.0000 0.0000 0.0000 0.0000 0.0000 0.0000 0.0000 0.0000 0.0000 0.0000 0.0000 0.0000 0.0000 0.0000 0.1120 0.0130 0.0000 0.0000 0.1093
0.0003 0.0009 0.0000 0.0009 0.0036 0.0029 0.0014 0.0014 0.0203 0.0040 0.0499 0.0420 0.0103 0.0094 0.0051 0.0013 0.0016 0.0075 0.0006 0.0008 0.0001 0.0002 0.0000 0.0000 0.0000 0.0001 0.0002 0.0002 0.0003 0.0049 0.0015 0.0102 0.0095 0.0037 0.0324 0.4971 0.0161 0.0067 0.0999 0.0411 0.0020 0.1344 0.0056 0.0014 0.0013 0.0016 0.0005 0.0002 0.0001 0.0000 0.0000 0.0001 0.0001 0.0001 0.0024 0.0002 0.0002 0.0000 0.0000 0.0000 0.0000 0.0000 0.0000 0.0000 0.0000 0.0000 0.0000 0.0000 0.0000 0.0000
0.0000 0.0000 0.0000 0.0000 0.0000 0.0000 0.0000 0.0000 0.0000 0.0548 0.0029 0.0000 0.0000 0.0174 0.0005 0.0006 0.0007 0.0057 0.0021 0.0290 0.0025 0.0104 0.0123 0.0021 0.0189 0.0280 0.0725 0.0036 0.0146 0.0331 0.0008 0.0101 0.0010 0.0001 0.0005 0.0014 0.0000 0.0000 0.0009 0.0005 0.0002 0.0182 0.0030 0.0043 0.0096 0.0697 0.0420 0.0360 0.1456 0.0349 0.0830 0.0229 0.0315 0.0224 0.0633 0.0541 0.4072 0.0145 0.0072 0.0035 0.0022 0.0120 0.0003 0.0001 0.0002 0.0006 0.0004 0.0001 0.0012 0.0006
0.0000 0.0001 0.0000 0.0001 0.0000 0.0000 0.0000 0.0000 0.0000 0.0000 0.0000 0.0000 0.0000 0.0000 0.0000 0.0000 0.0000 0.0000 0.0000 0.0000 0.0000 0.0000 0.0000 0.0077 0.0004 0.0000 0.0000 0.0028 0.0001 0.0023 0.0001 0.0012 0.0010 0.0011 0.0017 0.0117 0.0013 0.0005 0.1425 0.0425 0.0052 0.0854 0.0266 0.0060 0.0010 0.0141 0.0009 0.0001 0.0004 0.0001 0.0000 0.0000 0.0000 0.0000 0.0011 0.0015 0.0441 0.0094 0.0109 0.0302 0.0318 0.4013 0.0292 0.0218 0.0805 0.2433 0.1438 0.0147 0.0256 0.1337
0.4102 0.3519 0.0177 0.1053 0.3281 0.0298 0.0047 0.0010 0.0065 0.0054 0.0051 0.0055 0.0070 0.0066 0.0003 0.0002 0.0004 0.0024 0.0000 0.0009 0.0000 0.0000 0.0000 0.0000 0.0000 0.0000 0.0000 0.0000 0.0000 0.0000 0.0000 0.0000 0.0000 0.0000 0.0000 0.0000 0.0000 0.0338 0.0322 0.0000 0.0000 0.8945 0.0032 0.0059 0.0016 0.0233 0.0127 0.0317 0.0228 0.0148 0.0070 0.0022 0.0593 0.0311 0.2265 0.1000 4.8929 0.1870 0.0167 0.0874 0.0103 0.0217 0.0040 0.0026 0.0009 0.0001 0.0016 0.0004 0.0064 0.0527
0.0035 0.0179 0.0021 0.0718 0.2595 0.0536 0.0171 0.0055 0.0937 0.1891 0.3737 0.1216 0.0355 0.3428 0.0283 0.0086 0.0355 0.0260 0.0075 0.0118 0.0003 0.0003 0.0002 0.0001 0.0001 0.0002 0.0004 0.0000 0.0000 0.0001 0.0000 0.0001 0.0000 0.0000 0.0000 0.0000 0.0000 0.0000 0.0000 0.0000 0.0000 0.0000 0.0000 0.0000 0.0000 0.0000 0.0000 0.0000 0.0000 0.0000 0.0000 0.0009 0.0001 0.0000 0.0000 0.0058 0.0046 0.0014 0.0002 0.0011 0.0012 0.0380 0.0014 0.0026 0.0028 0.0004 0.0029 0.0008 0.0036 0.0239
0.0192 0.0236 0.0002 0.0137 0.0061 0.0002 0.0003 0.0001 0.0002 0.0000 0.0002 0.0002 0.0006 0.0050 0.0029 0.0061 0.0594 0.2505 0.0534 0.1550 0.0040 0.0053 0.0112 0.0093 0.0121 0.0786 0.0645 0.0178 0.0086 0.0500 0.0052 0.0061 0.0019 0.0003 0.0003 0.0005 0.0000 0.0000 0.0002 0.0006 0.0001 0.0003 0.0000 0.0000 0.0000 0.0001 0.0000 0.0000 0.0000 0.0000 0.0000 0.0000 0.0000 0.0000 0.0000 0.0000 0.0000 0.0000 0.0000 0.0000 0.0000 0.0000 0.0000 0.0000 0.0000 0.0006 0.0000 0.0000 0.0000 0.0049
0.0002 0.0018 0.0000 0.0018 0.0104 0.0033 0.0008 0.0007 0.0031 0.0003 0.0028 0.0029 0.0022 0.0266 0.0143 0.0096 0.0140 0.1118 0.0046 0.0023 0.0008 0.0006 0.0002 0.0000 0.0001 0.0002 0.0024 0.0017 0.0044 0.1066 0.0331 0.0980 0.0285 0.0067 0.0067 0.0164 0.0033 0.0042 0.1385 0.2653 0.0494 0.4007 0.0516 0.0298 0.0224 0.0280 0.0049 0.0018 0.0009 0.0001 0.0001 0.0000 0.0000 0.0001 0.0004 0.0000 0.0005 0.0000 0.0000 0.0000 0.0000 0.0001 0.0000 0.0000 0.0000 0.0000 0.0000 0.0000 0.0000 0.0000
0.0000 0.0000 0.0000 0.0000 0.0000 0.0000 0.0000 0.0000 0.0000 0.0004 0.0000 0.0000 0.0000 0.0048 0.0001 0.0001 0.0001 0.0012 0.0004 0.0060 0.0003 0.0009 0.0005 0.0001 0.0006 0.0009 0.0024 0.0010 0.0031 0.0109 0.0003 0.0033 0.0003 0.0000 0.0002 0.0003 0.0000 0.0000 0.0002 0.0001 0.0001 0.0083 0.0010 0.0020 0.0042 0.0269 0.0097 0.0051 0.0047 0.0011 0.0020 0.0023 0.0068 0.0098 0.0288 0.0371 0.1845 0.0065 0.0033 0.0016 0.0010 0.0054 0.0001 0.0001 0.0001 0.0000 0.0000 0.0000 0.0001 0.0000
0.0000 0.0000 0.0000 0.0001 0.0000 0.0000 0.0000 0.0000 0.0000 0.0000 0.0000 0.0000 0.0000 0.0000 0.0000 0.0000 0.0000 0.0000 0.0000 0.0000 0.0000 0.0000 0.0000 0.0010 0.0001 0.0000 0.0000 0.0031 0.0000 0.0011 0.0001 0.0006 0.0018 0.0004 0.0006 0.0039 0.0002 0.0000 0.0093 0.0052 0.0006 0.0291 0.0080 0.0034 0.0030 0.0303 0.0025 0.0002 0.0013 0.0002 0.0001 0.0000 0.0001 0.0001 0.0041 0.0055 0.1250 0.0345 0.0178 0.0214 0.0099 0.0765 0.0036 0.0025 0.0098 0.0136 0.0206 0.0079 0.0440 0.0742
0.0707 0.0533 0.0027 0.0160 0.0372 0.0045 0.0007 0.0001 0.0010 0.0000 0.0000 0.0001 0.0000 0.0000 0.0000 0.0000 0.0000 0.0002 0.0000 0.0001 0.0000 0.0000 0.0000 0.0000 0.0000 0.0000 0.0000 0.0000 0.0000 0.0000 0.0000 0.0000 0.0000 0.0000 0.0000 0.0000 0.0000 0.0001 0.0001 0.0000 0.0000 0.0135 0.0000 0.0002 0.0001 0.0006 0.0013 0.0004 0.0003 0.0002 0.0001 0.0000 0.0001 0.0001 0.0011 0.0012 0.0578 0.0047 0.0026 0.0121 0.0016 0.0021 0.0006 0.0003 0.0001 0.0000 0.0002 0.0000 0.0010 0.0065
0.0143 0.1218 0.0041 0.0605 0.0808 0.0137 0.0013 0.0004 0.0070 0.0076 0.0121 0.0390 0.0410 0.0538 0.0294 0.0731 0.1881 0.1381 0.0096 0.0199 0.0006 0.0005 0.0004 0.0000 0.0000 0.0001 0.0001 0.0000 0.0000 0.0002 0.0000 0.0001 0.0000 0.0000 0.0000 0.0000 0.0000 0.0000 0.0000 0.0000 0.0000 0.0000 0.0000 0.0000 0.0000 0.0000 0.0000 0.0000 0.0000 0.0000 0.0000 0.0000 0.0000 0.0000 0.0000 0.0006 0.0010 0.0006 0.0001 0.0005 0.0019 0.0083 0.0003 0.0006 0.0006 0.0001 0.0003 0.0001 0.0004 0.0029
0.0069 0.0142 0.0014 0.0567 0.0394 0.0012 0.0022 0.0004 0.0010 0.0001 0.0009 0.0009 0.0038 0.0465 0.0188 0.0315 0.0856 0.1559 0.0191 0.0553 0.0012 0.0016 0.0034 0.0028 0.0036 0.0142 0.0514 0.0056 0.0178 0.2496 0.0688 0.0568 0.0091 0.0015 0.0016 0.0025 0.0002 0.0000 0.0001 0.0004 0.0000 0.0002 0.0001 0.0000 0.0000 0.0003 0.0000 0.0000 0.0000 0.0000 0.0000 0.0000 0.0000 0.0000 0.0000 0.0000 0.0000 0.0000 0.0000 0.0000 0.0000 0.0000 0.0000 0.0000 0.0000 0.0002 0.0000 0.0000 0.0000 0.0015
0.0004 0.0067 0.0001 0.0066 0.1981 0.0087 0.0021 0.0018 0.0082 0.0008 0.0016 0.0034 0.0026 0.0315 0.0169 0.0131 0.1047 0.5314 0.1348 0.0442 0.0233 0.0118 0.0055 0.0003 0.0020 0.0030 0.0689 0.0812 0.0542 0.3071 0.0267 0.0786 0.0154 0.0036 0.0028 0.0069 0.0014 0.0017 0.0584 0.0822 0.0141 0.1681 0.0465 0.0579 0.0805 2.0184 0.0676 0.0253 0.0121 0.0019 0.0013 0.0000 0.0000 0.0002 0.0010 0.0001 0.0043 0.0008 0.0002 0.0010 0.0000 0.0027 0.0000 0.0000 0.0000 0.0000 0.0000 0.0000 0.0000 0.0000
0.0000 0.0000 0.0000 0.0000 0.0000 0.0000 0.0000 0.0000 0.0000 0.0001 0.0001 0.0000 0.0000 0.0014 0.0000 0.0001 0.0001 0.0008 0.0024 0.0018 0.0001 0.0003 0.0002 0.0000 0.0001 0.0001 0.0004 0.0002 0.0005 0.0029 0.0007 0.0060 0.0035 0.0005 0.0062 0.0052 0.0004 0.0000 0.0033 0.0018 0.0034 0.3636 0.0046 0.0034 0.0021 0.0066 0.0015 0.0008 0.0007 0.0002 0.0003 0.0005 0.0014 0.0015 0.0135 0.0037 0.1856 0.0107 0.0078 0.0245 0.0983 0.2397 0.0058 0.0027 0.0040 0.0000 0.0000 0.0000 0.0000 0.0000
0.0035 0.0561 0.0012 0.0802 0.0002 0.0109 0.0001 0.0000 0.0000 0.0000 0.0000 0.0000 0.0000 0.0000 0.0000 0.0000 0.0000 0.0000 0.0000 0.0000 0.0000 0.0000 0.0000 0.0110 0.0004 0.0000 0.0000 0.0218 0.0013 0.0637 0.0033 0.0326 0.2103 0.0129 0.0202 0.1323 0.0073 0.0008 0.0760 0.0423 0.0052 0.3904 0.0647 0.0391 0.0727 0.6298 0.2670 0.2998 0.5018 0.1467 0.1001 0.0088 0.0683 0.0613 6.8856 1.9854 5.7729 0.4776 0.1568 0.1878 0.0814 0.6265 0.0291 0.0207 0.0806 0.1111 0.1690 0.0649 0.3581 0.6077
0.0325 0.0454 0.0033 0.1280 0.8525 0.8397 0.0906 0.0188 0.1242 0.0000 0.0000 0.0002 0.0001 0.0001 0.0002 0.0011 0.0020 0.0161 0.0000 0.0035 0.0000 0.0000 0.0000 0.0000 0.0000 0.0000 0.0000 0.0000 0.0000 0.0000 0.0000 0.0000 0.0000 0.0000 0.0000 0.0000 0.0000 0.0001 0.0001 0.0000 0.0000 0.0071 0.0001 0.0002 0.0001 0.0009 0.0038 0.0005 0.0004 0.0002 0.0001 0.0000 0.0000 0.0000 0.0003 0.0006 0.0113 0.0010 0.0012 0.0033 0.0027 0.1865 0.0038 0.0054 0.0294 0.0031 0.0079 0.0019 0.0336 0.0440
0.0052 0.0077 0.0003 0.0038 0.0061 0.0010 0.0003 0.0001 0.0017 0.0019 0.0030 0.0045 0.0042 0.0132 0.0072 0.0036 0.0214 0.1020 0.0633 0.7282 0.2600 0.1515 0.1225 0.0000 0.0000 0.0000 0.0001 0.0000 0.0002 0.0121 0.0007 0.0091 0.0000 0.0003 0.0000 0.0000 0.0000 0.0000 0.0000 0.0000 0.0000 0.0000 0.0000 0.0000 0.0000 0.0000 0.0000 0.0000 0.0000 0.0000 0.0000 0.0000 0.0000 0.0000 0.0000 0.0001 0.0003 0.0002 0.0000 0.0001 0.0011 0.0022 0.0001 0.0002 0.0002 0.0000 0.0000 0.0000 0.0000 0.0005
0.0004 0.0010 0.0001 0.0040 0.0122 0.0183 0.0024 0.0016 0.0375 0.0071 0.0083 0.0079 0.0236 0.0570 0.0024 0.0013 0.0035 0.0064 0.0010 0.0028 0.0002 0.0002 0.0004 0.0004 0.0005 0.0011 0.0035 0.0007 0.0023 0.0102 0.0019 0.0151 0.0214 0.0199 0.1731 1.8016 0.0871 0.0000 0.0000 0.0001 0.0000 0.0000 0.0002 0.0034 0.0016 0.0177 0.0000 0.0004 0.0000 0.0000 0.0000 0.0000 0.0000 0.0000 0.0000 0.0000 0.0000 0.0000 0.0000 0.0000 0.0000 0.0000 0.0000 0.0000 0.0000 0.0000 0.0000 0.0000 0.0000 0.0002
0.0001 0.0008 0.0000 0.0008 0.0232 0.0010 0.0002 0.0002 0.0010 0.0001 0.0002 0.0002 0.0001 0.0033 0.0006 0.0005 0.0049 0.0202 0.0058 0.1496 0.0036 0.0096 0.0285 0.0041 0.0039 0.0058 0.0592 0.0093 0.0023 0.0111 0.0010 0.0028 0.0010 0.0002 0.0005 0.0011 0.0002 0.0003 0.0095 0.0081 0.0012 0.0274 0.0076 0.0030 0.0042 0.0341 0.0313 0.0648 0.2592 0.1630 0.2592 0.0000 0.0000 0.0000 0.0001 0.0000 0.0041 0.0117 0.0029 0.0125 0.0000 0.0072 0.0000 0.0000 0.0000 0.0000 0.0000 0.0000 0.0000 0.0000
0.0000 0.0000 0.0000 0.0000 0.0000 0.0000 0.0000 0.0000 0.0000 0.0008 0.0002 0.0000 0.0000 0.0076 0.0180 0.0064 0.0401 0.0629 0.0187 0.2577 0.0228 0.0935 0.1677 0.4834 0.0566 0.1315 0.0477 0.0168 0.0077 0.0589 0.0049 0.0145 0.0068 0.0007 0.0032 0.0128 0.0001 0.0000 0.0083 0.0044 0.0004 0.0053 0.0031 0.0014 0.0031 0.0223 0.0059 0.0051 0.0171 0.0070 0.0038 0.0016 0.0021 0.0018 0.0048 0.0034 0.0258 0.0018 0.0012 0.0016 0.0002 0.0018 0.0001 0.0000 0.0001 7.6503 1.9645 0.0051 0.0775 2.3815
0.0007 0.0003 0.0000 0.0004 0.0000 0.0001 0.0000 0.0000 0.0000 0.0082 0.0000 0.0000 0.0002 0.0014 0.0000 0.0000 0.0000 0.0000 0.0000 0.0000 0.0000 0.0000 0.0000 0.0013 0.0088 0.0000 0.0000 0.0001 0.0017 0.0083 0.0011 0.0042 0.0036 0.0040 0.0127 0.0960 0.0168 0.0907 0.2747 0.1820 0.0031 0.1209 0.0048 0.0033 0.0020 0.0062 0.0019 0.0004 0.0009 0.0004 0.0000 0.0000 0.0002 0.0001 0.0008 0.0001 0.0139 0.0009 0.0011 0.0029 0.0015 0.0190 0.0032 0.0039 0.0046 0.0030 0.0020 0.0004 0.0006 0.0026
0.0000 0.0001 0.0000 0.0001 0.0000 0.0000 0.0000 0.0000 0.0000 0.0781 0.3554 0.0003 0.0009 0.0727 0.0000 0.0000 0.0000 0.0000 0.0000 0.0000 0.0000 0.0000 0.0000 0.0001 0.0000 0.0000 0.0000 0.0000 0.0000 0.0000 0.0000 0.0000 0.0000 0.0000 0.0000 0.0000 0.0000 0.0000 0.0035 0.0000 0.0000 0.0001 0.0933 0.0032 0.0019 0.0124 0.0007 0.0027 0.0079 0.0017 0.0008 0.0001 0.0002 0.0003 0.0022 0.0023 0.0130 0.0016 0.0005 0.0006 0.0004 0.0013 0.0001 0.0001 0.0000 0.0000 0.0001 0.0000 0.0001 0.0001
0.0012 0.0018 0.0002 0.0075 0.0117 0.0020 0.0008 0.0003 0.0023 0.0009 0.0015 0.0031 0.0009 0.0041 0.0003 0.0004 0.0019 0.0040 0.0001 0.0006 0.0000 0.0000 0.0000 0.0009 0.0003 0.6833 0.0577 0.0008 0.0008 0.0003 0.0000 0.0002 0.0000 0.0000 0.0000 0.0000 0.0000 0.0001 0.0000 0.0000 0.0000 0.0000 0.0000 0.0000 0.0000 0.0000 0.0000 0.0000 0.0000 0.0000 0.0000 0.0000 0.0002 0.0000 0.0000 0.0001 0.4257 0.0177 0.0157 0.0139 0.0026 0.0970 0.0133 0.0157 0.0523 0.0084 0.0059 0.0029 0.0050 0.0239
0.0133 0.0401 0.0013 0.0188 0.0417 0.0032 0.0021 0.0011 0.0006 0.0002 0.0025 0.0024 0.0013 0.0025 0.0029 0.0016 0.0153 0.0650 0.0096 0.0279 0.0051 0.0131 0.0073 0.0019 0.0012 0.0039 0.0038 0.0011 0.0006 0.0052 0.0009 0.0030 0.0002 0.0001 0.0002 0.0003 0.0000 0.0051 0.0482 0.3486 0.6268 0.2753 0.0064 0.0001 0.0001 0.0008 0.0000 0.0001 0.0001 0.0000 0.0000 0.0007 0.0000 0.0000 0.0000 0.0000 0.0008 0.0000 0.0000 0.0000 0.0000 0.0000 0.0000 0.0000 0.0000 0.0014 0.0049 0.0000 0.0000 0.0005
0.0048 0.0048 0.0004 0.0047 0.0093 0.0075 0.0036 0.0036 0.0524 0.0657 0.0103 0.0190 0.0043 0.0243 0.0015 0.0016 0.0042 0.0077 0.0016 0.0021 0.0003 0.0006 0.0000 0.0000 0.0001 0.0001 0.0003 0.0000 0.0002 0.0011 0.0003 0.0023 0.0008 0.0002 0.0019 0.0088 0.0005 0.0002 0.0029 0.0023 0.0001 0.0040 0.0002 0.0001 0.0002 0.0006 0.0000 0.0000 0.0000 0.0000 0.0000 0.0452 0.0530 0.0018 0.0547 1.2970 0.0042 0.0000 0.0000 0.0000 0.0000 0.0001 0.0000 0.0000 0.0000 0.0024 0.0000 0.0000 0.0001 0.0004
0.0000 0.0000 0.0000 0.0000 0.0000 0.0000 0.0000 0.0000 0.0000 0.0003 0.0014 0.0000 0.0000 0.0001 0.0015 0.0137 0.1807 0.1351 0.0055 0.0124 0.0007 0.0019 0.0011 0.0001 0.0001 0.0002 0.0005 0.0008 0.0003 0.0048 0.0014 0.0041 0.0020 0.0017 0.0009 0.0129 0.0002 0.0001 0.0196 0.0104 0.0004 0.0016 0.0009 0.0004 0.0003 0.0018 0.0002 0.0001 0.0001 0.0000 0.0000 0.0000 0.0000 0.0001 0.0004 0.0001 0.0027 0.0005 0.0004 0.0005 0.0001 0.0018 0.0002 0.0001 0.0002 0.0001 0.0000 0.0004 0.0022 0.0002
2.0893 0.0036 0.0001 0.0052 0.0000 0.0012 0.0011 0.0000 0.0000 0.0004 0.0000 0.0000 0.0000 0.0000 0.0018 0.0000 0.0006 0.0000 0.0000 0.0000 0.0000 0.0000 0.0000 0.0000 0.0001 0.0000 0.0000 0.0000 0.0001 0.0049 0.0003 0.0025 0.0161 0.0010 0.0015 0.0101 0.0006 0.0001 0.0012 0.0013 0.0002 0.0297 0.0009 0.0014 0.0042 0.0128 0.0084 0.0330 0.0041 0.0112 0.0227 0.0133 0.0739 0.0664 0.0421 0.0021 0.0362 0.0017 0.0007 0.0012 0.0003 0.0024 0.0001 0.0001 0.0001 0.0001 0.0002 0.0001 0.0004 0.0004
0.0002 0.0008 0.0001 0.0021 0.0040 0.0023 0.0029 0.0017 0.0114 0.0000 0.0000 0.0002 0.0001 0.0001 0.0004 0.4560 0.1897 2.1085 0.0002 0.1753 0.0001 0.0000 0.0001 0.0000 0.0000 0.0000 0.0000 0.0000 0.0000 0.0000 0.0000 0.0000 0.0000 0.0000 0.0000 0.0000 0.0000 0.0000 0.0001 0.0000 0.0000 0.0001 0.0000 0.0001 0.0001 0.0005 0.0021 0.0003 0.0002 0.0001 0.0001 0.0000 0.0000 0.0000 0.0002 0.0004 0.0020 0.0004 0.0007 0.0008 0.0010 0.0587 0.0004 0.0030 0.0105 0.0058 0.0263 0.0063 0.0019 0.0006
