21.3088 1.4173 0.0429 1.3802 0.5956 0.7104 0.6740 0.1986 0.9187 0.1062 0.0857 0.1630 0.1336 1.5521 0.0972 0.1029 0.2681 0.4910 0.1015 0.1328 0.0165 0.0354 0.0025 0.0007 0.0061 0.0091 0.0170 0.0021 0.0139 0.0694 0.0217 0.1487 0.0501 0.0119 0.0320 0.1006 0.0083 0.0038 0.1274 0.1471 0.0067 0.2250 0.0094 0.0079 0.0100 0.0356 0.0018 0.0014 0.0015 0.0002 0.0002 0.0073 0.0056 4.4526 1.9025 0.0364 0.5345 0.0025 0.0007 0.0029 0.0000 0.0080 0.0003 0.0000 0.0000 0.0056 0.0000 0.0000 0.0000 0.0000
0.0003 0.0000 0.0000 0.0000 0.0000 0.0000 0.0000 0.0000 0.0000 0.0098 0.0371 0.0000 0.0000 0.0162 0.6747 18.9885 5.9445 93.3972 1.4793 8.5695 0.3723 1.3337 0.7537 0.0579 0.0440 0.1301 0.3717 0.5572 0.2030 3.3301 0.3892 1.1185 0.5425 0.0576 0.2564 1.0121 0.0069 0.0028 0.6576 0.3487 0.0311 0.4242 0.2434 0.0965 0.1753 1.2613 0.1613 0.0853 0.0531 0.0161 0.0117 0.0100 0.0299 0.0666 0.2713 0.0662 0.7265 0.1317 0.0959 0.1308 0.0124 0.1462 0.0078 0.0036 0.0054 0.0196 0.0114 0.1917 0.4191 0.0493
0.1449 0.0096 0.0003 0.0138 0.0001 0.0032 0.0014 0.0000 0.0000 0.0018 0.0000 0.0000 0.0000 0.0000 0.0004 0.0000 0.0004 0.0000 0.0000 0.0000 0.0000 0.0000 0.0000 0.0009 0.0028 0.0000 0.0000 0.0009 0.0393 1.2494 2.8317 0.6387 0.0595 0.0289 0.0620 0.1997 0.0175 0.0025 0.0389 0.0415 0.0035 0.5896 0.0187 0.0249 0.0327 0.0998 0.0313 0.0097 0.0152 0.0059 0.0005 0.0002 0.0036 0.0033 0.0131 0.0022 0.2307 0.0133 0.0080 0.0224 0.0060 0.0470 0.0015 0.0021 0.0022 0.0022 0.0033 0.0018 0.0045 0.0073
0.0388 0.1698 0.0123 0.2091 0.0745 0.0191 0.0088 0.0018 0.0121 0.1019 0.0417 1.6470 1.7827 0.3667 2.9483 0.0110 0.0396 0.1590 0.0004 0.0954 0.0274 0.0004 0.0003 0.0233 0.0000 0.0002 0.0004 0.0001 0.0083 0.0013 0.0030 0.0004 0.0000 0.0000 0.0000 0.0000 0.0000 0.0014 0.1108 0.0000 0.0000 0.0403 0.9518 10.7349 1.5680 143.7629 0.9840 1.0324 0.7414 0.4809 0.2293 0.0244 0.0425 0.0772 0.6199 1.2742 7.2639 1.5367 0.6742 0.7928 0.4798 1.6747 0.1736 0.1996 0.0261 0.0116 0.1243 0.0300 0.0968 0.1002
1.2795 1.7883 0.1687 5.8076 5.3576 0.9188 0.1872 0.0761 0.5356 0.4331 0.6853 1.6189 0.6810 1.8755 0.2260 0.3490 2.0925 4.3621 0.1450 0.6400 0.0410 0.0355 0.0287 0.0619 0.0308 3.1903 4.0576 0.0570 1.3943 0.2957 0.0209 0.2230 0.0003 0.0152 0.0436 0.0013 0.0001 0.0057 0.0000 0.0005 0.0000 0.0007 0.0091 0.0002 0.0017 0.0002 0.0000 0.0000 0.0000 0.0000 0.0000 0.0062 0.0439 0.0000 0.0000 0.0317 9.4857 6.1380 1.1991 4.8199 94.4504 78.1669 2.8347 5.4422 5.6967 0.7329 0.6473 0.3123 1.5328 19.2423
0.6750 3.4731 0.5503 8.0304 38.5426 2.9431 1.9878 1.0278 0.5930 0.2083 2.3348 2.2247 1.2131 2.3204 1.5382 0.6178 2.0856 5.6354 0.4849 1.4239 0.0533 0.0894 0.0769 0.0473 0.0616 0.2261 0.4831 0.0579 0.1476 2.0751 0.3975 2.8324 0.2154 0.0767 0.1775 0.2808 0.0222 0.0076 0.1199 0.4880 0.0484 0.2103 0.0978 0.1270 0.0654 0.7343 0.0004 0.0719 0.0014 0.0000 0.0001 0.0002 0.0000 0.0000 0.0000 0.0000 0.0051 0.0000 0.0001 0.0000 0.0000 0.0000 0.0000 0.0000 0.0000 0.0093 0.0335 0.0000 0.0000 0.0240
0.1523 0.6755 0.0136 0.6578 2.5908 7.5213 0.7304 0.4247 1.9642 0.1993 0.1843 0.3507 0.2911 6.7514 0.4254 0.4478 1.1663 2.1356 0.4417 0.5775 0.0717 0.1538 0.0108 0.0029 0.0266 0.0393 0.0738 0.0091 0.0606 0.3019 0.0948 0.6468 0.2179 0.0519 0.0698 0.2152 0.0180 0.0166 0.5543 0.6440 0.0293 0.9786 0.0409 0.0343 0.0435 0.1548 0.0076 0.0060 0.0064 0.0010 0.0007 0.0040 0.0056 0.0576 0.2287 0.0124 0.1695 0.0108 0.0029 0.0125 0.0000 0.0347 0.0001 0.0000 0.0000 0.0007 0.0000 0.0000 0.0000 0.0000
0.0000 0.0000 0.0000 0.0000 0.0000 0.0000 0.0000 0.0000 0.0000 0.0102 0.0386 0.0000 0.0000 0.0341 0.1682 0.0651 0.1498 0.6434 0.2364 4.8280 1.9144 1.0296 0.5819 0.0449 0.0340 0.1005 0.2835 0.2127 0.0775 0.7428 0.0622 0.1832 0.0867 0.0092 0.0410 0.1617 0.0011 0.0004 0.1051 0.0557 0.0050 0.0678 0.0389 0.0172 0.0391 0.2814 0.0612 0.0326 0.0403 0.0124 0.0089 0.0038 0.0114 0.0223 0.0605 0.0251 0.1891 0.0231 0.0153 0.0209 0.0020 0.0234 0.0013 0.0006 0.0009 0.0122 0.0088 0.0475 0.1084 0.0193
0.0256 0.0286 0.0008 0.0409 0.0002 0.0094 0.0002 0.0000 0.0000 0.0070 0.0000 0.0000 0.0000 0.0001 0.0001 0.0000 0.0001 0.0000 0.0000 0.0000 0.0000 0.0000 0.0000 0.0132 0.0407 0.0000 0.0000 0.0061 0.2275 2.3483 0.0849 1.2005 1.0153 1.1331 3.5943 40.5389 1.5027 0.1722 3.3469 3.5666 0.4761 34.1493 1.0816 0.9226 0.5579 1.7439 0.5329 0.1262 0.2574 0.1006 0.0059 0.0022 0.0468 0.0423 0.2233 0.0379 3.9336 0.2526 0.2978 0.8315 0.3495 2.7230 0.1972 0.1793 0.2822 0.1304 0.1911 0.0999 0.1664 0.4218
0.4452 1.3138 0.0866 1.4747 0.5223 0.1347 0.0472 0.0098 0.0652 0.8289 0.6250 3.9421 2.7690 1.6894 0.1091 0.0589 0.1307 0.8598 0.0004 0.3147 0.0011 0.0000 0.0001 0.0103 0.0000 0.0000 0.0002 0.0001 0.0002 0.0000 0.0001 0.0000 0.0000 0.0000 0.0000 0.0000 0.0000 0.0496 3.9444 0.0000 0.0000 0.9709 0.9302 0.8546 0.3545 3.3480 1.8170 4.5263 6.6141 4.9446 10.2562 0.7963 1.3862 2.5027 7.1672 5.5866 32.0449 3.9610 1.2450 1.5006 0.8860 3.0924 0.3205 0.3685 0.0481 0.0214 0.2294 0.0554 0.1787 0.1850
0.8917 1.3842 0.1641 5.6497 8.9201 1.5298 1.4968 0.9314 4.2553 1.4946 1.1410 2.3675 0.6625 3.1033 0.2566 0.2668 1.4582 3.0399 0.1010 0.4460 0.0286 0.0246 0.0200 0.6143 0.3788 1.1768 8.9756 0.3539 0.0419 0.2060 0.0146 0.1554 0.0001 0.0106 0.0013 0.0000 0.0000 0.0105 0.0000 0.0001 0.0001 0.0033 0.0007 0.0000 0.0001 0.0000 0.0000 0.0000 0.0000 0.0000 0.0000 0.0759 0.5403 0.0000 0.0000 0.0525 2.2707 0.2655 0.0719 0.2085 0.2186 8.0778 0.5960 1.3108 4.3554 46.6786 3.6164 1.0843 0.6763 1.9885
0.6834 1.6246 0.0510 0.7586 1.6822 0.1293 0.0868 0.0449 0.0259 0.0091 0.1025 0.0971 0.0533 0.1019 0.1156 0.0636 0.6215 2.6360 0.4730 2.2350 0.4548 1.0380 0.6596 0.2538 0.1463 0.1580 0.1531 0.0798 0.0384 0.2098 0.0369 0.1236 0.0094 0.0034 0.0078 0.0123 0.0010 1.6711 33.2996 0.8994 0.3582 15.3901 0.0142 0.0056 0.0029 0.0320 0.0000 0.0032 0.0002 0.0000 0.0000 0.0019 0.0000 0.0000 0.0029 0.0016 0.0018 0.0000 0.0000 0.0000 0.0000 0.0000 0.0000 0.0000 0.0000 0.1854 1.4490 0.0000 0.0000 0.0331
0.0388 0.1248 0.0027 0.1216 0.4818 0.3870 0.1861 0.1841 2.7024 2.0042 30.2217 11.4720 1.2173 1.2555 0.5237 0.1214 0.2169 0.7142 0.0816 0.1074 0.0133 0.0286 0.0020 0.0005 0.0049 0.0073 0.0152 0.0042 0.0281 0.2412 0.0753 0.5168 0.2585 0.0991 1.6356 7.7695 0.4250 0.3145 4.6585 1.0863 0.0517 3.5509 0.1485 0.0361 0.0347 0.0593 0.0201 0.0053 0.0025 0.0004 0.0003 0.0315 0.0565 0.0146 0.3147 0.0355 0.0315 0.0020 0.0005 0.0023 0.0000 0.0065 0.0000 0.0000 0.0000 0.0009 0.0000 0.0000 0.0000 0.0001
0.0001 0.0000 0.0000 0.0000 0.0000 0.0000 0.0000 0.0000 0.0000 6.3527 3.4102 0.0000 0.0000 1.0877 0.2944 0.3338 0.5965 3.2995 1.2197 16.7765 1.4829 6.0856 10.9165 3.8291 15.1573 84.6676 18.4055 1.0909 2.9769 6.3211 0.3189 1.9234 0.4473 0.0475 0.2101 0.8344 0.0057 0.0023 0.5388 0.2875 0.0317 0.8102 0.5665 0.4298 0.9746 7.0132 2.2795 1.9506 6.5618 2.7112 1.4540 0.5590 0.7695 0.6186 1.6147 1.3224 9.9540 0.6010 0.2345 0.2513 0.0529 0.2916 0.0071 0.0033 0.0050 1.0409 0.7498 0.0832 1.0967 0.7368
0.0025 0.0039 0.0001 0.0055 0.0000 0.0013 0.0000 0.0000 0.0000 0.0019 0.0000 0.0000 0.0000 0.0002 0.0000 0.0000 0.0000 0.0000 0.0000 0.0000 0.0000 0.0000 0.0000 0.0756 0.0915 0.0000 0.0000 0.0085 0.0245 0.2588 0.0093 0.1315 0.1112 0.1241 0.3889 2.9357 0.1851 0.0345 3.5374 4.2391 2.9804 5.9448 0.8039 0.1510 0.0611 0.3521 0.0584 0.0138 0.0284 0.0110 0.0007 0.0002 0.0051 0.0046 0.0275 0.0088 1.1018 0.1219 0.1436 0.3986 0.2503 3.1575 0.5364 0.2131 0.7722 0.3568 0.2492 0.0535 0.0854 0.4269
0.1183 0.1726 0.0067 0.0895 0.0708 0.0085 0.0014 0.0003 0.0019 0.0437 0.0329 0.1120 0.0895 0.0847 0.0031 0.0017 0.0038 0.0247 0.0000 0.0091 0.0000 0.0000 0.0000 0.0003 0.0000 0.0000 0.0000 0.0000 0.0000 0.0000 0.0000 0.0000 0.0000 0.0000 0.0000 0.0000 0.0000 0.0155 0.2078 0.0000 0.0000 0.2580 0.1292 0.2401 0.0630 0.9405 0.5104 1.2715 0.9188 0.5922 0.2842 0.0302 0.0526 0.0950 1.2132 6.3380 23.0174 1.1127 0.3519 0.4215 0.2489 0.8687 0.0900 0.1035 0.0135 0.0060 0.0649 0.0156 0.0505 0.0577
2.0219 5.4051 0.6367 22.0610 38.4499 6.5942 0.9334 0.2122 2.8401 3.1083 4.9180 10.2048 2.7688 13.4597 1.1130 1.0879 3.5172 5.6917 0.2221 0.7519 0.0482 0.0417 0.0337 0.1400 0.0863 0.9750 2.0451 0.0806 0.0706 0.3495 0.0248 0.2620 0.0003 0.0178 0.0022 0.0001 0.0000 0.0024 0.0000 0.0001 0.0000 0.0008 0.0005 0.0000 0.0001 0.0000 0.0000 0.0000 0.0000 0.0000 0.0000 0.0173 0.1231 0.0000 0.0000 0.2264 4.3849 1.1876 0.1622 0.9326 0.9780 36.1337 1.3104 2.5002 2.6334 0.4258 1.9808 1.0746 4.7782 22.7451
51.7559 29.9047 0.2681 17.3333 7.7146 0.3550 0.4232 0.1232 0.1970 0.0251 0.2816 0.2667 0.7427 2.6510 3.6651 3.4521 33.7186 143.0185 30.5099 95.3017 2.4643 1.6968 3.5741 2.6145 3.0464 9.5218 8.8925 2.7934 1.3438 11.9592 1.2354 3.2360 0.2889 0.0484 0.0659 0.1042 0.0083 0.0209 0.3312 1.0664 0.1058 0.4596 0.0350 0.0153 0.0079 0.0880 0.0001 0.0087 0.0005 0.0000 0.0000 0.0004 0.0000 0.0000 0.0000 0.0000 0.0017 0.0000 0.0000 0.0000 0.0000 0.0000 0.0000 0.0000 0.0000 0.1760 0.0925 0.0000 0.0000 1.1511
0.0912 1.0213 0.0128 0.9946 3.9416 1.8501 0.4400 0.3775 1.7460 0.1772 0.2388 0.5142 0.3865 6.0386 2.5345 8.2108 2.7007 25.5696 0.7061 0.8787 0.1146 0.2340 0.0195 0.0044 0.0404 0.0599 0.2446 0.0568 0.4539 3.6145 1.1280 7.7445 1.3064 0.3094 0.2888 0.3916 0.0798 0.0992 3.3225 5.1290 0.3514 6.8885 0.3972 0.4103 0.3276 0.9568 0.0470 0.0200 0.0129 0.0020 0.0014 0.0035 0.0050 0.0345 0.2033 0.0110 0.2578 0.0164 0.0044 0.0188 0.0000 0.0529 0.0001 0.0000 0.0000 0.0006 0.0000 0.0000 0.0000 0.0000
0.0005 0.0000 0.0000 0.0000 0.0000 0.0000 0.0000 0.0000 0.0000 0.2049 0.3580 0.0000 0.0000 2.1334 0.2804 1.5449 2.4854 15.1772 20.2744 32.5009 1.4119 5.0270 2.8585 0.2194 0.1659 0.4905 1.4099 2.1134 1.4637 19.2224 41.4665 46.0296 15.4127 0.7889 7.2847 13.8710 0.0952 0.0380 9.0123 4.7789 0.5637 14.3265 10.0174 3.9728 3.1137 10.6781 1.1631 0.6186 0.2644 0.0608 0.0627 0.0719 0.2157 0.5641 4.5596 0.6000 29.8985 5.4201 3.9220 4.4442 0.4216 2.6463 0.1073 0.0497 0.0745 0.0596 0.0430 0.0792 0.2854 0.0942
0.0107 0.0234 0.0006 0.0333 0.0001 0.0076 0.0001 0.0000 0.0000 0.0002 0.0000 0.0000 0.0000 0.0000 0.0000 0.0000 0.0000 0.0000 0.0000 0.0000 0.0000 0.0000 0.0000 0.0006 0.0019 0.0000 0.0000 0.0011 0.0036 0.1767 0.0091 0.0898 0.2743 0.0364 0.0567 0.3735 0.0206 0.0024 0.0828 0.0999 0.0122 1.0955 0.2887 0.3987 0.4526 8.4326 0.2984 0.0341 0.1450 0.0272 0.0033 0.0006 0.0126 0.0114 0.2277 0.0725 9.0641 0.8176 0.3352 0.4432 0.0933 0.7268 0.0158 0.0062 0.0242 0.0335 0.0510 0.0356 0.1761 0.1322
1.0994 5.7621 0.2967 4.1459 1.4773 0.2028 0.0432 0.0089 0.0596 0.0169 0.0127 0.0924 0.0563 0.0344 0.0308 0.0235 0.0522 0.3433 0.0001 0.1256 0.0003 0.0000 0.0000 0.0002 0.0000 0.0000 0.0000 0.0000 0.0001 0.0000 0.0000 0.0000 0.0000 0.0000 0.0000 0.0000 0.0000 0.0027 0.0802 0.0000 0.0000 0.3828 0.0430 0.1909 0.0717 0.7479 3.1164 0.4259 0.3058 0.1984 0.0946 0.0101 0.0176 0.0318 0.2557 0.5256 5.0031 0.6701 2.0961 2.4649 9.3415 5.3040 2.1928 0.6320 0.1083 0.0367 0.3935 0.0950 0.7415 1.2660
4.5534 3.3892 0.1389 2.2784 1.7900 0.3070 0.0434 0.0152 0.1322 0.1447 0.2290 0.6351 0.5271 0.7875 0.4284 0.6614 3.9658 26.7324 0.8885 2.3635 0.0924 0.0795 0.0647 0.0100 0.0062 0.0699 0.1467 0.0057 0.0309 0.4542 0.0322 0.3427 0.0003 0.0233 0.0010 0.0000 0.0000 0.0002 0.0000 0.0000 0.0000 0.0001 0.0002 0.0000 0.0000 0.0000 0.0000 0.0000 0.0000 0.0000 0.0000 0.0012 0.0088 0.0000 0.0000 0.0105 0.3069 0.1986 0.0509 0.1559 1.2555 2.5288 0.0917 0.1761 0.1843 0.0237 0.0209 0.0101 0.0496 0.6225
0.0748 0.3847 0.0610 0.8894 4.2689 18.0636 0.2202 0.7966 1.8910 0.3809 4.2706 4.0691 1.5317 0.8571 0.1693 0.0684 0.2310 0.6242 0.0537 0.1577 0.0059 0.0099 0.0085 0.0052 0.0068 0.0250 0.0535 0.0064 0.0164 0.2298 0.0440 0.3137 0.1233 0.0974 0.5695 0.9010 0.0714 0.0008 0.0133 0.0541 0.0054 0.0233 0.0874 0.2323 0.1196 1.3432 0.0008 0.1315 0.0025 0.0000 0.0001 0.0000 0.0000 0.0000 0.0000 0.0000 0.0094 0.0000 0.0000 0.0000 0.0000 0.0000 0.0000 0.0000 0.0000 0.0010 0.0037 0.0000 0.0000 0.0027
0.0138 0.2165 0.0042 0.2108 6.3759 0.2810 0.0664 0.0573 0.2652 0.0268 0.0247 0.0473 0.0393 0.9114 0.1014 0.1080 2.8176 5.0333 4.3366 1.4213 4.4904 0.3786 0.1355 0.0086 0.0654 0.0968 1.7002 0.3381 0.3654 0.8778 0.0953 0.3079 0.0519 0.0124 0.0115 0.0290 0.0032 0.0039 0.1321 0.2039 0.0277 0.2931 0.0811 0.1009 0.1404 1.6161 0.2797 0.1390 0.0899 0.0140 0.0096 0.0005 0.0008 0.0052 0.0307 0.0017 0.1398 0.0265 0.0071 0.0305 0.0000 0.0855 0.0001 0.0000 0.0000 0.0001 0.0000 0.0000 0.0000 0.0000
0.0000 0.0000 0.0000 0.0000 0.0000 0.0000 0.0000 0.0000 0.0000 0.0018 0.0067 0.0000 0.0000 0.0105 0.0112 0.0615 0.0995 0.6078 1.7144 1.2936 0.0562 0.2013 0.1138 0.0087 0.0066 0.0196 0.0561 0.0841 0.0306 0.5027 0.2123 0.6139 0.6288 0.4668 0.2954 21.3823 0.0564 0.0225 5.3004 2.8280 0.2511 1.0003 0.1628 0.0527 0.0415 0.1904 0.0244 0.0129 0.0080 0.0024 0.0018 0.0015 0.0045 0.0101 0.0608 0.0100 0.3988 0.0723 0.0523 0.1516 0.0456 1.1860 0.0635 0.0294 0.0441 0.0024 0.0017 0.0032 0.0114 0.0038
0.6418 6.0490 0.1608 8.6392 0.0386 1.9800 0.0123 0.0000 0.0066 0.0030 0.0000 0.0000 0.0000 0.0001 0.0041 0.0001 0.0014 0.0000 0.0000 0.0000 0.0000 0.0000 0.0000 0.0107 0.0332 0.0000 0.0000 0.0101 0.0069 0.3414 0.0232 0.1745 1.1263 0.0690 0.1082 0.7084 0.0392 0.0045 0.0874 0.0931 0.0126 2.0910 0.1835 0.1142 0.2949 1.8414 0.7806 4.0553 1.4672 0.7858 22.9232 0.9538 4.2455 3.8141 20.1321 0.9922 16.7747 0.5198 0.2131 0.2800 0.0589 0.4620 0.0100 0.0047 0.0155 0.0215 0.0326 0.0225 0.1112 0.1173
0.0278 0.0934 0.0068 0.3721 0.7292 0.4145 0.5290 0.1096 0.7300 0.0007 0.0006 0.0041 0.0025 0.0015 0.0112 0.5382 0.9499 7.8504 0.0014 1.2102 0.0005 0.0000 0.0004 0.0000 0.0000 0.0000 0.0000 0.0000 0.0001 0.0000 0.0000 0.0000 0.0000 0.0000 0.0000 0.0000 0.0000 0.0000 0.0035 0.0000 0.0000 0.0061 0.0007 0.0032 0.0016 0.0127 0.0528 0.0072 0.0052 0.0034 0.0016 0.0002 0.0003 0.0005 0.0043 0.0089 0.0507 0.0107 0.0171 0.0201 0.0257 1.4832 0.0112 0.0749 0.5386 10.7717 0.6599 0.1594 0.0994 0.0299
0.1292 0.0968 0.0040 0.0843 0.0783 0.0133 0.0027 0.0011 0.0078 0.0063 0.0099 0.0235 0.0151 0.0293 0.0159 0.0189 0.1132 0.7633 0.1395 1.3582 0.3186 0.6192 0.5038 0.0007 0.0004 0.0050 0.0107 0.0004 0.0181 12.4709 0.5459 9.7031 0.0029 0.2090 0.0028 0.0001 0.0004 0.0000 0.0000 0.0000 0.0000 0.0000 0.0005 0.0000 0.0000 0.0000 0.0000 0.0000 0.0000 0.0000 0.0000 0.0001 0.0006 0.0000 0.0000 0.0005 0.6779 0.4386 0.1125 0.3444 2.7732 5.5858 0.2026 0.3889 0.4071 0.0524 0.0463 0.0223 0.1095 1.3751
0.1572 0.8090 0.1282 1.8706 8.9779 11.3212 0.4630 1.6754 11.2255 4.8045 91.6161 51.3207 1.9897 1.1065 0.3583 0.1439 0.4858 1.3127 0.1129 0.3317 0.0124 0.0208 0.0179 0.0110 0.0143 0.0527 0.1125 0.0135 0.0344 0.4834 0.0926 0.6598 0.1592 0.1258 0.6827 1.0801 0.0856 0.0018 0.0279 0.1137 0.0113 0.0490 0.1838 2.9483 1.5183 16.9404 0.0104 1.6589 0.0106 0.0000 0.0013 0.0000 0.0000 0.0000 0.0000 0.0000 0.0349 0.0001 0.0002 0.0000 0.0000 0.0000 0.0000 0.0000 0.0000 0.0022 0.0078 0.0000 0.0000 0.0056
0.0037 0.0580 0.0015 0.0565 1.7079 0.0753 0.0178 0.0153 0.0710 0.0072 0.0066 0.0126 0.0105 0.2441 0.0153 0.0275 0.3641 0.6465 0.2894 6.2874 0.0470 0.7097 0.5774 0.1892 1.7352 6.5682 0.3407 0.0122 0.0231 0.0843 0.0092 0.0398 0.0078 0.0019 0.0025 0.0077 0.0006 0.0006 0.0199 0.0263 0.0027 0.0354 0.0078 0.0097 0.0136 0.1014 0.0159 0.0279 0.0701 0.0109 0.0075 0.0001 0.0002 0.0014 0.0082 0.0004 0.3001 0.7018 0.1879 0.8133 0.0010 2.2683 0.0007 0.0000 0.0006 0.0000 0.0000 0.0000 0.0000 0.0000
0.0012 0.0001 0.0000 0.0000 0.0000 0.0000 0.0000 0.0000 0.0000 0.0018 0.0067 0.0000 0.0000 0.0060 0.0100 0.0550 0.0891 0.5441 1.5348 1.1581 0.0503 0.1802 0.1019 0.0079 0.0066 0.0218 0.0565 0.0753 0.1401 0.9861 0.2525 2.0740 1.3616 0.6808 2.4892 7.3487 0.5823 0.0551 4.7746 2.5318 7.4608 18.9346 1.7895 0.3780 0.2981 1.0222 0.1107 0.0588 0.0253 0.0034 0.0060 0.0069 0.0208 0.0537 0.4338 0.0749 3.7099 0.5157 0.3731 1.6557 0.8640 22.4485 0.7329 0.3378 0.5060 0.0021 0.0015 0.0028 0.0102 0.0034
0.0251 0.3972 0.0085 0.5672 0.0015 0.0774 0.0005 0.0000 0.0003 0.0001 0.0000 0.0000 0.0000 0.0000 0.0002 0.0000 0.0001 0.0000 0.0000 0.0000 0.0000 0.0000 0.0000 0.0008 0.0013 0.0000 0.0000 0.0022 0.0017 0.0862 0.0045 0.0440 0.2843 0.0174 0.0273 0.1788 0.0098 0.0011 0.0540 0.0548 0.0067 0.5826 0.1583 0.0992 0.1834 1.5986 0.5952 0.1171 1.0915 0.0573 0.0393 0.0035 0.0268 0.0241 2.7062 11.1110 12.8705 0.9411 0.3089 0.3723 0.0903 0.6993 0.0207 0.0147 0.0570 0.0790 0.1195 0.0470 0.2917 0.4321
0.3268 0.8844 0.0640 5.2288 8.5674 1.0397 0.1645 0.0341 0.2270 0.0006 0.0004 0.0033 0.0020 0.0012 0.0011 0.0062 0.0110 0.0902 0.0000 0.0196 0.0000 0.0000 0.0000 0.0000 0.0000 0.0000 0.0000 0.0000 0.0000 0.0000 0.0000 0.0000 0.0000 0.0000 0.0000 0.0000 0.0000 0.0005 0.0028 0.0000 0.0000 0.0712 0.0081 0.0359 0.0135 0.1407 0.3405 0.0801 0.0579 0.0373 0.0178 0.0019 0.0083 0.0169 0.1230 0.1331 6.5079 0.5907 0.5714 1.9084 0.6624 0.5796 0.2533 0.0686 0.0593 0.0063 0.0430 0.0103 0.4087 0.6978
10.8416 4.7149 0.1932 3.1696 2.4901 0.4271 0.0604 0.0107 0.1839 0.2013 0.3185 0.8835 0.7332 1.0955 0.5960 0.9201 5.5512 15.7596 0.5238 1.3934 0.0542 0.0469 0.0379 0.0020 0.0012 0.0141 0.0295 0.0012 0.0062 0.0531 0.0038 0.0398 0.0000 0.0027 0.0002 0.0000 0.0000 0.0000 0.0000 0.0000 0.0000 0.0000 0.0000 0.0000 0.0000 0.0000 0.0000 0.0000 0.0000 0.0000 0.0000 0.0009 0.0018 0.0000 0.0000 0.0148 0.1257 0.0728 0.0142 0.0571 0.2179 1.0355 0.0376 0.0717 0.0755 0.0097 0.0366 0.0200 0.0889 0.5868
0.6249 1.2729 0.0693 4.4796 1.9937 0.0584 0.1094 0.0204 0.0509 0.0042 0.0464 0.0442 0.1919 1.4377 0.9472 4.0769 8.5541 14.6342 0.8428 2.4445 0.0365 0.0480 0.1012 0.0843 0.1091 0.5452 1.9693 0.1670 0.5318 9.5710 1.0260 1.7549 0.1945 0.0326 0.0340 0.0541 0.0043 0.0004 0.0056 0.0227 0.0023 0.0098 0.0041 0.0025 0.0013 0.0146 0.0000 0.0014 0.0001 0.0000 0.0000 0.0000 0.0000 0.0000 0.0000 0.0000 0.0002 0.0000 0.0000 0.0000 0.0000 0.0000 0.0000 0.0000 0.0000 0.0053 0.0016 0.0000 0.0000 0.0458
0.0049 0.0553 0.0007 0.0538 0.3350 0.1002 0.0237 0.0203 0.0945 0.0095 0.0379 0.0815 0.0613 0.7480 0.4019 0.2885 0.4500 3.5838 0.1488 0.0747 0.0257 0.0199 0.0061 0.0004 0.0034 0.0051 0.0761 0.0295 0.1411 3.4163 1.1553 2.9524 0.3890 0.0915 0.0481 0.1166 0.0239 0.0297 0.9894 1.8156 0.3103 2.7252 0.3508 0.3624 0.2771 0.4998 0.0358 0.0134 0.0064 0.0010 0.0007 0.0002 0.0003 0.0019 0.0109 0.0006 0.0155 0.0014 0.0004 0.0016 0.0000 0.0045 0.0000 0.0000 0.0000 0.0000 0.0000 0.0000 0.0000 0.0000
0.0000 0.0000 0.0000 0.0000 0.0000 0.0000 0.0000 0.0000 0.0000 0.0044 0.0014 0.0000 0.0000 0.0469 0.0030 0.0119 0.0123 0.1175 0.0434 0.3491 0.0153 0.0543 0.0307 0.0024 0.0077 0.0258 0.0663 0.0526 0.1644 1.0741 0.0254 0.3268 0.0310 0.0017 0.0155 0.0297 0.0007 0.0001 0.0192 0.0102 0.0054 0.2108 0.0963 0.1755 0.3981 3.2215 0.2452 0.1288 0.0312 0.0074 0.0132 0.0152 0.0455 0.1405 0.6201 0.1396 1.5706 0.2351 0.0934 0.0650 0.0090 0.0496 0.0012 0.0006 0.0008 0.0006 0.0005 0.0009 0.0031 0.0010
0.0195 0.0300 0.0008 0.0428 0.0002 0.0099 0.0002 0.0000 0.0000 0.0011 0.0000 0.0000 0.0000 0.0000 0.0001 0.0000 0.0001 0.0000 0.0000 0.0000 0.0000 0.0000 0.0000 0.0477 0.0123 0.0000 0.0000 0.1405 0.0288 0.6088 0.0219 0.3093 0.2616 0.2920 0.4552 2.9996 0.1651 0.0232 2.3896 2.8459 0.3484 22.5003 6.1147 1.6032 0.2750 3.7384 0.2278 0.0325 0.1178 0.0259 0.0042 0.0006 0.0121 0.0109 0.2920 0.1641 11.6265 2.4294 2.8637 7.9957 14.0879 88.4156 0.9151 0.6499 2.5199 3.2462 4.9071 2.1982 3.5276 9.2806
2.4641 6.8358 0.2666 1.6080 1.4743 0.1789 0.0283 0.0059 0.0391 0.0281 0.0212 0.1263 0.0770 0.0467 0.0071 0.0038 0.0085 0.0557 0.0000 0.0204 0.0001 0.0000 0.0000 0.0003 0.0000 0.0000 0.0000 0.0000 0.0000 0.0000 0.0000 0.0000 0.0000 0.0000 0.0000 0.0000 0.0000 0.0450 0.1337 0.0000 0.0000 5.3733 0.0379 0.0705 0.0185 0.2761 0.1508 0.3756 0.2697 0.1749 0.0834 0.0175 0.1596 0.3260 2.3724 1.1854 80.9381 2.2028 0.1976 1.0296 0.1220 0.2566 0.0469 0.0306 0.0110 0.0018 0.0190 0.0046 0.0753 0.2551
0.1031 0.5142 0.0606 2.0987 11.2572 4.3095 0.2007 0.0641 1.1048 1.0886 1.1816 1.9998 0.5426 2.6376 0.2181 0.2132 0.6892 0.5059 0.0435 0.0899 0.0026 0.0023 0.0018 0.0016 0.0010 0.0058 0.0121 0.0005 0.0004 0.0021 0.0001 0.0016 0.0000 0.0001 0.0000 0.0000 0.0000 0.0000 0.0000 0.0000 0.0000 0.0000 0.0000 0.0000 0.0000 0.0000 0.0000 0.0000 0.0000 0.0000 0.0000 0.0052 0.0014 0.0000 0.0000 0.0444 0.0683 0.0093 0.0013 0.0073 0.0077 0.2817 0.0204 0.0452 0.0986 0.0281 0.2940 0.0710 0.3157 0.1232
14.4671 9.5758 0.0853 5.5503 2.4703 0.1636 0.1347 0.0572 0.0627 0.0116 0.1298 0.1237 0.2378 2.0281 1.1736 1.1831 11.3440 48.1159 19.5128 92.1950 76.2413 30.1097 63.0304 16.8473 10.0741 11.7204 11.7879 7.3505 3.5360 9.7319 1.2870 1.5291 0.7603 0.1282 0.1338 0.2116 0.0168 0.0821 1.3022 0.9880 0.2357 1.5774 0.0162 0.0071 0.0036 0.0406 0.0000 0.0040 0.0002 0.0000 0.0000 0.0009 0.0000 0.0000 0.0001 0.0001 0.0012 0.0000 0.0000 0.0000 0.0000 0.0000 0.0000 0.0000 0.0000 3.1226 0.3637 0.0000 0.0000 3.0477
0.0081 0.0261 0.0006 0.0254 0.1008 0.0809 0.0389 0.0385 0.5651 0.1125 1.3916 1.1719 0.2863 0.2626 0.1428 0.0357 0.0454 0.2098 0.0172 0.0225 0.0028 0.0060 0.0004 0.0001 0.0010 0.0015 0.0045 0.0044 0.0082 0.1355 0.0415 0.2850 0.2661 0.1020 0.9021 13.8558 0.4483 0.1879 2.7841 1.1460 0.0549 3.7459 0.1567 0.0381 0.0367 0.0459 0.0148 0.0056 0.0027 0.0004 0.0003 0.0022 0.0032 0.0031 0.0658 0.0055 0.0066 0.0004 0.0001 0.0005 0.0000 0.0013 0.0000 0.0000 0.0000 0.0002 0.0000 0.0000 0.0000 0.0000
0.0000 0.0000 0.0000 0.0000 0.0000 0.0000 0.0000 0.0000 0.0000 1.5276 0.0809 0.0000 0.0000 0.4851 0.0139 0.0162 0.0187 0.1592 0.0589 0.8096 0.0707 0.2901 0.3419 0.0589 0.5273 0.7805 2.0198 0.1001 0.4080 0.9216 0.0219 0.2804 0.0266 0.0023 0.0134 0.0403 0.0006 0.0001 0.0260 0.0139 0.0047 0.5075 0.0826 0.1206 0.2685 1.9438 1.1717 1.0026 4.0596 0.9740 2.3144 0.6374 0.8775 0.6234 1.7634 1.5079 11.3509 0.4029 0.2013 0.0972 0.0603 0.3346 0.0081 0.0037 0.0056 0.0160 0.0115 0.0040 0.0344 0.0175
0.0010 0.0015 0.0000 0.0021 0.0000 0.0005 0.0000 0.0000 0.0000 0.0005 0.0000 0.0000 0.0000 0.0000 0.0000 0.0000 0.0000 0.0000 0.0000 0.0000 0.0000 0.0000 0.0000 0.2159 0.0112 0.0000 0.0000 0.0768 0.0030 0.0640 0.0023 0.0327 0.0275 0.0307 0.0478 0.3272 0.0362 0.0134 3.9724 1.1860 0.1452 2.3797 0.7408 0.1685 0.0289 0.3929 0.0241 0.0034 0.0124 0.0027 0.0004 0.0001 0.0013 0.0012 0.0311 0.0420 1.2296 0.2618 0.3029 0.8404 0.8868 11.1855 0.8152 0.6083 2.2449 6.7821 4.0093 0.4104 0.7136 3.7268
11.4343 9.8100 0.4928 2.9362 9.1455 0.8302 0.1313 0.0274 0.1812 0.1493 0.1424 0.1544 0.1963 0.1845 0.0086 0.0047 0.0104 0.0681 0.0000 0.0249 0.0001 0.0000 0.0000 0.0007 0.0000 0.0000 0.0000 0.0000 0.0000 0.0000 0.0000 0.0000 0.0000 0.0000 0.0000 0.0000 0.0000 0.9416 0.8984 0.0000 0.0000 24.9343 0.0892 0.1658 0.0435 0.6494 0.3546 0.8835 0.6345 0.4115 0.1962 0.0623 1.6529 0.8676 6.3143 2.7883 136.3887 5.2137 0.4648 2.4368 0.2870 0.6036 0.1104 0.0719 0.0262 0.0042 0.0448 0.0108 0.1793 1.4696
0.0971 0.4997 0.0578 2.0023 7.2331 1.4930 0.4776 0.1544 2.6132 5.2714 10.4176 3.3886 0.9902 9.5545 0.7901 0.2388 0.9885 0.7256 0.2095 0.3276 0.0095 0.0082 0.0067 0.0019 0.0014 0.0055 0.0115 0.0007 0.0004 0.0020 0.0001 0.0015 0.0000 0.0001 0.0000 0.0000 0.0000 0.0000 0.0000 0.0000 0.0000 0.0000 0.0000 0.0000 0.0000 0.0000 0.0000 0.0000 0.0000 0.0000 0.0000 0.0242 0.0020 0.0000 0.0000 0.1617 0.1285 0.0396 0.0050 0.0311 0.0328 1.0590 0.0384 0.0737 0.0772 0.0099 0.0795 0.0227 0.1009 0.6666
0.5362 0.6582 0.0059 0.3815 0.1698 0.0067 0.0093 0.0023 0.0043 0.0005 0.0053 0.0050 0.0162 0.1403 0.0807 0.1696 1.6565 6.9829 1.4896 4.3207 0.1124 0.1481 0.3119 0.2581 0.3361 2.1912 1.7974 0.4959 0.2386 1.3950 0.1441 0.1712 0.0516 0.0086 0.0090 0.0143 0.0011 0.0003 0.0043 0.0175 0.0017 0.0076 0.0007 0.0003 0.0001 0.0016 0.0000 0.0002 0.0000 0.0000 0.0000 0.0000 0.0000 0.0000 0.0000 0.0000 0.0000 0.0000 0.0000 0.0000 0.0000 0.0000 0.0000 0.0000 0.0000 0.0162 0.0012 0.0000 0.0000 0.1359
0.0045 0.0508 0.0006 0.0495 0.2895 0.0921 0.0219 0.0188 0.0869 0.0088 0.0772 0.0802 0.0603 0.7406 0.3980 0.2669 0.3913 3.1166 0.1286 0.0645 0.0222 0.0172 0.0052 0.0003 0.0030 0.0044 0.0657 0.0461 0.1220 2.9710 0.9215 2.7311 0.7934 0.1867 0.1878 0.4577 0.0933 0.1160 3.8596 7.3961 1.3781 11.1701 1.4377 0.8311 0.6238 0.7816 0.1353 0.0506 0.0245 0.0038 0.0026 0.0002 0.0003 0.0017 0.0101 0.0006 0.0134 0.0012 0.0003 0.0014 0.0000 0.0039 0.0000 0.0000 0.0000 0.0000 0.0000 0.0000 0.0000 0.0000
0.0000 0.0000 0.0000 0.0000 0.0000 0.0000 0.0000 0.0000 0.0000 0.0120 0.0009 0.0000 0.0000 0.1333 0.0015 0.0034 0.0038 0.0331 0.0123 0.1674 0.0073 0.0261 0.0148 0.0020 0.0168 0.0259 0.0671 0.0280 0.0876 0.3029 0.0076 0.0922 0.0094 0.0005 0.0047 0.0084 0.0003 0.0000 0.0054 0.0029 0.0021 0.2314 0.0291 0.0550 0.1172 0.7501 0.2691 0.1414 0.1300 0.0310 0.0551 0.0636 0.1895 0.2722 0.8040 1.0336 5.1434 0.1826 0.0918 0.0441 0.0275 0.1516 0.0037 0.0017 0.0026 0.0005 0.0004 0.0004 0.0015 0.0006
0.0008 0.0012 0.0000 0.0017 0.0000 0.0004 0.0000 0.0000 0.0000 0.0001 0.0000 0.0000 0.0000 0.0000 0.0000 0.0000 0.0000 0.0000 0.0000 0.0000 0.0000 0.0000 0.0000 0.0275 0.0014 0.0000 0.0000 0.0873 0.0010 0.0320 0.0017 0.0164 0.0500 0.0105 0.0164 0.1081 0.0060 0.0012 0.2601 0.1449 0.0177 0.8108 0.2217 0.0935 0.0824 0.8436 0.0683 0.0062 0.0353 0.0050 0.0017 0.0001 0.0023 0.0021 0.1142 0.1542 3.4855 0.9617 0.4955 0.5972 0.2771 2.1325 0.0996 0.0703 0.2743 0.3782 0.5753 0.2208 1.2265 2.0684
1.9720 1.4860 0.0742 0.4448 1.0363 0.1258 0.0199 0.0041 0.0275 0.0007 0.0005 0.0022 0.0013 0.0009 0.0004 0.0003 0.0008 0.0051 0.0000 0.0019 0.0000 0.0000 0.0000 0.0000 0.0000 0.0000 0.0000 0.0000 0.0000 0.0000 0.0000 0.0000 0.0000 0.0000 0.0000 0.0000 0.0000 0.0025 0.0032 0.0000 0.0000 0.3772 0.0011 0.0045 0.0017 0.0177 0.0349 0.0110 0.0079 0.0051 0.0025 0.0003 0.0026 0.0042 0.0303 0.0329 1.6116 0.1301 0.0717 0.3385 0.0443 0.0593 0.0170 0.0071 0.0040 0.0004 0.0044 0.0011 0.0273 0.1816
0.3975 3.3941 0.1134 1.6858 2.2528 0.3816 0.0357 0.0113 0.1954 0.2125 0.3384 1.0885 1.1423 1.4991 0.8206 2.0384 5.2440 3.8490 0.2668 0.5544 0.0161 0.0139 0.0113 0.0003 0.0002 0.0018 0.0038 0.0001 0.0007 0.0051 0.0004 0.0038 0.0000 0.0003 0.0000 0.0000 0.0000 0.0000 0.0000 0.0000 0.0000 0.0000 0.0000 0.0000 0.0000 0.0000 0.0000 0.0000 0.0000 0.0000 0.0000 0.0010 0.0002 0.0000 0.0000 0.0168 0.0280 0.0181 0.0035 0.0141 0.0539 0.2305 0.0084 0.0159 0.0168 0.0022 0.0082 0.0027 0.0121 0.0807
0.1913 0.3970 0.0382 1.5809 1.0977 0.0322 0.0602 0.0112 0.0280 0.0023 0.0257 0.0243 0.1057 1.2974 0.5247 0.8778 2.3873 4.3443 0.5315 1.5418 0.0339 0.0447 0.0942 0.0784 0.1015 0.3963 1.4316 0.1554 0.4950 6.9579 1.9191 1.5837 0.2527 0.0423 0.0442 0.0703 0.0055 0.0002 0.0028 0.0113 0.0011 0.0049 0.0023 0.0014 0.0007 0.0080 0.0000 0.0008 0.0000 0.0000 0.0000 0.0000 0.0000 0.0000 0.0000 0.0000 0.0001 0.0000 0.0000 0.0000 0.0000 0.0000 0.0000 0.0000 0.0000 0.0054 0.0008 0.0000 0.0000 0.0426
0.0120 0.1875 0.0037 0.1826 5.5227 0.2434 0.0575 0.0497 0.2297 0.0232 0.0444 0.0956 0.0719 0.8769 0.4712 0.3642 2.9193 14.8114 3.7563 1.2311 0.6486 0.3279 0.1530 0.0097 0.0567 0.0839 1.9206 2.2627 1.5101 8.5612 0.7439 2.1913 0.4287 0.1003 0.0792 0.1920 0.0394 0.0487 1.6290 2.2921 0.3917 4.6853 1.2971 1.6128 2.2451 56.2632 1.8836 0.7044 0.3386 0.0531 0.0362 0.0005 0.0007 0.0045 0.0267 0.0014 0.1211 0.0229 0.0061 0.0266 0.0000 0.0741 0.0001 0.0000 0.0000 0.0001 0.0000 0.0000 0.0000 0.0000
0.0000 0.0000 0.0000 0.0000 0.0000 0.0000 0.0000 0.0000 0.0000 0.0038 0.0016 0.0000 0.0000 0.0395 0.0004 0.0024 0.0038 0.0236 0.0665 0.0502 0.0022 0.0078 0.0044 0.0003 0.0037 0.0039 0.0102 0.0042 0.0133 0.0797 0.0204 0.1677 0.0973 0.0134 0.1725 0.1444 0.0114 0.0011 0.0933 0.0497 0.0934 10.1341 0.1279 0.0935 0.0590 0.1833 0.0409 0.0215 0.0197 0.0047 0.0084 0.0128 0.0382 0.0416 0.3759 0.1044 5.1722 0.2991 0.2177 0.6837 2.7392 6.6815 0.1622 0.0747 0.1126 0.0001 0.0001 0.0001 0.0004 0.0001
0.0982 1.5645 0.0331 2.2344 0.0059 0.3029 0.0019 0.0000 0.0010 0.0010 0.0000 0.0000 0.0000 0.0000 0.0006 0.0000 0.0002 0.0000 0.0000 0.0000 0.0000 0.0000 0.0000 0.3072 0.0111 0.0000 0.0000 0.6087 0.0354 1.7769 0.0919 0.9084 5.8619 0.3589 0.5630 3.6871 0.2029 0.0234 2.1172 1.1795 0.1444 10.8828 1.8044 1.0891 2.0268 17.5553 7.4417 8.3566 13.9884 4.0897 2.7905 0.2452 1.9026 1.7093 191.9367 55.3442 160.9188 13.3133 4.3695 5.2342 2.2694 17.4629 0.8108 0.5758 2.2465 3.0974 4.7112 1.8085 9.9822 16.9383
0.9063 1.2667 0.0916 3.5689 23.7636 23.4063 2.5246 0.5232 3.4628 0.0009 0.0006 0.0047 0.0029 0.0018 0.0056 0.0310 0.0548 0.4498 0.0001 0.0980 0.0001 0.0000 0.0000 0.0000 0.0000 0.0000 0.0000 0.0000 0.0000 0.0000 0.0000 0.0000 0.0000 0.0000 0.0000 0.0000 0.0000 0.0014 0.0041 0.0000 0.0000 0.1974 0.0015 0.0065 0.0032 0.0253 0.1054 0.0144 0.0104 0.0067 0.0032 0.0003 0.0013 0.0012 0.0086 0.0178 0.3139 0.0285 0.0342 0.0920 0.0754 5.1982 0.1055 0.1496 0.8199 0.0866 0.2198 0.0531 0.9361 1.2255
0.1443 0.2158 0.0071 0.1052 0.1713 0.0288 0.0088 0.0028 0.0481 0.0523 0.0832 0.1260 0.1176 0.3687 0.2018 0.0994 0.5959 2.8422 1.7651 20.2979 7.2462 4.2231 3.4148 0.0002 0.0001 0.0012 0.0025 0.0001 0.0043 0.3380 0.0191 0.2550 0.0001 0.0073 0.0003 0.0000 0.0000 0.0000 0.0000 0.0000 0.0000 0.0000 0.0001 0.0000 0.0000 0.0000 0.0000 0.0000 0.0000 0.0000 0.0000 0.0003 0.0001 0.0000 0.0000 0.0041 0.0075 0.0048 0.0012 0.0038 0.0307 0.0618 0.0023 0.0043 0.0045 0.0006 0.0011 0.0003 0.0012 0.0153
0.0125 0.0275 0.0033 0.1102 0.3391 0.5115 0.0676 0.0434 1.0447 0.1966 0.2313 0.2204 0.6569 1.5890 0.0683 0.0360 0.0972 0.1781 0.0269 0.0780 0.0043 0.0057 0.0120 0.0100 0.0130 0.0305 0.0986 0.0200 0.0632 0.2834 0.0543 0.4218 0.5957 0.5558 4.8250 50.2208 2.4278 0.0000 0.0007 0.0029 0.0003 0.0013 0.0047 0.0937 0.0451 0.4936 0.0001 0.0101 0.0001 0.0000 0.0000 0.0000 0.0000 0.0000 0.0000 0.0000 0.0005 0.0000 0.0000 0.0000 0.0000 0.0000 0.0000 0.0000 0.0000 0.0007 0.0002 0.0000 0.0000 0.0054
0.0014 0.0219 0.0006 0.0213 0.6455 0.0284 0.0067 0.0058 0.0268 0.0027 0.0053 0.0053 0.0040 0.0923 0.0179 0.0138 0.1376 0.5625 0.1614 4.1687 0.1013 0.2682 0.7935 0.1137 0.1094 0.1609 1.6506 0.2596 0.0645 0.3094 0.0269 0.0792 0.0275 0.0064 0.0129 0.0313 0.0064 0.0079 0.2658 0.2253 0.0342 0.7644 0.2116 0.0839 0.1168 0.9513 0.8728 1.8065 7.2246 4.5432 7.2255 0.0001 0.0001 0.0005 0.0031 0.0002 0.1141 0.3272 0.0818 0.3478 0.0001 0.2008 0.0001 0.0000 0.0000 0.0000 0.0000 0.0000 0.0000 0.0000
0.0006 0.0000 0.0000 0.0000 0.0000 0.0000 0.0000 0.0000 0.0000 0.0212 0.0064 0.0000 0.0000 0.2126 0.5030 0.1774 1.1178 1.7538 0.5223 7.1839 0.6350 2.6059 4.6746 13.4738 1.5775 3.6657 1.3306 0.4671 0.2152 1.6412 0.1366 0.4048 0.1904 0.0203 0.0900 0.3573 0.0024 0.0010 0.2307 0.1223 0.0109 0.1489 0.0859 0.0379 0.0858 0.6216 0.1648 0.1410 0.4773 0.1960 0.1051 0.0443 0.0588 0.0491 0.1337 0.0956 0.7196 0.0507 0.0336 0.0459 0.0044 0.0513 0.0028 0.0013 0.0019 213.2509 54.7597 0.1421 2.1594 66.3852
0.0205 0.0081 0.0002 0.0116 0.0000 0.0027 0.0002 0.0000 0.0000 0.2286 0.0000 0.0001 0.0064 0.0389 0.0002 0.0000 0.0012 0.0001 0.0000 0.0000 0.0000 0.0000 0.0000 0.0365 0.2443 0.0000 0.0000 0.0030 0.0477 0.2317 0.0314 0.1184 0.1002 0.1118 0.3546 2.6767 0.4676 2.5285 7.6583 5.0722 0.0871 3.3688 0.1349 0.0910 0.0550 0.1720 0.0526 0.0124 0.0254 0.0099 0.0006 0.0002 0.0046 0.0042 0.0220 0.0037 0.3880 0.0249 0.0294 0.0820 0.0420 0.5299 0.0906 0.1101 0.1296 0.0831 0.0559 0.0099 0.0164 0.0717
0.0008 0.0014 0.0001 0.0016 0.0006 0.0001 0.0000 0.0000 0.0001 2.1776 9.9074 0.0089 0.0259 2.0256 0.0002 0.0001 0.0001 0.0009 0.0000 0.0003 0.0000 0.0000 0.0000 0.0015 0.0000 0.0000 0.0010 0.0004 0.0000 0.0000 0.0000 0.0000 0.0000 0.0000 0.0000 0.0000 0.0000 0.0006 0.0978 0.0000 0.0000 0.0018 2.5996 0.0882 0.0517 0.3456 0.0206 0.0760 0.2205 0.0485 0.0231 0.0028 0.0043 0.0078 0.0618 0.0636 0.3625 0.0451 0.0142 0.0170 0.0100 0.0352 0.0036 0.0042 0.0005 0.0002 0.0026 0.0006 0.0020 0.0021
0.0327 0.0510 0.0060 0.2084 0.3270 0.0561 0.0228 0.0094 0.0653 0.0264 0.0418 0.0868 0.0244 0.1145 0.0095 0.0098 0.0538 0.1114 0.0037 0.0164 0.0010 0.0009 0.0007 0.0247 0.0081 19.0458 1.6092 0.0226 0.0212 0.0076 0.0005 0.0057 0.0000 0.0004 0.0007 0.0000 0.0000 0.0019 0.0000 0.0000 0.0000 0.0003 0.0002 0.0000 0.0000 0.0000 0.0000 0.0000 0.0000 0.0000 0.0000 0.0008 0.0054 0.0000 0.0000 0.0019 11.8675 0.4946 0.4388 0.3884 0.0736 2.7025 0.3698 0.4386 1.4572 0.2341 0.1656 0.0799 0.1389 0.6653
0.3715 1.1168 0.0351 0.5247 1.1635 0.0888 0.0596 0.0310 0.0178 0.0063 0.0705 0.0672 0.0366 0.0700 0.0800 0.0437 0.4272 1.8121 0.2669 0.7788 0.1409 0.3639 0.2031 0.0543 0.0337 0.1086 0.1053 0.0319 0.0153 0.1451 0.0253 0.0850 0.0065 0.0023 0.0054 0.0085 0.0007 0.1415 1.3440 9.7180 17.4715 7.6731 0.1784 0.0038 0.0020 0.0220 0.0000 0.0022 0.0024 0.0000 0.0000 0.0208 0.0000 0.0000 0.0006 0.0003 0.0228 0.0000 0.0004 0.0000 0.0000 0.0000 0.0000 0.0000 0.0000 0.0377 0.1363 0.0000 0.0000 0.0132
0.1329 0.1339 0.0112 0.1296 0.2588 0.2092 0.1006 0.0995 1.4606 1.8312 0.2858 0.5306 0.1189 0.6786 0.0425 0.0450 0.1172 0.2133 0.0441 0.0581 0.0072 0.0154 0.0011 0.0003 0.0027 0.0039 0.0074 0.0009 0.0061 0.0303 0.0095 0.0650 0.0218 0.0052 0.0519 0.2465 0.0134 0.0053 0.0822 0.0643 0.0029 0.1127 0.0047 0.0034 0.0044 0.0155 0.0008 0.0006 0.0006 0.0001 0.0001 1.2603 1.4776 0.0500 1.5238 36.1540 0.1163 0.0011 0.0003 0.0012 0.0000 0.0035 0.0001 0.0000 0.0000 0.0681 0.0000 0.0000 0.0031 0.0104
0.0001 0.0000 0.0000 0.0000 0.0000 0.0000 0.0000 0.0000 0.0000 0.0078 0.0398 0.0000 0.0000 0.0026 0.0409 0.3809 5.0361 3.7656 0.1525 0.3455 0.0206 0.0534 0.0304 0.0026 0.0018 0.0052 0.0149 0.0225 0.0082 0.1343 0.0401 0.1153 0.0559 0.0479 0.0264 0.3589 0.0058 0.0023 0.5468 0.2900 0.0110 0.0437 0.0251 0.0099 0.0079 0.0509 0.0065 0.0034 0.0021 0.0006 0.0005 0.0004 0.0012 0.0027 0.0114 0.0027 0.0749 0.0136 0.0099 0.0135 0.0020 0.0515 0.0065 0.0030 0.0045 0.0025 0.0010 0.0116 0.0614 0.0069
58.2382 0.1013 0.0027 0.1446 0.0011 0.0331 0.0320 0.0001 0.0004 0.0107 0.0000 0.0001 0.0000 0.0001 0.0511 0.0013 0.0174 0.0006 0.0000 0.0003 0.0000 0.0000 0.0000 0.0005 0.0014 0.0000 0.0000 0.0004 0.0027 0.1359 0.0092 0.0695 0.4483 0.0274 0.0428 0.2819 0.0155 0.0018 0.0348 0.0371 0.0050 0.8271 0.0262 0.0382 0.1167 0.3558 0.2353 0.9200 0.1143 0.3108 0.6329 0.3703 2.0589 1.8497 1.1735 0.0578 1.0085 0.0476 0.0194 0.0345 0.0085 0.0664 0.0021 0.0019 0.0030 0.0030 0.0046 0.0028 0.0102 0.0102
0.0051 0.0226 0.0016 0.0587 0.1129 0.0638 0.0814 0.0479 0.3170 0.0008 0.0006 0.0042 0.0026 0.0016 0.0117 12.7110 5.2869 58.7757 0.0056 4.8854 0.0018 0.0000 0.0015 0.0000 0.0000 0.0000 0.0000 0.0000 0.0003 0.0001 0.0000 0.0000 0.0000 0.0000 0.0000 0.0000 0.0000 0.0000 0.0037 0.0000 0.0000 0.0021 0.0008 0.0036 0.0029 0.0140 0.0582 0.0080 0.0057 0.0037 0.0018 0.0002 0.0003 0.0006 0.0048 0.0098 0.0560 0.0119 0.0189 0.0222 0.0284 1.6366 0.0103 0.0826 0.2939 0.1604 0.7327 0.1759 0.0543 0.0163
