15.2888 1.0169 0.0308 0.9903 0.4273 0.5097 0.4836 0.1425 0.6592 0.0762 0.0615 0.1170 0.0959 1.1136 0.0697 0.0739 0.1924 0.3523 0.0729 0.0953 0.0118 0.0254 0.0018 0.0005 0.0044 0.0065 0.0122 0.0015 0.0100 0.0498 0.0155 0.1067 0.0360 0.0085 0.0230 0.0722 0.0059 0.0027 0.0914 0.1056 0.0048 0.1614 0.0068 0.0057 0.0072 0.0255 0.0013 0.0010 0.0011 0.0002 0.0001 0.0053 0.0040 3.1947 1.3651 0.0261 0.3835 0.0018 0.0005 0.0021 0.0000 0.0057 0.0002 0.0000 0.0000 0.0040 0.0000 0.0000 0.0000 0.0000
0.0002 0.0000 0.0000 0.0000 0.0000 0.0000 0.0000 0.0000 0.0000 0.0071 0.0266 0.0000 0.0000 0.0116 0.4841 13.6240 4.2651 67.0114 1.0614 6.1485 0.2671 0.9569 0.5408 0.0415 0.0316 0.0934 0.2667 0.3998 0.1457 2.3893 0.2793 0.8025 0.3893 0.0413 0.1840 0.7261 0.0050 0.0020 0.4718 0.2502 0.0223 0.3044 0.1747 0.0693 0.1258 0.9050 0.1157 0.0612 0.0381 0.0116 0.0084 0.0072 0.0215 0.0478 0.1947 0.0475 0.5213 0.0945 0.0688 0.0938 0.0089 0.1049 0.0056 0.0026 0.0039 0.0141 0.0082 0.1376 0.3007 0.0354
0.1039 0.0069 0.0002 0.0099 0.0001 0.0023 0.0010 0.0000 0.0000 0.0013 0.0000 0.0000 0.0000 0.0000 0.0003 0.0000 0.0003 0.0000 0.0000 0.0000 0.0000 0.0000 0.0000 0.0007 0.0020 0.0000 0.0000 0.0006 0.0282 0.8964 2.0317 0.4583 0.0427 0.0207 0.0445 0.1433 0.0125 0.0018 0.0279 0.0298 0.0025 0.4230 0.0134 0.0178 0.0235 0.0716 0.0224 0.0070 0.0109 0.0042 0.0003 0.0001 0.0026 0.0023 0.0094 0.0016 0.1655 0.0096 0.0058 0.0161 0.0043 0.0337 0.0011 0.0015 0.0015 0.0016 0.0024 0.0013 0.0032 0.0052
0.0278 0.1218 0.0088 0.1500 0.0534 0.0137 0.0063 0.0013 0.0087 0.0731 0.0299 1.1817 1.2791 0.2631 2.1153 0.0079 0.0284 0.1141 0.0003 0.0684 0.0197 0.0003 0.0002 0.0167 0.0000 0.0002 0.0003 0.0000 0.0060 0.0009 0.0021 0.0003 0.0000 0.0000 0.0000 0.0000 0.0000 0.0010 0.0795 0.0000 0.0000 0.0289 0.6829 7.7021 1.1250 103.1483 0.7060 0.7407 0.5320 0.3450 0.1645 0.0175 0.0305 0.0554 0.4447 0.9142 5.2117 1.1026 0.4838 0.5689 0.3443 1.2016 0.1245 0.1432 0.0187 0.0083 0.0892 0.0215 0.0694 0.0719
0.9181 1.2831 0.1210 4.1669 3.8440 0.6593 0.1343 0.0546 0.3843 0.3107 0.4917 1.1615 0.4886 1.3456 0.1622 0.2504 1.5013 3.1297 0.1040 0.4592 0.0294 0.0255 0.0206 0.0444 0.0221 2.2890 2.9112 0.0409 1.0004 0.2121 0.0150 0.1600 0.0002 0.0109 0.0312 0.0010 0.0001 0.0041 0.0000 0.0004 0.0000 0.0005 0.0065 0.0001 0.0012 0.0002 0.0000 0.0000 0.0000 0.0000 0.0000 0.0044 0.0315 0.0000 0.0000 0.0228 6.8059 4.4039 0.8603 3.4582 67.7671 56.0839 2.0339 3.9047 4.0873 0.5258 0.4644 0.2241 1.0998 13.8062
0.4843 2.4919 0.3949 5.7617 27.6539 2.1116 1.4262 0.7374 0.4254 0.1494 1.6752 1.5962 0.8704 1.6649 1.1037 0.4432 1.4964 4.0433 0.3479 1.0216 0.0383 0.0641 0.0552 0.0339 0.0442 0.1622 0.3466 0.0415 0.1059 1.4889 0.2852 2.0322 0.1545 0.0550 0.1273 0.2015 0.0160 0.0054 0.0860 0.3501 0.0347 0.1509 0.0702 0.0911 0.0469 0.5269 0.0003 0.0516 0.0010 0.0000 0.0000 0.0001 0.0000 0.0000 0.0000 0.0000 0.0037 0.0000 0.0000 0.0000 0.0000 0.0000 0.0000 0.0000 0.0000 0.0067 0.0240 0.0000 0.0000 0.0172
0.1092 0.4846 0.0098 0.4719 1.8589 5.3965 0.5241 0.3047 1.4093 0.1430 0.1322 0.2516 0.2088 4.8440 0.3052 0.3213 0.8368 1.5323 0.3169 0.4144 0.0514 0.1104 0.0078 0.0021 0.0191 0.0282 0.0530 0.0065 0.0435 0.2166 0.0680 0.4641 0.1564 0.0373 0.0501 0.1544 0.0129 0.0119 0.3977 0.4621 0.0211 0.7022 0.0294 0.0246 0.0312 0.1110 0.0055 0.0043 0.0046 0.0007 0.0005 0.0028 0.0040 0.0413 0.1641 0.0089 0.1216 0.0077 0.0021 0.0089 0.0000 0.0249 0.0001 0.0000 0.0000 0.0005 0.0000 0.0000 0.0000 0.0000
0.0000 0.0000 0.0000 0.0000 0.0000 0.0000 0.0000 0.0000 0.0000 0.0073 0.0277 0.0000 0.0000 0.0245 0.1207 0.0467 0.1075 0.4617 0.1696 3.4640 1.3736 0.7387 0.4175 0.0322 0.0244 0.0721 0.2034 0.1526 0.0556 0.5330 0.0446 0.1315 0.0622 0.0066 0.0294 0.1160 0.0008 0.0003 0.0754 0.0400 0.0036 0.0486 0.0279 0.0124 0.0280 0.2019 0.0439 0.0234 0.0289 0.0089 0.0064 0.0027 0.0081 0.0160 0.0434 0.0180 0.1357 0.0166 0.0110 0.0150 0.0014 0.0168 0.0009 0.0004 0.0006 0.0088 0.0063 0.0341 0.0778 0.0138
0.0183 0.0205 0.0005 0.0293 0.0001 0.0067 0.0002 0.0000 0.0000 0.0050 0.0000 0.0000 0.0000 0.0001 0.0001 0.0000 0.0001 0.0000 0.0000 0.0000 0.0000 0.0000 0.0000 0.0095 0.0292 0.0000 0.0000 0.0044 0.1632 1.6849 0.0609 0.8613 0.7284 0.8130 2.5789 29.0862 1.0781 0.1235 2.4013 2.5590 0.3416 24.5017 0.7760 0.6620 0.4003 1.2512 0.3823 0.0905 0.1847 0.0722 0.0043 0.0016 0.0336 0.0303 0.1602 0.0272 2.8223 0.1813 0.2137 0.5966 0.2508 1.9537 0.1415 0.1287 0.2025 0.0936 0.1371 0.0717 0.1194 0.3026
0.3194 0.9427 0.0621 1.0581 0.3747 0.0966 0.0339 0.0070 0.0468 0.5947 0.4484 2.8284 1.9867 1.2121 0.0783 0.0423 0.0938 0.6169 0.0003 0.2258 0.0008 0.0000 0.0001 0.0074 0.0000 0.0000 0.0001 0.0001 0.0002 0.0000 0.0000 0.0000 0.0000 0.0000 0.0000 0.0000 0.0000 0.0356 2.8301 0.0000 0.0000 0.6966 0.6674 0.6132 0.2544 2.4021 1.3037 3.2476 4.7456 3.5477 7.3587 0.5713 0.9946 1.7957 5.1424 4.0083 22.9919 2.8419 0.8933 1.0767 0.6357 2.2188 0.2299 0.2644 0.0345 0.0154 0.1646 0.0398 0.1282 0.1328
0.6398 0.9932 0.1177 4.0536 6.4001 1.0976 1.0739 0.6683 3.0531 1.0724 0.8186 1.6986 0.4753 2.2266 0.1841 0.1914 1.0463 2.1811 0.0725 0.3200 0.0205 0.0176 0.0144 0.4407 0.2718 0.8443 6.4399 0.2539 0.0301 0.1478 0.0105 0.1115 0.0001 0.0076 0.0009 0.0000 0.0000 0.0075 0.0000 0.0001 0.0001 0.0024 0.0005 0.0000 0.0001 0.0000 0.0000 0.0000 0.0000 0.0000 0.0000 0.0545 0.3876 0.0000 0.0000 0.0377 1.6292 0.1905 0.0516 0.1496 0.1569 5.7957 0.4276 0.9405 3.1250 33.4914 2.5947 0.7780 0.4852 1.4267
0.4903 1.1656 0.0366 0.5443 1.2070 0.0927 0.0623 0.0322 0.0186 0.0066 0.0736 0.0697 0.0382 0.0731 0.0830 0.0457 0.4459 1.8913 0.3394 1.6036 0.3263 0.7447 0.4733 0.1821 0.1049 0.1134 0.1099 0.0573 0.0276 0.1505 0.0265 0.0887 0.0067 0.0024 0.0056 0.0088 0.0007 1.1990 23.8921 0.6453 0.2570 11.0422 0.0102 0.0040 0.0021 0.0230 0.0000 0.0023 0.0001 0.0000 0.0000 0.0014 0.0000 0.0000 0.0021 0.0011 0.0013 0.0000 0.0000 0.0000 0.0000 0.0000 0.0000 0.0000 0.0000 0.1330 1.0396 0.0000 0.0000 0.0237
0.0278 0.0896 0.0019 0.0872 0.3457 0.2777 0.1335 0.1321 1.9389 1.4380 21.6837 8.2311 0.8734 0.9008 0.3758 0.0871 0.1556 0.5124 0.0586 0.0771 0.0095 0.0205 0.0014 0.0004 0.0035 0.0052 0.0109 0.0030 0.0202 0.1730 0.0540 0.3708 0.1855 0.0711 1.1735 5.5745 0.3049 0.2256 3.3424 0.7794 0.0371 2.5477 0.1065 0.0259 0.0249 0.0425 0.0144 0.0038 0.0018 0.0003 0.0002 0.0226 0.0405 0.0105 0.2258 0.0255 0.0226 0.0014 0.0004 0.0017 0.0000 0.0046 0.0000 0.0000 0.0000 0.0007 0.0000 0.0000 0.0000 0.0001
0.0001 0.0000 0.0000 0.0000 0.0000 0.0000 0.0000 0.0000 0.0000 4.5580 2.4468 0.0000 0.0000 0.7804 0.2113 0.2395 0.4279 2.3673 0.8751 12.0370 1.0640 4.3664 7.8325 2.7473 10.8752 60.7481 13.2057 0.7827 2.1359 4.5353 0.2288 1.3800 0.3210 0.0341 0.1508 0.5987 0.0041 0.0016 0.3866 0.2063 0.0227 0.5813 0.4065 0.3084 0.6992 5.0319 1.6355 1.3995 4.7080 1.9453 1.0432 0.4011 0.5521 0.4438 1.1585 0.9488 7.1419 0.4312 0.1682 0.1803 0.0380 0.2092 0.0051 0.0024 0.0036 0.7468 0.5380 0.0597 0.7869 0.5286
0.0018 0.0028 0.0001 0.0040 0.0000 0.0009 0.0000 0.0000 0.0000 0.0013 0.0000 0.0000 0.0000 0.0001 0.0000 0.0000 0.0000 0.0000 0.0000 0.0000 0.0000 0.0000 0.0000 0.0543 0.0656 0.0000 0.0000 0.0061 0.0176 0.1857 0.0067 0.0943 0.0798 0.0891 0.2790 2.1063 0.1328 0.0248 2.5381 3.0415 2.1384 4.2653 0.5768 0.1083 0.0439 0.2526 0.0419 0.0099 0.0204 0.0079 0.0005 0.0002 0.0037 0.0033 0.0197 0.0063 0.7905 0.0874 0.1031 0.2860 0.1796 2.2655 0.3848 0.1529 0.5540 0.2560 0.1788 0.0384 0.0613 0.3063
0.0849 0.1239 0.0048 0.0642 0.0508 0.0061 0.0010 0.0002 0.0013 0.0313 0.0236 0.0803 0.0642 0.0608 0.0023 0.0012 0.0027 0.0177 0.0000 0.0065 0.0000 0.0000 0.0000 0.0002 0.0000 0.0000 0.0000 0.0000 0.0000 0.0000 0.0000 0.0000 0.0000 0.0000 0.0000 0.0000 0.0000 0.0111 0.1491 0.0000 0.0000 0.1851 0.0927 0.1722 0.0452 0.6748 0.3662 0.9123 0.6592 0.4249 0.2039 0.0217 0.0378 0.0682 0.8705 4.5474 16.5148 0.7983 0.2525 0.3024 0.1786 0.6233 0.0646 0.0743 0.0097 0.0043 0.0465 0.0112 0.0362 0.0414
1.4507 3.8781 0.4569 15.8285 27.5874 4.7313 0.6697 0.1523 2.0377 2.2302 3.5286 7.3218 1.9866 9.6572 0.7986 0.7805 2.5235 4.0838 0.1594 0.5394 0.0346 0.0299 0.0242 0.1004 0.0619 0.6995 1.4673 0.0578 0.0507 0.2508 0.0178 0.1880 0.0002 0.0128 0.0016 0.0001 0.0000 0.0017 0.0000 0.0000 0.0000 0.0005 0.0003 0.0000 0.0001 0.0000 0.0000 0.0000 0.0000 0.0000 0.0000 0.0124 0.0883 0.0000 0.0000 0.1624 3.1461 0.8521 0.1163 0.6691 0.7017 25.9255 0.9402 1.7939 1.8894 0.3055 1.4212 0.7710 3.4283 16.3194
37.1343 21.4563 0.1924 12.4365 5.5352 0.2547 0.3037 0.0884 0.1413 0.0180 0.2021 0.1913 0.5329 1.9021 2.6297 2.4768 24.1927 102.6141 21.8905 68.3779 1.7681 1.2174 2.5643 1.8759 2.1857 6.8318 6.3802 2.0043 0.9642 8.5806 0.8864 2.3218 0.2073 0.0347 0.0473 0.0748 0.0059 0.0150 0.2377 0.7651 0.0759 0.3298 0.0251 0.0110 0.0057 0.0632 0.0000 0.0062 0.0004 0.0000 0.0000 0.0003 0.0000 0.0000 0.0000 0.0000 0.0012 0.0000 0.0000 0.0000 0.0000 0.0000 0.0000 0.0000 0.0000 0.1263 0.0664 0.0000 0.0000 0.8259
0.0654 0.7328 0.0092 0.7136 2.8281 1.3274 0.3157 0.2708 1.2527 0.1271 0.1713 0.3689 0.2773 4.3326 1.8185 5.8912 1.9377 18.3459 0.5066 0.6304 0.0822 0.1679 0.0140 0.0032 0.0290 0.0429 0.1755 0.0407 0.3257 2.5934 0.8093 5.5566 0.9373 0.2220 0.2072 0.2809 0.0573 0.0712 2.3839 3.6800 0.2521 4.9424 0.2850 0.2944 0.2351 0.6865 0.0337 0.0144 0.0093 0.0014 0.0010 0.0025 0.0036 0.0247 0.1459 0.0079 0.1850 0.0117 0.0031 0.0135 0.0000 0.0379 0.0001 0.0000 0.0000 0.0004 0.0000 0.0000 0.0000 0.0000
0.0004 0.0000 0.0000 0.0000 0.0000 0.0000 0.0000 0.0000 0.0000 0.1470 0.2568 0.0000 0.0000 1.5307 0.2012 1.1085 1.7833 10.8894 14.5466 23.3190 1.0131 3.6068 2.0510 0.1574 0.1190 0.3519 1.0116 1.5163 1.0502 13.7918 29.7518 33.0257 11.0584 0.5660 5.2267 9.9523 0.0683 0.0273 6.4662 3.4288 0.4045 10.2791 7.1873 2.8504 2.2341 7.6614 0.8345 0.4438 0.1897 0.0436 0.0450 0.0516 0.1547 0.4047 3.2714 0.4305 21.4518 3.8889 2.8140 3.1887 0.3025 1.8987 0.0770 0.0357 0.0534 0.0428 0.0308 0.0568 0.2048 0.0676
0.0077 0.0168 0.0005 0.0239 0.0001 0.0055 0.0001 0.0000 0.0000 0.0001 0.0000 0.0000 0.0000 0.0000 0.0000 0.0000 0.0000 0.0000 0.0000 0.0000 0.0000 0.0000 0.0000 0.0004 0.0014 0.0000 0.0000 0.0008 0.0026 0.1268 0.0065 0.0644 0.1968 0.0261 0.0407 0.2679 0.0147 0.0017 0.0594 0.0717 0.0088 0.7860 0.2071 0.2860 0.3248 6.0503 0.2141 0.0245 0.1041 0.0195 0.0024 0.0004 0.0091 0.0082 0.1633 0.0520 6.5034 0.5866 0.2405 0.3180 0.0669 0.5214 0.0113 0.0045 0.0173 0.0241 0.0366 0.0256 0.1263 0.0948
0.7888 4.1343 0.2129 2.9746 1.0600 0.1455 0.0310 0.0064 0.0427 0.0121 0.0091 0.0663 0.0404 0.0246 0.0221 0.0169 0.0375 0.2463 0.0001 0.0901 0.0002 0.0000 0.0000 0.0002 0.0000 0.0000 0.0000 0.0000 0.0000 0.0000 0.0000 0.0000 0.0000 0.0000 0.0000 0.0000 0.0000 0.0019 0.0575 0.0000 0.0000 0.2747 0.0309 0.1370 0.0515 0.5366 2.2360 0.3056 0.2194 0.1423 0.0679 0.0072 0.0126 0.0228 0.1835 0.3771 3.5897 0.4808 1.5039 1.7685 6.7024 3.8055 1.5733 0.4535 0.0777 0.0264 0.2824 0.0682 0.5320 0.9083
3.2670 2.4317 0.0996 1.6347 1.2843 0.2203 0.0312 0.0109 0.0949 0.1038 0.1643 0.4557 0.3782 0.5650 0.3074 0.4745 2.8454 19.1802 0.6375 1.6958 0.0663 0.0570 0.0464 0.0072 0.0044 0.0502 0.1053 0.0041 0.0222 0.3259 0.0231 0.2459 0.0002 0.0167 0.0007 0.0000 0.0000 0.0001 0.0000 0.0000 0.0000 0.0000 0.0002 0.0000 0.0000 0.0000 0.0000 0.0000 0.0000 0.0000 0.0000 0.0009 0.0063 0.0000 0.0000 0.0076 0.2202 0.1425 0.0365 0.1119 0.9008 1.8144 0.0658 0.1263 0.1322 0.0170 0.0150 0.0072 0.0356 0.4466
0.0536 0.2760 0.0437 0.6382 3.0629 12.9605 0.1580 0.5716 1.3567 0.2733 3.0641 2.9196 1.0989 0.6150 0.1215 0.0491 0.1657 0.4478 0.0385 0.1132 0.0042 0.0071 0.0061 0.0038 0.0049 0.0180 0.0384 0.0046 0.0117 0.1649 0.0316 0.2251 0.0885 0.0699 0.4086 0.6465 0.0512 0.0006 0.0095 0.0388 0.0038 0.0167 0.0627 0.1667 0.0858 0.9637 0.0006 0.0944 0.0018 0.0000 0.0001 0.0000 0.0000 0.0000 0.0000 0.0000 0.0067 0.0000 0.0000 0.0000 0.0000 0.0000 0.0000 0.0000 0.0000 0.0007 0.0027 0.0000 0.0000 0.0019
0.0099 0.1553 0.0030 0.1513 4.5747 0.2016 0.0476 0.0411 0.1903 0.0192 0.0177 0.0340 0.0282 0.6539 0.0727 0.0775 2.0216 3.6114 3.1115 1.0198 3.2218 0.2716 0.0972 0.0062 0.0469 0.0695 1.2199 0.2426 0.2621 0.6298 0.0683 0.2209 0.0373 0.0089 0.0082 0.0208 0.0023 0.0028 0.0948 0.1463 0.0199 0.2103 0.0582 0.0724 0.1008 1.1596 0.2007 0.0997 0.0645 0.0100 0.0069 0.0004 0.0005 0.0037 0.0220 0.0012 0.1003 0.0190 0.0051 0.0219 0.0000 0.0613 0.0001 0.0000 0.0000 0.0001 0.0000 0.0000 0.0000 0.0000
0.0000 0.0000 0.0000 0.0000 0.0000 0.0000 0.0000 0.0000 0.0000 0.0013 0.0048 0.0000 0.0000 0.0075 0.0080 0.0441 0.0714 0.4361 1.2301 0.9281 0.0403 0.1444 0.0816 0.0063 0.0048 0.0141 0.0403 0.0604 0.0220 0.3607 0.1523 0.4405 0.4511 0.3349 0.2119 15.3415 0.0404 0.0161 3.8030 2.0291 0.1802 0.7177 0.1168 0.0378 0.0298 0.1366 0.0175 0.0092 0.0057 0.0017 0.0013 0.0011 0.0032 0.0072 0.0436 0.0072 0.2861 0.0519 0.0375 0.1088 0.0328 0.8509 0.0455 0.0211 0.0316 0.0017 0.0012 0.0023 0.0082 0.0027
0.4605 4.3401 0.1154 6.1985 0.0277 1.4206 0.0088 0.0000 0.0047 0.0022 0.0000 0.0000 0.0000 0.0001 0.0029 0.0001 0.0010 0.0000 0.0000 0.0000 0.0000 0.0000 0.0000 0.0077 0.0238 0.0000 0.0000 0.0073 0.0049 0.2450 0.0166 0.1252 0.8081 0.0495 0.0776 0.5083 0.0281 0.0032 0.0627 0.0668 0.0090 1.5003 0.1317 0.0820 0.2116 1.3212 0.5600 2.9096 1.0527 0.5638 16.4472 0.6843 3.0461 2.7366 14.4446 0.7119 12.0357 0.3729 0.1529 0.2009 0.0423 0.3315 0.0072 0.0034 0.0111 0.0154 0.0234 0.0162 0.0798 0.0842
0.0200 0.0670 0.0049 0.2670 0.5232 0.2974 0.3795 0.0787 0.5238 0.0005 0.0004 0.0029 0.0018 0.0011 0.0080 0.3861 0.6815 5.6325 0.0010 0.8683 0.0003 0.0000 0.0003 0.0000 0.0000 0.0000 0.0000 0.0000 0.0001 0.0000 0.0000 0.0000 0.0000 0.0000 0.0000 0.0000 0.0000 0.0000 0.0025 0.0000 0.0000 0.0044 0.0005 0.0023 0.0011 0.0091 0.0379 0.0052 0.0037 0.0024 0.0011 0.0001 0.0002 0.0004 0.0031 0.0064 0.0364 0.0077 0.0123 0.0144 0.0185 1.0642 0.0080 0.0537 0.3864 7.7286 0.4735 0.1144 0.0713 0.0215
0.0927 0.0694 0.0028 0.0605 0.0562 0.0096 0.0020 0.0008 0.0056 0.0045 0.0071 0.0169 0.0108 0.0210 0.0114 0.0135 0.0813 0.5477 0.1001 0.9745 0.2286 0.4442 0.3614 0.0005 0.0003 0.0036 0.0076 0.0003 0.0130 8.9478 0.3917 6.9619 0.0021 0.1500 0.0020 0.0001 0.0003 0.0000 0.0000 0.0000 0.0000 0.0000 0.0004 0.0000 0.0000 0.0000 0.0000 0.0000 0.0000 0.0000 0.0000 0.0001 0.0005 0.0000 0.0000 0.0003 0.4864 0.3147 0.0807 0.2471 1.9898 4.0078 0.1453 0.2790 0.2921 0.0376 0.0332 0.0160 0.0786 0.9866
0.1128 0.5804 0.0920 1.3421 6.4415 8.1228 0.3322 1.2021 8.0542 3.4472 65.7335 36.8220 1.4276 0.7939 0.2571 0.1032 0.3486 0.9418 0.0810 0.2380 0.0089 0.0149 0.0128 0.0079 0.0103 0.0378 0.0807 0.0097 0.0247 0.3468 0.0664 0.4734 0.1143 0.0902 0.4899 0.7750 0.0614 0.0013 0.0200 0.0816 0.0081 0.0352 0.1319 2.1154 1.0893 12.1545 0.0075 1.1902 0.0076 0.0000 0.0009 0.0000 0.0000 0.0000 0.0000 0.0000 0.0250 0.0001 0.0001 0.0000 0.0000 0.0000 0.0000 0.0000 0.0000 0.0015 0.0056 0.0000 0.0000 0.0040
0.0027 0.0416 0.0011 0.0405 1.2254 0.0540 0.0128 0.0109 0.0510 0.0051 0.0048 0.0090 0.0075 0.1752 0.0110 0.0198 0.2613 0.4638 0.2076 4.5112 0.0337 0.5092 0.4143 0.1358 1.2450 4.7126 0.2444 0.0088 0.0166 0.0605 0.0066 0.0285 0.0056 0.0013 0.0018 0.0055 0.0005 0.0004 0.0143 0.0189 0.0019 0.0254 0.0056 0.0070 0.0097 0.0727 0.0114 0.0200 0.0503 0.0078 0.0053 0.0001 0.0002 0.0010 0.0059 0.0003 0.2153 0.5035 0.1348 0.5835 0.0007 1.6275 0.0005 0.0000 0.0004 0.0000 0.0000 0.0000 0.0000 0.0000
0.0008 0.0001 0.0000 0.0000 0.0000 0.0000 0.0000 0.0000 0.0000 0.0013 0.0048 0.0000 0.0000 0.0043 0.0072 0.0395 0.0639 0.3904 1.1012 0.8309 0.0361 0.1293 0.0731 0.0056 0.0047 0.0157 0.0405 0.0540 0.1005 0.7075 0.1812 1.4881 0.9769 0.4885 1.7860 5.2726 0.4178 0.0395 3.4257 1.8165 5.3530 13.5854 1.2840 0.2712 0.2139 0.7334 0.0794 0.0422 0.0182 0.0024 0.0043 0.0050 0.0149 0.0385 0.3112 0.0537 2.6618 0.3700 0.2677 1.1880 0.6199 16.1066 0.5259 0.2424 0.3630 0.0015 0.0011 0.0020 0.0073 0.0024
0.0180 0.2850 0.0061 0.4070 0.0011 0.0555 0.0003 0.0000 0.0002 0.0001 0.0000 0.0000 0.0000 0.0000 0.0001 0.0000 0.0000 0.0000 0.0000 0.0000 0.0000 0.0000 0.0000 0.0005 0.0009 0.0000 0.0000 0.0016 0.0012 0.0618 0.0032 0.0316 0.2040 0.0125 0.0196 0.1283 0.0071 0.0008 0.0388 0.0393 0.0048 0.4180 0.1136 0.0712 0.1316 1.1469 0.4270 0.0840 0.7831 0.0411 0.0282 0.0025 0.0192 0.0173 1.9417 7.9720 9.2344 0.6752 0.2216 0.2671 0.0648 0.5017 0.0148 0.0105 0.0409 0.0567 0.0857 0.0337 0.2093 0.3100
0.2344 0.6345 0.0459 3.7516 6.1470 0.7460 0.1180 0.0245 0.1629 0.0004 0.0003 0.0023 0.0014 0.0009 0.0008 0.0045 0.0079 0.0647 0.0000 0.0141 0.0000 0.0000 0.0000 0.0000 0.0000 0.0000 0.0000 0.0000 0.0000 0.0000 0.0000 0.0000 0.0000 0.0000 0.0000 0.0000 0.0000 0.0004 0.0020 0.0000 0.0000 0.0511 0.0058 0.0258 0.0097 0.1010 0.2443 0.0575 0.0416 0.0268 0.0128 0.0014 0.0059 0.0121 0.0883 0.0955 4.6694 0.4238 0.4100 1.3692 0.4753 0.4158 0.1817 0.0493 0.0426 0.0045 0.0309 0.0074 0.2932 0.5007
7.7787 3.3829 0.1386 2.2741 1.7867 0.3064 0.0434 0.0077 0.1320 0.1444 0.2285 0.6339 0.5261 0.7860 0.4276 0.6602 3.9829 11.3073 0.3758 0.9997 0.0389 0.0336 0.0272 0.0014 0.0009 0.0101 0.0212 0.0008 0.0045 0.0381 0.0027 0.0286 0.0000 0.0020 0.0001 0.0000 0.0000 0.0000 0.0000 0.0000 0.0000 0.0000 0.0000 0.0000 0.0000 0.0000 0.0000 0.0000 0.0000 0.0000 0.0000 0.0007 0.0013 0.0000 0.0000 0.0106 0.0902 0.0522 0.0102 0.0410 0.1563 0.7430 0.0269 0.0514 0.0541 0.0069 0.0263 0.0143 0.0638 0.4211
0.4483 0.9133 0.0497 3.2140 1.4305 0.0419 0.0785 0.0146 0.0365 0.0030 0.0333 0.0317 0.1377 1.0315 0.6796 2.9251 6.1375 10.4999 0.6047 1.7539 0.0262 0.0345 0.0726 0.0605 0.0783 0.3912 1.4129 0.1198 0.3816 6.8671 0.7361 1.2591 0.1396 0.0234 0.0244 0.0388 0.0031 0.0003 0.0040 0.0163 0.0016 0.0070 0.0029 0.0018 0.0009 0.0105 0.0000 0.0010 0.0000 0.0000 0.0000 0.0000 0.0000 0.0000 0.0000 0.0000 0.0001 0.0000 0.0000 0.0000 0.0000 0.0000 0.0000 0.0000 0.0000 0.0038 0.0011 0.0000 0.0000 0.0328
0.0035 0.0397 0.0005 0.0386 0.2403 0.0719 0.0170 0.0146 0.0678 0.0068 0.0272 0.0585 0.0440 0.5367 0.2884 0.2070 0.3229 2.5713 0.1067 0.0536 0.0184 0.0143 0.0043 0.0003 0.0025 0.0036 0.0546 0.0211 0.1013 2.4512 0.8289 2.1183 0.2791 0.0657 0.0345 0.0837 0.0172 0.0213 0.7099 1.3027 0.2226 1.9553 0.2517 0.2600 0.1988 0.3586 0.0257 0.0096 0.0046 0.0007 0.0005 0.0001 0.0002 0.0013 0.0078 0.0004 0.0111 0.0010 0.0003 0.0011 0.0000 0.0032 0.0000 0.0000 0.0000 0.0000 0.0000 0.0000 0.0000 0.0000
0.0000 0.0000 0.0000 0.0000 0.0000 0.0000 0.0000 0.0000 0.0000 0.0031 0.0010 0.0000 0.0000 0.0337 0.0022 0.0085 0.0088 0.0843 0.0312 0.2505 0.0109 0.0390 0.0220 0.0017 0.0055 0.0185 0.0475 0.0377 0.1179 0.7707 0.0182 0.2345 0.0223 0.0012 0.0111 0.0213 0.0005 0.0001 0.0138 0.0073 0.0039 0.1513 0.0691 0.1259 0.2856 2.3114 0.1760 0.0924 0.0224 0.0053 0.0095 0.0109 0.0326 0.1008 0.4449 0.1002 1.1269 0.1687 0.0670 0.0466 0.0065 0.0356 0.0009 0.0004 0.0006 0.0005 0.0003 0.0006 0.0022 0.0007
0.0140 0.0215 0.0006 0.0307 0.0001 0.0071 0.0001 0.0000 0.0000 0.0008 0.0000 0.0000 0.0000 0.0000 0.0000 0.0000 0.0000 0.0000 0.0000 0.0000 0.0000 0.0000 0.0000 0.0343 0.0088 0.0000 0.0000 0.1008 0.0207 0.4368 0.0157 0.2219 0.1877 0.2095 0.3266 2.1522 0.1185 0.0166 1.7145 2.0419 0.2500 16.1437 4.3873 1.1503 0.1973 2.6823 0.1635 0.0233 0.0845 0.0186 0.0030 0.0004 0.0087 0.0078 0.2095 0.1177 8.3419 1.7431 2.0547 5.7368 10.1079 63.4372 0.6566 0.4663 1.8080 2.3291 3.5208 1.5772 2.5310 6.6587
1.7679 4.9046 0.1912 1.1537 1.0578 0.1284 0.0203 0.0042 0.0280 0.0201 0.0152 0.0907 0.0552 0.0335 0.0051 0.0027 0.0061 0.0400 0.0000 0.0146 0.0001 0.0000 0.0000 0.0002 0.0000 0.0000 0.0000 0.0000 0.0000 0.0000 0.0000 0.0000 0.0000 0.0000 0.0000 0.0000 0.0000 0.0323 0.0959 0.0000 0.0000 3.8553 0.0272 0.0506 0.0133 0.1981 0.1082 0.2695 0.1935 0.1255 0.0599 0.0126 0.1145 0.2339 1.7022 0.8505 58.0722 1.5805 0.1418 0.7387 0.0875 0.1841 0.0337 0.0219 0.0079 0.0013 0.0137 0.0033 0.0540 0.1830
0.0740 0.3689 0.0435 1.5058 8.0769 3.0920 0.1440 0.0460 0.7927 0.7810 0.8478 1.4348 0.3893 1.8924 0.1565 0.1530 0.4945 0.3630 0.0312 0.0645 0.0019 0.0016 0.0013 0.0012 0.0007 0.0042 0.0087 0.0003 0.0003 0.0015 0.0001 0.0011 0.0000 0.0001 0.0000 0.0000 0.0000 0.0000 0.0000 0.0000 0.0000 0.0000 0.0000 0.0000 0.0000 0.0000 0.0000 0.0000 0.0000 0.0000 0.0000 0.0037 0.0010 0.0000 0.0000 0.0318 0.0490 0.0066 0.0009 0.0052 0.0055 0.2021 0.0146 0.0324 0.0707 0.0202 0.2109 0.0509 0.2265 0.0884
10.3800 6.8705 0.0612 3.9823 1.7724 0.1174 0.0966 0.0410 0.0450 0.0083 0.0931 0.0888 0.1706 1.4551 0.8420 0.8489 8.1392 34.5226 14.0002 66.1489 54.7023 21.6033 45.2236 12.0878 7.2281 8.4093 8.4577 5.2739 2.5370 6.9825 0.9234 1.0971 0.5455 0.0920 0.0960 0.1518 0.0120 0.0589 0.9343 0.7089 0.1691 1.1318 0.0116 0.0051 0.0026 0.0291 0.0000 0.0029 0.0002 0.0000 0.0000 0.0007 0.0000 0.0000 0.0001 0.0000 0.0009 0.0000 0.0000 0.0000 0.0000 0.0000 0.0000 0.0000 0.0000 2.2405 0.2609 0.0000 0.0000 2.1867
0.0058 0.0187 0.0004 0.0182 0.0723 0.0581 0.0279 0.0276 0.4055 0.0807 0.9984 0.8408 0.2054 0.1884 0.1025 0.0256 0.0325 0.1505 0.0123 0.0161 0.0020 0.0043 0.0003 0.0001 0.0007 0.0011 0.0032 0.0032 0.0059 0.0972 0.0298 0.2045 0.1909 0.0732 0.6472 9.9414 0.3217 0.1348 1.9975 0.8222 0.0394 2.6876 0.1124 0.0274 0.0263 0.0329 0.0106 0.0040 0.0019 0.0003 0.0002 0.0016 0.0023 0.0022 0.0472 0.0039 0.0047 0.0003 0.0001 0.0003 0.0000 0.0010 0.0000 0.0000 0.0000 0.0001 0.0000 0.0000 0.0000 0.0000
0.0000 0.0000 0.0000 0.0000 0.0000 0.0000 0.0000 0.0000 0.0000 1.0960 0.0580 0.0000 0.0000 0.3480 0.0100 0.0116 0.0134 0.1142 0.0422 0.5809 0.0507 0.2081 0.2453 0.0423 0.3783 0.5600 1.4492 0.0718 0.2928 0.6612 0.0157 0.2012 0.0191 0.0016 0.0096 0.0289 0.0004 0.0001 0.0187 0.0100 0.0034 0.3641 0.0593 0.0865 0.1926 1.3947 0.8407 0.7194 2.9128 0.6988 1.6605 0.4574 0.6296 0.4473 1.2652 1.0819 8.1441 0.2891 0.1444 0.0698 0.0433 0.2401 0.0058 0.0027 0.0040 0.0115 0.0083 0.0028 0.0246 0.0125
0.0007 0.0011 0.0000 0.0015 0.0000 0.0004 0.0000 0.0000 0.0000 0.0003 0.0000 0.0000 0.0000 0.0000 0.0000 0.0000 0.0000 0.0000 0.0000 0.0000 0.0000 0.0000 0.0000 0.1549 0.0080 0.0000 0.0000 0.0551 0.0022 0.0459 0.0017 0.0235 0.0197 0.0220 0.0343 0.2348 0.0260 0.0096 2.8502 0.8509 0.1042 1.7074 0.5315 0.1209 0.0207 0.2819 0.0173 0.0024 0.0089 0.0020 0.0003 0.0000 0.0009 0.0008 0.0223 0.0301 0.8823 0.1878 0.2173 0.6030 0.6363 8.0255 0.5849 0.4364 1.6107 4.8661 2.8767 0.2944 0.5120 2.6739
8.2040 7.0386 0.3536 2.1067 6.5618 0.5957 0.0942 0.0197 0.1300 0.1071 0.1021 0.1108 0.1408 0.1324 0.0062 0.0033 0.0074 0.0489 0.0000 0.0179 0.0001 0.0000 0.0000 0.0005 0.0000 0.0000 0.0000 0.0000 0.0000 0.0000 0.0000 0.0000 0.0000 0.0000 0.0000 0.0000 0.0000 0.6756 0.6446 0.0000 0.0000 17.8901 0.0640 0.1189 0.0312 0.4660 0.2545 0.6339 0.4552 0.2953 0.1408 0.0447 1.1860 0.6225 4.5305 2.0006 97.8573 3.7407 0.3335 1.7484 0.2059 0.4331 0.0792 0.0516 0.0188 0.0030 0.0321 0.0078 0.1286 1.0544
0.0697 0.3586 0.0415 1.4366 5.1897 1.0712 0.3427 0.1108 1.8749 3.7822 7.4745 2.4313 0.7104 6.8552 0.5669 0.1713 0.7093 0.5206 0.1503 0.2351 0.0068 0.0059 0.0048 0.0013 0.0010 0.0039 0.0083 0.0005 0.0003 0.0014 0.0001 0.0011 0.0000 0.0001 0.0000 0.0000 0.0000 0.0000 0.0000 0.0000 0.0000 0.0000 0.0000 0.0000 0.0000 0.0000 0.0000 0.0000 0.0000 0.0000 0.0000 0.0174 0.0015 0.0000 0.0000 0.1160 0.0922 0.0284 0.0036 0.0223 0.0236 0.7598 0.0276 0.0529 0.0554 0.0071 0.0571 0.0163 0.0724 0.4783
0.3847 0.4722 0.0042 0.2737 0.1218 0.0048 0.0066 0.0017 0.0031 0.0003 0.0038 0.0036 0.0117 0.1006 0.0579 0.1217 1.1885 5.0102 1.0688 3.1000 0.0807 0.1062 0.2238 0.1852 0.2412 1.5721 1.2896 0.3558 0.1712 1.0009 0.1034 0.1228 0.0370 0.0062 0.0065 0.0102 0.0008 0.0002 0.0031 0.0126 0.0012 0.0054 0.0005 0.0002 0.0001 0.0012 0.0000 0.0001 0.0000 0.0000 0.0000 0.0000 0.0000 0.0000 0.0000 0.0000 0.0000 0.0000 0.0000 0.0000 0.0000 0.0000 0.0000 0.0000 0.0000 0.0116 0.0009 0.0000 0.0000 0.0975
0.0033 0.0365 0.0005 0.0355 0.2077 0.0661 0.0157 0.0135 0.0624 0.0063 0.0554 0.0576 0.0433 0.5314 0.2855 0.1915 0.2808 2.2361 0.0923 0.0463 0.0159 0.0123 0.0038 0.0002 0.0021 0.0032 0.0472 0.0331 0.0875 2.1317 0.6611 1.9596 0.5692 0.1340 0.1347 0.3284 0.0670 0.0832 2.7693 5.3066 0.9887 8.0144 1.0315 0.5963 0.4476 0.5608 0.0971 0.0363 0.0176 0.0027 0.0019 0.0001 0.0002 0.0012 0.0073 0.0004 0.0096 0.0009 0.0002 0.0010 0.0000 0.0028 0.0000 0.0000 0.0000 0.0000 0.0000 0.0000 0.0000 0.0000
0.0000 0.0000 0.0000 0.0000 0.0000 0.0000 0.0000 0.0000 0.0000 0.0086 0.0006 0.0000 0.0000 0.0956 0.0010 0.0024 0.0027 0.0238 0.0088 0.1201 0.0052 0.0187 0.0106 0.0014 0.0120 0.0186 0.0482 0.0201 0.0628 0.2173 0.0055 0.0661 0.0067 0.0003 0.0034 0.0060 0.0002 0.0000 0.0039 0.0021 0.0015 0.1660 0.0208 0.0394 0.0841 0.5382 0.1931 0.1014 0.0933 0.0222 0.0395 0.0456 0.1360 0.1953 0.5769 0.7416 3.6903 0.1310 0.0658 0.0316 0.0197 0.1088 0.0026 0.0012 0.0018 0.0004 0.0003 0.0003 0.0011 0.0004
0.0005 0.0008 0.0000 0.0012 0.0000 0.0003 0.0000 0.0000 0.0000 0.0001 0.0000 0.0000 0.0000 0.0000 0.0000 0.0000 0.0000 0.0000 0.0000 0.0000 0.0000 0.0000 0.0000 0.0198 0.0010 0.0000 0.0000 0.0626 0.0007 0.0229 0.0012 0.0117 0.0358 0.0075 0.0118 0.0776 0.0043 0.0008 0.1866 0.1040 0.0127 0.5817 0.1591 0.0671 0.0591 0.6052 0.0490 0.0045 0.0253 0.0036 0.0012 0.0001 0.0017 0.0015 0.0819 0.1107 2.5008 0.6900 0.3555 0.4285 0.1988 1.5300 0.0715 0.0505 0.1968 0.2714 0.4128 0.1585 0.8800 1.4841
1.4149 1.0662 0.0532 0.3191 0.7435 0.0902 0.0143 0.0030 0.0197 0.0005 0.0004 0.0016 0.0009 0.0007 0.0003 0.0002 0.0006 0.0036 0.0000 0.0013 0.0000 0.0000 0.0000 0.0000 0.0000 0.0000 0.0000 0.0000 0.0000 0.0000 0.0000 0.0000 0.0000 0.0000 0.0000 0.0000 0.0000 0.0018 0.0023 0.0000 0.0000 0.2706 0.0008 0.0032 0.0012 0.0127 0.0250 0.0079 0.0057 0.0037 0.0018 0.0002 0.0019 0.0030 0.0217 0.0236 1.1563 0.0933 0.0515 0.2429 0.0318 0.0426 0.0122 0.0051 0.0029 0.0003 0.0032 0.0008 0.0196 0.1303
0.2852 2.4352 0.0814 1.2095 1.6164 0.2738 0.0256 0.0081 0.1402 0.1525 0.2428 0.7810 0.8196 1.0756 0.5888 1.4625 3.7625 2.7616 0.1914 0.3978 0.0116 0.0100 0.0081 0.0002 0.0001 0.0013 0.0027 0.0001 0.0005 0.0037 0.0003 0.0028 0.0000 0.0002 0.0000 0.0000 0.0000 0.0000 0.0000 0.0000 0.0000 0.0000 0.0000 0.0000 0.0000 0.0000 0.0000 0.0000 0.0000 0.0000 0.0000 0.0007 0.0002 0.0000 0.0000 0.0120 0.0201 0.0130 0.0025 0.0101 0.0387 0.1654 0.0060 0.0114 0.0121 0.0015 0.0059 0.0020 0.0087 0.0579
0.1373 0.2849 0.0274 1.1343 0.7876 0.0231 0.0432 0.0081 0.0201 0.0017 0.0184 0.0175 0.0758 0.9309 0.3765 0.6298 1.7129 3.1170 0.3814 1.1062 0.0244 0.0321 0.0676 0.0563 0.0728 0.2844 1.0272 0.1115 0.3552 4.9922 1.3769 1.1363 0.1813 0.0304 0.0317 0.0505 0.0040 0.0001 0.0020 0.0081 0.0008 0.0035 0.0016 0.0010 0.0005 0.0058 0.0000 0.0006 0.0000 0.0000 0.0000 0.0000 0.0000 0.0000 0.0000 0.0000 0.0001 0.0000 0.0000 0.0000 0.0000 0.0000 0.0000 0.0000 0.0000 0.0039 0.0006 0.0000 0.0000 0.0306
0.0086 0.1346 0.0026 0.1310 3.9625 0.1746 0.0413 0.0356 0.1648 0.0166 0.0318 0.0686 0.0516 0.6291 0.3381 0.2613 2.0946 10.6270 2.6951 0.8833 0.4653 0.2353 0.1098 0.0070 0.0407 0.0602 1.3780 1.6235 1.0834 6.1425 0.5337 1.5722 0.3076 0.0719 0.0569 0.1377 0.0283 0.0349 1.1688 1.6446 0.2810 3.3617 0.9307 1.1572 1.6109 40.3682 1.3514 0.5054 0.2430 0.0381 0.0260 0.0003 0.0005 0.0033 0.0192 0.0010 0.0869 0.0164 0.0044 0.0191 0.0000 0.0531 0.0001 0.0000 0.0000 0.0001 0.0000 0.0000 0.0000 0.0000
0.0000 0.0000 0.0000 0.0000 0.0000 0.0000 0.0000 0.0000 0.0000 0.0027 0.0012 0.0000 0.0000 0.0283 0.0003 0.0017 0.0027 0.0169 0.0477 0.0360 0.0016 0.0056 0.0032 0.0002 0.0026 0.0028 0.0073 0.0030 0.0095 0.0572 0.0147 0.1203 0.0698 0.0096 0.1237 0.1036 0.0082 0.0008 0.0669 0.0357 0.0670 7.2711 0.0917 0.0671 0.0423 0.1315 0.0293 0.0154 0.0142 0.0034 0.0060 0.0092 0.0274 0.0299 0.2697 0.0749 3.7110 0.2146 0.1562 0.4905 1.9653 4.7939 0.1164 0.0536 0.0808 0.0001 0.0000 0.0001 0.0003 0.0001
0.0705 1.1225 0.0237 1.6031 0.0042 0.2173 0.0014 0.0000 0.0007 0.0007 0.0000 0.0000 0.0000 0.0000 0.0005 0.0000 0.0002 0.0000 0.0000 0.0000 0.0000 0.0000 0.0000 0.2204 0.0080 0.0000 0.0000 0.4368 0.0254 1.2749 0.0659 0.6518 4.2058 0.2575 0.4039 2.6454 0.1456 0.0168 1.5190 0.8463 0.1036 7.8083 1.2946 0.7814 1.4542 12.5957 5.3393 5.9957 10.0365 2.9343 2.0022 0.1759 1.3651 1.2264 137.7124 39.7088 115.4574 9.5521 3.1350 3.7555 1.6283 12.5294 0.5817 0.4131 1.6119 2.2224 3.3803 1.2976 7.1621 12.1530
0.6503 0.9088 0.0657 2.5607 17.0501 16.7937 1.8114 0.3754 2.4845 0.0006 0.0005 0.0034 0.0021 0.0013 0.0040 0.0223 0.0393 0.3227 0.0001 0.0703 0.0001 0.0000 0.0000 0.0000 0.0000 0.0000 0.0000 0.0000 0.0000 0.0000 0.0000 0.0000 0.0000 0.0000 0.0000 0.0000 0.0000 0.0010 0.0029 0.0000 0.0000 0.1416 0.0010 0.0046 0.0023 0.0182 0.0756 0.0103 0.0074 0.0048 0.0023 0.0002 0.0009 0.0008 0.0062 0.0128 0.2252 0.0204 0.0246 0.0660 0.0541 3.7297 0.0757 0.1074 0.5883 0.0621 0.1577 0.0381 0.6717 0.8793
0.1035 0.1548 0.0051 0.0755 0.1229 0.0207 0.0063 0.0020 0.0345 0.0375 0.0597 0.0904 0.0844 0.2645 0.1448 0.0713 0.4275 2.0393 1.2665 14.5635 5.1991 3.0300 2.4501 0.0001 0.0001 0.0009 0.0018 0.0001 0.0031 0.2425 0.0137 0.1829 0.0001 0.0052 0.0002 0.0000 0.0000 0.0000 0.0000 0.0000 0.0000 0.0000 0.0000 0.0000 0.0000 0.0000 0.0000 0.0000 0.0000 0.0000 0.0000 0.0002 0.0001 0.0000 0.0000 0.0030 0.0054 0.0035 0.0009 0.0027 0.0220 0.0444 0.0016 0.0031 0.0032 0.0004 0.0008 0.0002 0.0009 0.0110
0.0090 0.0197 0.0024 0.0791 0.2433 0.3670 0.0485 0.0312 0.7496 0.1411 0.1660 0.1581 0.4713 1.1401 0.0490 0.0258 0.0698 0.1278 0.0193 0.0559 0.0031 0.0041 0.0086 0.0072 0.0093 0.0219 0.0707 0.0143 0.0454 0.2034 0.0390 0.3027 0.4274 0.3988 3.4619 36.0329 1.7419 0.0000 0.0005 0.0021 0.0002 0.0009 0.0034 0.0672 0.0323 0.3542 0.0000 0.0072 0.0001 0.0000 0.0000 0.0000 0.0000 0.0000 0.0000 0.0000 0.0004 0.0000 0.0000 0.0000 0.0000 0.0000 0.0000 0.0000 0.0000 0.0005 0.0001 0.0000 0.0000 0.0039
0.0010 0.0157 0.0004 0.0153 0.4631 0.0204 0.0048 0.0042 0.0193 0.0019 0.0038 0.0038 0.0029 0.0662 0.0128 0.0099 0.0987 0.4036 0.1158 2.9910 0.0727 0.1925 0.5693 0.0816 0.0785 0.1154 1.1843 0.1863 0.0463 0.2220 0.0193 0.0568 0.0198 0.0046 0.0093 0.0225 0.0046 0.0057 0.1907 0.1617 0.0246 0.5485 0.1518 0.0602 0.0838 0.6826 0.6262 1.2961 5.1835 3.2597 5.1842 0.0000 0.0001 0.0004 0.0022 0.0001 0.0819 0.2348 0.0587 0.2495 0.0001 0.1441 0.0001 0.0000 0.0000 0.0000 0.0000 0.0000 0.0000 0.0000
0.0004 0.0000 0.0000 0.0000 0.0000 0.0000 0.0000 0.0000 0.0000 0.0152 0.0046 0.0000 0.0000 0.1525 0.3609 0.1273 0.8020 1.2584 0.3747 5.1544 0.4556 1.8697 3.3539 9.6673 1.1319 2.6301 0.9547 0.3352 0.1544 1.1775 0.0980 0.2904 0.1366 0.0146 0.0646 0.2564 0.0017 0.0007 0.1655 0.0878 0.0078 0.1068 0.0617 0.0272 0.0616 0.4460 0.1182 0.1012 0.3425 0.1406 0.0754 0.0318 0.0422 0.0352 0.0959 0.0686 0.5163 0.0364 0.0241 0.0329 0.0031 0.0368 0.0020 0.0009 0.0014 153.0051 39.2894 0.1019 1.5493 47.6307
0.0147 0.0058 0.0002 0.0083 0.0000 0.0019 0.0001 0.0000 0.0000 0.1640 0.0000 0.0001 0.0046 0.0279 0.0001 0.0000 0.0009 0.0001 0.0000 0.0000 0.0000 0.0000 0.0000 0.0262 0.1753 0.0000 0.0000 0.0022 0.0342 0.1662 0.0225 0.0850 0.0719 0.0802 0.2544 1.9205 0.3355 1.8142 5.4947 3.6392 0.0625 2.4171 0.0968 0.0653 0.0395 0.1234 0.0377 0.0089 0.0182 0.0071 0.0004 0.0002 0.0033 0.0030 0.0158 0.0027 0.2784 0.0179 0.0211 0.0588 0.0301 0.3802 0.0650 0.0790 0.0930 0.0596 0.0401 0.0071 0.0118 0.0514
0.0006 0.0010 0.0001 0.0011 0.0004 0.0001 0.0000 0.0000 0.0001 1.5624 7.1085 0.0064 0.0186 1.4533 0.0002 0.0000 0.0001 0.0007 0.0000 0.0002 0.0000 0.0000 0.0000 0.0011 0.0000 0.0000 0.0007 0.0003 0.0000 0.0000 0.0000 0.0000 0.0000 0.0000 0.0000 0.0000 0.0000 0.0004 0.0701 0.0000 0.0000 0.0013 1.8652 0.0633 0.0371 0.2480 0.0147 0.0545 0.1582 0.0348 0.0166 0.0020 0.0031 0.0056 0.0443 0.0456 0.2601 0.0323 0.0102 0.0122 0.0072 0.0252 0.0026 0.0030 0.0004 0.0002 0.0019 0.0005 0.0015 0.0015
0.0235 0.0366 0.0043 0.1495 0.2346 0.0402 0.0164 0.0067 0.0468 0.0190 0.0300 0.0623 0.0175 0.0821 0.0068 0.0070 0.0386 0.0800 0.0027 0.0117 0.0008 0.0007 0.0005 0.0177 0.0058 13.6652 1.1546 0.0162 0.0152 0.0055 0.0004 0.0041 0.0000 0.0003 0.0005 0.0000 0.0000 0.0014 0.0000 0.0000 0.0000 0.0002 0.0001 0.0000 0.0000 0.0000 0.0000 0.0000 0.0000 0.0000 0.0000 0.0005 0.0039 0.0000 0.0000 0.0014 8.5148 0.3549 0.3149 0.2787 0.0528 1.9390 0.2653 0.3147 1.0455 0.1680 0.1188 0.0573 0.0997 0.4773
0.2665 0.8013 0.0252 0.3765 0.8348 0.0637 0.0428 0.0223 0.0128 0.0045 0.0506 0.0482 0.0263 0.0503 0.0574 0.0314 0.3065 1.3001 0.1915 0.5588 0.1011 0.2611 0.1457 0.0390 0.0242 0.0779 0.0755 0.0229 0.0110 0.1041 0.0182 0.0610 0.0046 0.0017 0.0038 0.0061 0.0005 0.1015 0.9643 6.9726 12.5356 5.5054 0.1280 0.0027 0.0014 0.0158 0.0000 0.0016 0.0017 0.0000 0.0000 0.0149 0.0000 0.0000 0.0004 0.0002 0.0164 0.0000 0.0003 0.0000 0.0000 0.0000 0.0000 0.0000 0.0000 0.0271 0.0978 0.0000 0.0000 0.0095
0.0954 0.0961 0.0081 0.0930 0.1857 0.1501 0.0722 0.0714 1.0480 1.3139 0.2051 0.3807 0.0853 0.4869 0.0305 0.0323 0.0841 0.1531 0.0317 0.0417 0.0051 0.0110 0.0008 0.0002 0.0019 0.0028 0.0053 0.0007 0.0043 0.0218 0.0068 0.0467 0.0156 0.0037 0.0372 0.1769 0.0096 0.0038 0.0590 0.0462 0.0021 0.0809 0.0034 0.0025 0.0031 0.0111 0.0005 0.0004 0.0005 0.0001 0.0001 0.9043 1.0601 0.0358 1.0933 25.9401 0.0834 0.0008 0.0002 0.0009 0.0000 0.0025 0.0000 0.0000 0.0000 0.0489 0.0000 0.0000 0.0022 0.0074
0.0000 0.0000 0.0000 0.0000 0.0000 0.0000 0.0000 0.0000 0.0000 0.0056 0.0285 0.0000 0.0000 0.0019 0.0293 0.2733 3.6134 2.7018 0.1094 0.2479 0.0148 0.0383 0.0218 0.0019 0.0013 0.0037 0.0107 0.0161 0.0059 0.0963 0.0288 0.0827 0.0401 0.0343 0.0190 0.2575 0.0041 0.0017 0.3924 0.2080 0.0079 0.0314 0.0180 0.0071 0.0056 0.0365 0.0046 0.0025 0.0015 0.0005 0.0003 0.0003 0.0009 0.0019 0.0082 0.0019 0.0537 0.0097 0.0071 0.0097 0.0014 0.0370 0.0047 0.0022 0.0032 0.0018 0.0007 0.0083 0.0441 0.0049
41.7852 0.0727 0.0019 0.1038 0.0008 0.0238 0.0230 0.0001 0.0003 0.0077 0.0000 0.0001 0.0000 0.0001 0.0366 0.0010 0.0125 0.0004 0.0000 0.0002 0.0000 0.0000 0.0000 0.0003 0.0010 0.0000 0.0000 0.0003 0.0019 0.0975 0.0066 0.0498 0.3216 0.0197 0.0307 0.2023 0.0111 0.0013 0.0249 0.0266 0.0036 0.5934 0.0188 0.0274 0.0837 0.2552 0.1688 0.6601 0.0820 0.2230 0.4541 0.2657 1.4772 1.3271 0.8420 0.0415 0.7236 0.0341 0.0139 0.0247 0.0061 0.0476 0.0015 0.0013 0.0021 0.0022 0.0033 0.0020 0.0073 0.0073
0.0037 0.0162 0.0012 0.0421 0.0810 0.0458 0.0584 0.0344 0.2274 0.0006 0.0004 0.0030 0.0019 0.0011 0.0084 9.1200 3.7933 42.1709 0.0040 3.5052 0.0013 0.0000 0.0011 0.0000 0.0000 0.0000 0.0000 0.0000 0.0002 0.0001 0.0000 0.0000 0.0000 0.0000 0.0000 0.0000 0.0000 0.0000 0.0027 0.0000 0.0000 0.0015 0.0006 0.0026 0.0021 0.0100 0.0418 0.0057 0.0041 0.0027 0.0013 0.0001 0.0002 0.0004 0.0034 0.0070 0.0402 0.0086 0.0136 0.0159 0.0204 1.1742 0.0074 0.0593 0.2109 0.1151 0.5257 0.1262 0.0389 0.0117
