2.3889 0.1589 0.0048 0.1547 0.0668 0.0796 0.0756 0.0223 0.1030 0.0119 0.0096 0.0183 0.0150 0.1740 0.0109 0.0115 0.0301 0.0550 0.0114 0.0149 0.0018 0.0040 0.0003 0.0001 0.0007 0.0010 0.0019 0.0002 0.0016 0.0078 0.0024 0.0167 0.0056 0.0013 0.0036 0.0113 0.0009 0.0004 0.0143 0.0165 0.0008 0.0252 0.0011 0.0009 0.0011 0.0040 0.0002 0.0002 0.0002 0.0000 0.0000 0.0008 0.0006 0.4992 0.2133 0.0041 0.0599 0.0003 0.0001 0.0003 0.0000 0.0009 0.0000 0.0000 0.0000 0.0006 0.0000 0.0000 0.0000 0.0000
0.0000 0.0000 0.0000 0.0000 0.0000 0.0000 0.0000 0.0000 0.0000 0.0011 0.0042 0.0000 0.0000 0.0018 0.0756 2.1288 0.6664 10.4705 0.1658 0.9607 0.0417 0.1495 0.0845 0.0065 0.0049 0.0146 0.0417 0.0625 0.0228 0.3733 0.0436 0.1254 0.0608 0.0065 0.0287 0.1135 0.0008 0.0003 0.0737 0.0391 0.0035 0.0476 0.0273 0.0108 0.0196 0.1414 0.0181 0.0096 0.0060 0.0018 0.0013 0.0011 0.0034 0.0075 0.0304 0.0074 0.0815 0.0148 0.0108 0.0147 0.0014 0.0164 0.0009 0.0004 0.0006 0.0022 0.0013 0.0215 0.0470 0.0055
0.0162 0.0011 0.0000 0.0015 0.0000 0.0004 0.0002 0.0000 0.0000 0.0002 0.0000 0.0000 0.0000 0.0000 0.0000 0.0000 0.0000 0.0000 0.0000 0.0000 0.0000 0.0000 0.0000 0.0001 0.0003 0.0000 0.0000 0.0001 0.0044 0.1401 0.3175 0.0716 0.0067 0.0032 0.0070 0.0224 0.0020 0.0003 0.0044 0.0046 0.0004 0.0661 0.0021 0.0028 0.0037 0.0112 0.0035 0.0011 0.0017 0.0007 0.0001 0.0000 0.0004 0.0004 0.0015 0.0002 0.0259 0.0015 0.0009 0.0025 0.0007 0.0053 0.0002 0.0002 0.0002 0.0002 0.0004 0.0002 0.0005 0.0008
0.0043 0.0190 0.0014 0.0234 0.0084 0.0021 0.0010 0.0002 0.0014 0.0114 0.0047 0.1846 0.1999 0.0411 0.3305 0.0012 0.0044 0.0178 0.0000 0.0107 0.0031 0.0001 0.0000 0.0026 0.0000 0.0000 0.0000 0.0000 0.0009 0.0001 0.0003 0.0000 0.0000 0.0000 0.0000 0.0000 0.0000 0.0002 0.0124 0.0000 0.0000 0.0045 0.1067 1.2035 0.1758 16.1169 0.1103 0.1157 0.0831 0.0539 0.0257 0.0027 0.0048 0.0086 0.0695 0.1428 0.8143 0.1723 0.0756 0.0889 0.0538 0.1878 0.0195 0.0224 0.0029 0.0013 0.0139 0.0034 0.0109 0.0112
0.1434 0.2005 0.0189 0.6511 0.6006 0.1030 0.0210 0.0085 0.0600 0.0486 0.0768 0.1815 0.0763 0.2103 0.0253 0.0391 0.2346 0.4890 0.0163 0.0717 0.0046 0.0040 0.0032 0.0069 0.0034 0.3577 0.4549 0.0064 0.1563 0.0331 0.0023 0.0250 0.0000 0.0017 0.0049 0.0001 0.0000 0.0006 0.0000 0.0001 0.0000 0.0001 0.0010 0.0000 0.0002 0.0000 0.0000 0.0000 0.0000 0.0000 0.0000 0.0007 0.0049 0.0000 0.0000 0.0036 1.0634 0.6881 0.1344 0.5403 10.5886 8.7631 0.3178 0.6101 0.6386 0.0822 0.0726 0.0350 0.1718 2.1572
0.0757 0.3894 0.0617 0.9003 4.3209 0.3299 0.2228 0.1152 0.0665 0.0233 0.2618 0.2494 0.1360 0.2601 0.1724 0.0693 0.2338 0.6318 0.0544 0.1596 0.0060 0.0100 0.0086 0.0053 0.0069 0.0253 0.0542 0.0065 0.0165 0.2326 0.0446 0.3175 0.0241 0.0086 0.0199 0.0315 0.0025 0.0008 0.0134 0.0547 0.0054 0.0236 0.0110 0.0142 0.0073 0.0823 0.0001 0.0081 0.0002 0.0000 0.0000 0.0000 0.0000 0.0000 0.0000 0.0000 0.0006 0.0000 0.0000 0.0000 0.0000 0.0000 0.0000 0.0000 0.0000 0.0010 0.0038 0.0000 0.0000 0.0027
0.0171 0.0757 0.0015 0.0737 0.2904 0.8432 0.0819 0.0476 0.2202 0.0223 0.0207 0.0393 0.0326 0.7569 0.0477 0.0502 0.1308 0.2394 0.0495 0.0647 0.0080 0.0172 0.0012 0.0003 0.0030 0.0044 0.0083 0.0010 0.0068 0.0338 0.0106 0.0725 0.0244 0.0058 0.0078 0.0241 0.0020 0.0019 0.0621 0.0722 0.0033 0.1097 0.0046 0.0038 0.0049 0.0173 0.0009 0.0007 0.0007 0.0001 0.0001 0.0004 0.0006 0.0065 0.0256 0.0014 0.0190 0.0012 0.0003 0.0014 0.0000 0.0039 0.0000 0.0000 0.0000 0.0001 0.0000 0.0000 0.0000 0.0000
0.0000 0.0000 0.0000 0.0000 0.0000 0.0000 0.0000 0.0000 0.0000 0.0011 0.0043 0.0000 0.0000 0.0038 0.0189 0.0073 0.0168 0.0721 0.0265 0.5413 0.2146 0.1154 0.0652 0.0050 0.0038 0.0113 0.0318 0.0238 0.0087 0.0833 0.0070 0.0205 0.0097 0.0010 0.0046 0.0181 0.0001 0.0001 0.0118 0.0062 0.0006 0.0076 0.0044 0.0019 0.0044 0.0315 0.0069 0.0036 0.0045 0.0014 0.0010 0.0004 0.0013 0.0025 0.0068 0.0028 0.0212 0.0026 0.0017 0.0023 0.0002 0.0026 0.0001 0.0001 0.0001 0.0014 0.0010 0.0053 0.0122 0.0022
0.0029 0.0032 0.0001 0.0046 0.0000 0.0010 0.0000 0.0000 0.0000 0.0008 0.0000 0.0000 0.0000 0.0000 0.0000 0.0000 0.0000 0.0000 0.0000 0.0000 0.0000 0.0000 0.0000 0.0015 0.0046 0.0000 0.0000 0.0007 0.0255 0.2633 0.0095 0.1346 0.1138 0.1270 0.4029 4.5447 0.1685 0.0193 0.3752 0.3998 0.0534 3.8284 0.1213 0.1034 0.0625 0.1955 0.0597 0.0141 0.0289 0.0113 0.0007 0.0002 0.0052 0.0047 0.0250 0.0042 0.4410 0.0283 0.0334 0.0932 0.0392 0.3053 0.0221 0.0201 0.0316 0.0146 0.0214 0.0112 0.0187 0.0473
0.0499 0.1473 0.0097 0.1653 0.0586 0.0151 0.0053 0.0011 0.0073 0.0929 0.0701 0.4419 0.3104 0.1894 0.0122 0.0066 0.0147 0.0964 0.0000 0.0353 0.0001 0.0000 0.0000 0.0012 0.0000 0.0000 0.0000 0.0000 0.0000 0.0000 0.0000 0.0000 0.0000 0.0000 0.0000 0.0000 0.0000 0.0056 0.4422 0.0000 0.0000 0.1088 0.1043 0.0958 0.0397 0.3753 0.2037 0.5074 0.7415 0.5543 1.1498 0.0893 0.1554 0.2806 0.8035 0.6263 3.5925 0.4441 0.1396 0.1682 0.0993 0.3467 0.0359 0.0413 0.0054 0.0024 0.0257 0.0062 0.0200 0.0207
0.1000 0.1552 0.0184 0.6334 1.0000 0.1715 0.1678 0.1044 0.4771 0.1676 0.1279 0.2654 0.0743 0.3479 0.0288 0.0299 0.1635 0.3408 0.0113 0.0500 0.0032 0.0028 0.0022 0.0689 0.0425 0.1319 1.0062 0.0397 0.0047 0.0231 0.0016 0.0174 0.0000 0.0012 0.0001 0.0000 0.0000 0.0012 0.0000 0.0000 0.0000 0.0004 0.0001 0.0000 0.0000 0.0000 0.0000 0.0000 0.0000 0.0000 0.0000 0.0085 0.0606 0.0000 0.0000 0.0059 0.2546 0.0298 0.0081 0.0234 0.0245 0.9056 0.0668 0.1470 0.4883 5.2330 0.4054 0.1216 0.0758 0.2229
0.0766 0.1821 0.0057 0.0850 0.1886 0.0145 0.0097 0.0050 0.0029 0.0010 0.0115 0.0109 0.0060 0.0114 0.0130 0.0071 0.0697 0.2955 0.0530 0.2506 0.0510 0.1164 0.0739 0.0285 0.0164 0.0177 0.0172 0.0090 0.0043 0.0235 0.0041 0.0139 0.0011 0.0004 0.0009 0.0014 0.0001 0.1873 3.7331 0.1008 0.0402 1.7254 0.0016 0.0006 0.0003 0.0036 0.0000 0.0004 0.0000 0.0000 0.0000 0.0002 0.0000 0.0000 0.0003 0.0002 0.0002 0.0000 0.0000 0.0000 0.0000 0.0000 0.0000 0.0000 0.0000 0.0208 0.1624 0.0000 0.0000 0.0037
0.0043 0.0140 0.0003 0.0136 0.0540 0.0434 0.0209 0.0206 0.3030 0.2247 3.3881 1.2861 0.1365 0.1408 0.0587 0.0136 0.0243 0.0801 0.0092 0.0120 0.0015 0.0032 0.0002 0.0001 0.0006 0.0008 0.0017 0.0005 0.0032 0.0270 0.0084 0.0579 0.0290 0.0111 0.1834 0.8710 0.0476 0.0353 0.5223 0.1218 0.0058 0.3981 0.0166 0.0041 0.0039 0.0066 0.0023 0.0006 0.0003 0.0000 0.0000 0.0035 0.0063 0.0016 0.0353 0.0040 0.0035 0.0002 0.0001 0.0003 0.0000 0.0007 0.0000 0.0000 0.0000 0.0001 0.0000 0.0000 0.0000 0.0000
0.0000 0.0000 0.0000 0.0000 0.0000 0.0000 0.0000 0.0000 0.0000 0.7122 0.3823 0.0000 0.0000 0.1219 0.0330 0.0374 0.0669 0.3699 0.1367 1.8808 0.1662 0.6822 1.2238 0.4293 1.6993 9.4919 2.0634 0.1223 0.3337 0.7086 0.0358 0.2156 0.0501 0.0053 0.0236 0.0935 0.0006 0.0003 0.0604 0.0322 0.0036 0.0908 0.0635 0.0482 0.1093 0.7862 0.2555 0.2187 0.7356 0.3039 0.1630 0.0627 0.0863 0.0693 0.1810 0.1482 1.1159 0.0674 0.0263 0.0282 0.0059 0.0327 0.0008 0.0004 0.0006 0.1167 0.0841 0.0093 0.1229 0.0826
0.0003 0.0004 0.0000 0.0006 0.0000 0.0001 0.0000 0.0000 0.0000 0.0002 0.0000 0.0000 0.0000 0.0000 0.0000 0.0000 0.0000 0.0000 0.0000 0.0000 0.0000 0.0000 0.0000 0.0085 0.0103 0.0000 0.0000 0.0010 0.0027 0.0290 0.0010 0.0147 0.0125 0.0139 0.0436 0.3291 0.0207 0.0039 0.3966 0.4752 0.3341 0.6665 0.0901 0.0169 0.0069 0.0395 0.0065 0.0015 0.0032 0.0012 0.0001 0.0000 0.0006 0.0005 0.0031 0.0010 0.1235 0.0137 0.0161 0.0447 0.0281 0.3540 0.0601 0.0239 0.0866 0.0400 0.0279 0.0060 0.0096 0.0479
0.0133 0.0194 0.0008 0.0100 0.0079 0.0010 0.0002 0.0000 0.0002 0.0049 0.0037 0.0126 0.0100 0.0095 0.0004 0.0002 0.0004 0.0028 0.0000 0.0010 0.0000 0.0000 0.0000 0.0000 0.0000 0.0000 0.0000 0.0000 0.0000 0.0000 0.0000 0.0000 0.0000 0.0000 0.0000 0.0000 0.0000 0.0017 0.0233 0.0000 0.0000 0.0289 0.0145 0.0269 0.0071 0.1054 0.0572 0.1425 0.1030 0.0664 0.0319 0.0034 0.0059 0.0107 0.1360 0.7105 2.5804 0.1247 0.0394 0.0473 0.0279 0.0974 0.0101 0.0116 0.0015 0.0007 0.0073 0.0017 0.0057 0.0065
0.2267 0.6060 0.0714 2.4732 4.3105 0.7393 0.1046 0.0238 0.3184 0.3485 0.5513 1.1440 0.3104 1.5089 0.1248 0.1220 0.3943 0.6381 0.0249 0.0843 0.0054 0.0047 0.0038 0.0157 0.0097 0.1093 0.2293 0.0090 0.0079 0.0392 0.0028 0.0294 0.0000 0.0020 0.0002 0.0000 0.0000 0.0003 0.0000 0.0000 0.0000 0.0001 0.0001 0.0000 0.0000 0.0000 0.0000 0.0000 0.0000 0.0000 0.0000 0.0019 0.0138 0.0000 0.0000 0.0254 0.4916 0.1331 0.0182 0.1046 0.1096 4.0509 0.1469 0.2803 0.2952 0.0477 0.2221 0.1205 0.5357 2.5499
5.8022 3.3525 0.0301 1.9432 0.8649 0.0398 0.0474 0.0138 0.0221 0.0028 0.0316 0.0299 0.0833 0.2972 0.4109 0.3870 3.7801 16.0335 3.4204 10.6841 0.2763 0.1902 0.4007 0.2931 0.3415 1.0675 0.9969 0.3132 0.1507 1.3407 0.1385 0.3628 0.0324 0.0054 0.0074 0.0117 0.0009 0.0023 0.0371 0.1196 0.0119 0.0515 0.0039 0.0017 0.0009 0.0099 0.0000 0.0010 0.0001 0.0000 0.0000 0.0000 0.0000 0.0000 0.0000 0.0000 0.0002 0.0000 0.0000 0.0000 0.0000 0.0000 0.0000 0.0000 0.0000 0.0197 0.0104 0.0000 0.0000 0.1290
0.0102 0.1145 0.0014 0.1115 0.4419 0.2074 0.0493 0.0423 0.1957 0.0199 0.0268 0.0576 0.0433 0.6770 0.2841 0.9205 0.3028 2.8666 0.0792 0.0985 0.0128 0.0262 0.0022 0.0005 0.0045 0.0067 0.0274 0.0064 0.0509 0.4052 0.1265 0.8682 0.1465 0.0347 0.0324 0.0439 0.0090 0.0111 0.3725 0.5750 0.0394 0.7723 0.0445 0.0460 0.0367 0.1073 0.0053 0.0022 0.0014 0.0002 0.0002 0.0004 0.0006 0.0039 0.0228 0.0012 0.0289 0.0018 0.0005 0.0021 0.0000 0.0059 0.0000 0.0000 0.0000 0.0001 0.0000 0.0000 0.0000 0.0000
0.0001 0.0000 0.0000 0.0000 0.0000 0.0000 0.0000 0.0000 0.0000 0.0230 0.0401 0.0000 0.0000 0.2392 0.0314 0.1732 0.2786 1.7015 2.2729 3.6436 0.1583 0.5636 0.3205 0.0246 0.0186 0.0550 0.1581 0.2369 0.1641 2.1550 4.6487 5.1603 1.7279 0.0884 0.8167 1.5550 0.0107 0.0043 1.0103 0.5357 0.0632 1.6061 1.1230 0.4454 0.3491 1.1971 0.1304 0.0693 0.0296 0.0068 0.0070 0.0081 0.0242 0.0632 0.5112 0.0673 3.3518 0.6076 0.4397 0.4982 0.0473 0.2967 0.0120 0.0056 0.0084 0.0067 0.0048 0.0089 0.0320 0.0106
0.0012 0.0026 0.0001 0.0037 0.0000 0.0009 0.0000 0.0000 0.0000 0.0000 0.0000 0.0000 0.0000 0.0000 0.0000 0.0000 0.0000 0.0000 0.0000 0.0000 0.0000 0.0000 0.0000 0.0001 0.0002 0.0000 0.0000 0.0001 0.0004 0.0198 0.0010 0.0101 0.0308 0.0041 0.0064 0.0419 0.0023 0.0003 0.0093 0.0112 0.0014 0.1228 0.0324 0.0447 0.0507 0.9454 0.0335 0.0038 0.0163 0.0030 0.0004 0.0001 0.0014 0.0013 0.0255 0.0081 1.0162 0.0917 0.0376 0.0497 0.0105 0.0815 0.0018 0.0007 0.0027 0.0038 0.0057 0.0040 0.0197 0.0148
0.1232 0.6460 0.0333 0.4648 0.1656 0.0227 0.0048 0.0010 0.0067 0.0019 0.0014 0.0104 0.0063 0.0039 0.0035 0.0026 0.0059 0.0385 0.0000 0.0141 0.0000 0.0000 0.0000 0.0000 0.0000 0.0000 0.0000 0.0000 0.0000 0.0000 0.0000 0.0000 0.0000 0.0000 0.0000 0.0000 0.0000 0.0003 0.0090 0.0000 0.0000 0.0429 0.0048 0.0214 0.0080 0.0838 0.3494 0.0477 0.0343 0.0222 0.0106 0.0011 0.0020 0.0036 0.0287 0.0589 0.5609 0.0751 0.2350 0.2763 1.0472 0.5946 0.2458 0.0709 0.0121 0.0041 0.0441 0.0107 0.0831 0.1419
0.5105 0.3800 0.0156 0.2554 0.2007 0.0344 0.0049 0.0017 0.0148 0.0162 0.0257 0.0712 0.0591 0.0883 0.0480 0.0741 0.4446 2.9969 0.0996 0.2650 0.0104 0.0089 0.0073 0.0011 0.0007 0.0078 0.0164 0.0006 0.0035 0.0509 0.0036 0.0384 0.0000 0.0026 0.0001 0.0000 0.0000 0.0000 0.0000 0.0000 0.0000 0.0000 0.0000 0.0000 0.0000 0.0000 0.0000 0.0000 0.0000 0.0000 0.0000 0.0001 0.0010 0.0000 0.0000 0.0012 0.0344 0.0223 0.0057 0.0175 0.1407 0.2835 0.0103 0.0197 0.0207 0.0027 0.0023 0.0011 0.0056 0.0698
0.0084 0.0431 0.0068 0.0997 0.4786 2.0251 0.0247 0.0893 0.2120 0.0427 0.4788 0.4562 0.1717 0.0961 0.0190 0.0077 0.0259 0.0700 0.0060 0.0177 0.0007 0.0011 0.0010 0.0006 0.0008 0.0028 0.0060 0.0007 0.0018 0.0258 0.0049 0.0352 0.0138 0.0109 0.0638 0.1010 0.0080 0.0001 0.0015 0.0061 0.0006 0.0026 0.0098 0.0260 0.0134 0.1506 0.0001 0.0147 0.0003 0.0000 0.0000 0.0000 0.0000 0.0000 0.0000 0.0000 0.0010 0.0000 0.0000 0.0000 0.0000 0.0000 0.0000 0.0000 0.0000 0.0001 0.0004 0.0000 0.0000 0.0003
0.0016 0.0243 0.0005 0.0236 0.7148 0.0315 0.0074 0.0064 0.0297 0.0030 0.0028 0.0053 0.0044 0.1022 0.0114 0.0121 0.3159 0.5643 0.4862 0.1593 0.5034 0.0424 0.0152 0.0010 0.0073 0.0109 0.1906 0.0379 0.0410 0.0984 0.0107 0.0345 0.0058 0.0014 0.0013 0.0033 0.0004 0.0004 0.0148 0.0229 0.0031 0.0329 0.0091 0.0113 0.0157 0.1812 0.0314 0.0156 0.0101 0.0016 0.0011 0.0001 0.0001 0.0006 0.0034 0.0002 0.0157 0.0030 0.0008 0.0034 0.0000 0.0096 0.0000 0.0000 0.0000 0.0000 0.0000 0.0000 0.0000 0.0000
0.0000 0.0000 0.0000 0.0000 0.0000 0.0000 0.0000 0.0000 0.0000 0.0002 0.0007 0.0000 0.0000 0.0012 0.0013 0.0069 0.0112 0.0681 0.1922 0.1450 0.0063 0.0226 0.0128 0.0010 0.0007 0.0022 0.0063 0.0094 0.0034 0.0564 0.0238 0.0688 0.0705 0.0523 0.0331 2.3971 0.0063 0.0025 0.5942 0.3170 0.0281 0.1121 0.0183 0.0059 0.0047 0.0213 0.0027 0.0014 0.0009 0.0003 0.0002 0.0002 0.0005 0.0011 0.0068 0.0011 0.0447 0.0081 0.0059 0.0170 0.0051 0.1330 0.0071 0.0033 0.0049 0.0003 0.0002 0.0004 0.0013 0.0004
0.0720 0.6781 0.0180 0.9685 0.0043 0.2220 0.0014 0.0000 0.0007 0.0003 0.0000 0.0000 0.0000 0.0000 0.0005 0.0000 0.0002 0.0000 0.0000 0.0000 0.0000 0.0000 0.0000 0.0012 0.0037 0.0000 0.0000 0.0011 0.0008 0.0383 0.0026 0.0196 0.1263 0.0077 0.0121 0.0794 0.0044 0.0005 0.0098 0.0104 0.0014 0.2344 0.0206 0.0128 0.0331 0.2064 0.0875 0.4546 0.1645 0.0881 2.5699 0.1069 0.4760 0.4276 2.2570 0.1112 1.8806 0.0583 0.0239 0.0314 0.0066 0.0518 0.0011 0.0005 0.0017 0.0024 0.0037 0.0025 0.0125 0.0131
0.0031 0.0105 0.0008 0.0417 0.0818 0.0465 0.0593 0.0123 0.0818 0.0001 0.0001 0.0005 0.0003 0.0002 0.0013 0.0603 0.1065 0.8801 0.0002 0.1357 0.0001 0.0000 0.0000 0.0000 0.0000 0.0000 0.0000 0.0000 0.0000 0.0000 0.0000 0.0000 0.0000 0.0000 0.0000 0.0000 0.0000 0.0000 0.0004 0.0000 0.0000 0.0007 0.0001 0.0004 0.0002 0.0014 0.0059 0.0008 0.0006 0.0004 0.0002 0.0000 0.0000 0.0001 0.0005 0.0010 0.0057 0.0012 0.0019 0.0023 0.0029 0.1663 0.0013 0.0084 0.0604 1.2076 0.0740 0.0179 0.0111 0.0034
0.0145 0.0109 0.0004 0.0095 0.0088 0.0015 0.0003 0.0001 0.0009 0.0007 0.0011 0.0026 0.0017 0.0033 0.0018 0.0021 0.0127 0.0856 0.0156 0.1523 0.0357 0.0694 0.0565 0.0001 0.0001 0.0006 0.0012 0.0000 0.0020 1.3981 0.0612 1.0878 0.0003 0.0234 0.0003 0.0000 0.0000 0.0000 0.0000 0.0000 0.0000 0.0000 0.0001 0.0000 0.0000 0.0000 0.0000 0.0000 0.0000 0.0000 0.0000 0.0000 0.0001 0.0000 0.0000 0.0001 0.0760 0.0492 0.0126 0.0386 0.3109 0.6262 0.0227 0.0436 0.0456 0.0059 0.0052 0.0025 0.0123 0.1542
0.0176 0.0907 0.0144 0.2097 1.0065 1.2692 0.0519 0.1878 1.2585 0.5386 10.2709 5.7534 0.2231 0.1241 0.0402 0.0161 0.0545 0.1472 0.0127 0.0372 0.0014 0.0023 0.0020 0.0012 0.0016 0.0059 0.0126 0.0015 0.0039 0.0542 0.0104 0.0740 0.0179 0.0141 0.0765 0.1211 0.0096 0.0002 0.0031 0.0127 0.0013 0.0055 0.0206 0.3305 0.1702 1.8991 0.0012 0.1860 0.0012 0.0000 0.0001 0.0000 0.0000 0.0000 0.0000 0.0000 0.0039 0.0000 0.0000 0.0000 0.0000 0.0000 0.0000 0.0000 0.0000 0.0002 0.0009 0.0000 0.0000 0.0006
0.0004 0.0065 0.0002 0.0063 0.1915 0.0084 0.0020 0.0017 0.0080 0.0008 0.0007 0.0014 0.0012 0.0274 0.0017 0.0031 0.0408 0.0725 0.0324 0.7049 0.0053 0.0796 0.0647 0.0212 0.1945 0.7363 0.0382 0.0014 0.0026 0.0095 0.0010 0.0045 0.0009 0.0002 0.0003 0.0009 0.0001 0.0001 0.0022 0.0030 0.0003 0.0040 0.0009 0.0011 0.0015 0.0114 0.0018 0.0031 0.0079 0.0012 0.0008 0.0000 0.0000 0.0002 0.0009 0.0001 0.0336 0.0787 0.0211 0.0912 0.0001 0.2543 0.0001 0.0000 0.0001 0.0000 0.0000 0.0000 0.0000 0.0000
0.0001 0.0000 0.0000 0.0000 0.0000 0.0000 0.0000 0.0000 0.0000 0.0002 0.0008 0.0000 0.0000 0.0007 0.0011 0.0062 0.0100 0.0610 0.1721 0.1298 0.0056 0.0202 0.0114 0.0009 0.0007 0.0024 0.0063 0.0084 0.0157 0.1105 0.0283 0.2325 0.1526 0.0763 0.2791 0.8238 0.0653 0.0062 0.5353 0.2838 0.8364 2.1227 0.2006 0.0424 0.0334 0.1146 0.0124 0.0066 0.0028 0.0004 0.0007 0.0008 0.0023 0.0060 0.0486 0.0084 0.4159 0.0578 0.0418 0.1856 0.0969 2.5167 0.0822 0.0379 0.0567 0.0002 0.0002 0.0003 0.0011 0.0004
0.0028 0.0445 0.0009 0.0636 0.0002 0.0087 0.0001 0.0000 0.0000 0.0000 0.0000 0.0000 0.0000 0.0000 0.0000 0.0000 0.0000 0.0000 0.0000 0.0000 0.0000 0.0000 0.0000 0.0001 0.0001 0.0000 0.0000 0.0002 0.0002 0.0097 0.0005 0.0049 0.0319 0.0020 0.0031 0.0200 0.0011 0.0001 0.0061 0.0061 0.0008 0.0653 0.0177 0.0111 0.0206 0.1792 0.0667 0.0131 0.1224 0.0064 0.0044 0.0004 0.0030 0.0027 0.3034 1.2456 1.4429 0.1055 0.0346 0.0417 0.0101 0.0784 0.0023 0.0016 0.0064 0.0089 0.0134 0.0053 0.0327 0.0484
0.0366 0.0991 0.0072 0.5862 0.9605 0.1166 0.0184 0.0038 0.0254 0.0001 0.0001 0.0004 0.0002 0.0001 0.0001 0.0007 0.0012 0.0101 0.0000 0.0022 0.0000 0.0000 0.0000 0.0000 0.0000 0.0000 0.0000 0.0000 0.0000 0.0000 0.0000 0.0000 0.0000 0.0000 0.0000 0.0000 0.0000 0.0001 0.0003 0.0000 0.0000 0.0080 0.0009 0.0040 0.0015 0.0158 0.0382 0.0090 0.0065 0.0042 0.0020 0.0002 0.0009 0.0019 0.0138 0.0149 0.7296 0.0662 0.0641 0.2139 0.0743 0.0650 0.0284 0.0077 0.0067 0.0007 0.0048 0.0012 0.0458 0.0782
1.2154 0.5286 0.0217 0.3553 0.2792 0.0479 0.0068 0.0012 0.0206 0.0226 0.0357 0.0990 0.0822 0.1228 0.0668 0.1031 0.6223 1.7668 0.0587 0.1562 0.0061 0.0053 0.0042 0.0002 0.0001 0.0016 0.0033 0.0001 0.0007 0.0060 0.0004 0.0045 0.0000 0.0003 0.0000 0.0000 0.0000 0.0000 0.0000 0.0000 0.0000 0.0000 0.0000 0.0000 0.0000 0.0000 0.0000 0.0000 0.0000 0.0000 0.0000 0.0001 0.0002 0.0000 0.0000 0.0017 0.0141 0.0082 0.0016 0.0064 0.0244 0.1161 0.0042 0.0080 0.0085 0.0011 0.0041 0.0022 0.0100 0.0658
0.0701 0.1427 0.0078 0.5022 0.2235 0.0066 0.0123 0.0023 0.0057 0.0005 0.0052 0.0050 0.0215 0.1612 0.1062 0.4571 0.9590 1.6406 0.0945 0.2740 0.0041 0.0054 0.0113 0.0094 0.0122 0.0611 0.2208 0.0187 0.0596 1.0730 0.1150 0.1967 0.0218 0.0037 0.0038 0.0061 0.0005 0.0000 0.0006 0.0025 0.0003 0.0011 0.0005 0.0003 0.0001 0.0016 0.0000 0.0002 0.0000 0.0000 0.0000 0.0000 0.0000 0.0000 0.0000 0.0000 0.0000 0.0000 0.0000 0.0000 0.0000 0.0000 0.0000 0.0000 0.0000 0.0006 0.0002 0.0000 0.0000 0.0051
0.0006 0.0062 0.0001 0.0060 0.0376 0.0112 0.0027 0.0023 0.0106 0.0011 0.0042 0.0091 0.0069 0.0839 0.0451 0.0323 0.0504 0.4018 0.0167 0.0084 0.0029 0.0022 0.0007 0.0000 0.0004 0.0006 0.0085 0.0033 0.0158 0.3830 0.1295 0.3310 0.0436 0.0103 0.0054 0.0131 0.0027 0.0033 0.1109 0.2035 0.0348 0.3055 0.0393 0.0406 0.0311 0.0560 0.0040 0.0015 0.0007 0.0001 0.0001 0.0000 0.0000 0.0002 0.0012 0.0001 0.0017 0.0002 0.0000 0.0002 0.0000 0.0005 0.0000 0.0000 0.0000 0.0000 0.0000 0.0000 0.0000 0.0000
0.0000 0.0000 0.0000 0.0000 0.0000 0.0000 0.0000 0.0000 0.0000 0.0005 0.0002 0.0000 0.0000 0.0053 0.0003 0.0013 0.0014 0.0132 0.0049 0.0391 0.0017 0.0061 0.0034 0.0003 0.0009 0.0029 0.0074 0.0059 0.0184 0.1204 0.0028 0.0366 0.0035 0.0002 0.0017 0.0033 0.0001 0.0000 0.0022 0.0011 0.0006 0.0236 0.0108 0.0197 0.0446 0.3612 0.0275 0.0144 0.0035 0.0008 0.0015 0.0017 0.0051 0.0158 0.0695 0.0157 0.1761 0.0264 0.0105 0.0073 0.0010 0.0056 0.0001 0.0001 0.0001 0.0001 0.0001 0.0001 0.0003 0.0001
0.0022 0.0034 0.0001 0.0048 0.0000 0.0011 0.0000 0.0000 0.0000 0.0001 0.0000 0.0000 0.0000 0.0000 0.0000 0.0000 0.0000 0.0000 0.0000 0.0000 0.0000 0.0000 0.0000 0.0054 0.0014 0.0000 0.0000 0.0157 0.0032 0.0683 0.0025 0.0347 0.0293 0.0327 0.0510 0.3363 0.0185 0.0026 0.2679 0.3190 0.0391 2.5225 0.6855 0.1797 0.0308 0.4191 0.0255 0.0036 0.0132 0.0029 0.0005 0.0001 0.0014 0.0012 0.0327 0.0184 1.3034 0.2724 0.3210 0.8964 1.5794 9.9121 0.1026 0.0729 0.2825 0.3639 0.5501 0.2464 0.3955 1.0404
0.2762 0.7663 0.0299 0.1803 0.1653 0.0201 0.0032 0.0007 0.0044 0.0031 0.0024 0.0142 0.0086 0.0052 0.0008 0.0004 0.0009 0.0062 0.0000 0.0023 0.0000 0.0000 0.0000 0.0000 0.0000 0.0000 0.0000 0.0000 0.0000 0.0000 0.0000 0.0000 0.0000 0.0000 0.0000 0.0000 0.0000 0.0050 0.0150 0.0000 0.0000 0.6024 0.0043 0.0079 0.0021 0.0310 0.0169 0.0421 0.0302 0.0196 0.0094 0.0020 0.0179 0.0365 0.2660 0.1329 9.0738 0.2470 0.0222 0.1154 0.0137 0.0288 0.0053 0.0034 0.0012 0.0002 0.0021 0.0005 0.0084 0.0286
0.0116 0.0576 0.0068 0.2353 1.2620 0.4831 0.0225 0.0072 0.1239 0.1220 0.1325 0.2242 0.0608 0.2957 0.0245 0.0239 0.0773 0.0567 0.0049 0.0101 0.0003 0.0003 0.0002 0.0002 0.0001 0.0006 0.0014 0.0001 0.0000 0.0002 0.0000 0.0002 0.0000 0.0000 0.0000 0.0000 0.0000 0.0000 0.0000 0.0000 0.0000 0.0000 0.0000 0.0000 0.0000 0.0000 0.0000 0.0000 0.0000 0.0000 0.0000 0.0006 0.0002 0.0000 0.0000 0.0050 0.0077 0.0010 0.0001 0.0008 0.0009 0.0316 0.0023 0.0051 0.0111 0.0032 0.0330 0.0080 0.0354 0.0138
1.6219 1.0735 0.0096 0.6222 0.2769 0.0183 0.0151 0.0064 0.0070 0.0013 0.0146 0.0139 0.0267 0.2274 0.1316 0.1326 1.2717 5.3942 2.1875 10.3358 8.5472 3.3755 7.0662 1.8887 1.1294 1.3139 1.3215 0.8240 0.3964 1.0910 0.1443 0.1714 0.0852 0.0144 0.0150 0.0237 0.0019 0.0092 0.1460 0.1108 0.0264 0.1768 0.0018 0.0008 0.0004 0.0045 0.0000 0.0004 0.0000 0.0000 0.0000 0.0001 0.0000 0.0000 0.0000 0.0000 0.0001 0.0000 0.0000 0.0000 0.0000 0.0000 0.0000 0.0000 0.0000 0.3501 0.0408 0.0000 0.0000 0.3417
0.0009 0.0029 0.0001 0.0028 0.0113 0.0091 0.0044 0.0043 0.0634 0.0126 0.1560 0.1314 0.0321 0.0294 0.0160 0.0040 0.0051 0.0235 0.0019 0.0025 0.0003 0.0007 0.0000 0.0000 0.0001 0.0002 0.0005 0.0005 0.0009 0.0152 0.0047 0.0320 0.0298 0.0114 0.1011 1.5533 0.0503 0.0211 0.3121 0.1285 0.0062 0.4199 0.0176 0.0043 0.0041 0.0051 0.0017 0.0006 0.0003 0.0000 0.0000 0.0002 0.0004 0.0003 0.0074 0.0006 0.0007 0.0000 0.0000 0.0001 0.0000 0.0002 0.0000 0.0000 0.0000 0.0000 0.0000 0.0000 0.0000 0.0000
0.0000 0.0000 0.0000 0.0000 0.0000 0.0000 0.0000 0.0000 0.0000 0.1713 0.0091 0.0000 0.0000 0.0544 0.0016 0.0018 0.0021 0.0179 0.0066 0.0908 0.0079 0.0325 0.0383 0.0066 0.0591 0.0875 0.2264 0.0112 0.0457 0.1033 0.0025 0.0314 0.0030 0.0003 0.0015 0.0045 0.0001 0.0000 0.0029 0.0016 0.0005 0.0569 0.0093 0.0135 0.0301 0.2179 0.1314 0.1124 0.4551 0.1092 0.2595 0.0715 0.0984 0.0699 0.1977 0.1691 1.2725 0.0452 0.0226 0.0109 0.0068 0.0375 0.0009 0.0004 0.0006 0.0018 0.0013 0.0004 0.0039 0.0020
0.0001 0.0002 0.0000 0.0002 0.0000 0.0001 0.0000 0.0000 0.0000 0.0001 0.0000 0.0000 0.0000 0.0000 0.0000 0.0000 0.0000 0.0000 0.0000 0.0000 0.0000 0.0000 0.0000 0.0242 0.0013 0.0000 0.0000 0.0086 0.0003 0.0072 0.0003 0.0037 0.0031 0.0034 0.0054 0.0367 0.0041 0.0015 0.4453 0.1330 0.0163 0.2668 0.0831 0.0189 0.0032 0.0441 0.0027 0.0004 0.0014 0.0003 0.0001 0.0000 0.0001 0.0001 0.0035 0.0047 0.1379 0.0293 0.0340 0.0942 0.0994 1.2540 0.0914 0.0682 0.2517 0.7603 0.4495 0.0460 0.0800 0.4178
1.2819 1.0998 0.0552 0.3292 1.0253 0.0931 0.0147 0.0031 0.0203 0.0167 0.0160 0.0173 0.0220 0.0207 0.0010 0.0005 0.0012 0.0076 0.0000 0.0028 0.0000 0.0000 0.0000 0.0001 0.0000 0.0000 0.0000 0.0000 0.0000 0.0000 0.0000 0.0000 0.0000 0.0000 0.0000 0.0000 0.0000 0.1056 0.1007 0.0000 0.0000 2.7953 0.0100 0.0186 0.0049 0.0728 0.0398 0.0990 0.0711 0.0461 0.0220 0.0070 0.1853 0.0973 0.7079 0.3126 15.2902 0.5845 0.0521 0.2732 0.0322 0.0677 0.0124 0.0081 0.0029 0.0005 0.0050 0.0012 0.0201 0.1648
0.0109 0.0560 0.0065 0.2245 0.8109 0.1674 0.0535 0.0173 0.2930 0.5910 1.1679 0.3799 0.1110 1.0711 0.0886 0.0268 0.1108 0.0813 0.0235 0.0367 0.0011 0.0009 0.0007 0.0002 0.0002 0.0006 0.0013 0.0001 0.0000 0.0002 0.0000 0.0002 0.0000 0.0000 0.0000 0.0000 0.0000 0.0000 0.0000 0.0000 0.0000 0.0000 0.0000 0.0000 0.0000 0.0000 0.0000 0.0000 0.0000 0.0000 0.0000 0.0027 0.0002 0.0000 0.0000 0.0181 0.0144 0.0044 0.0006 0.0035 0.0037 0.1187 0.0043 0.0083 0.0087 0.0011 0.0089 0.0025 0.0113 0.0747
0.0601 0.0738 0.0007 0.0428 0.0190 0.0007 0.0010 0.0003 0.0005 0.0001 0.0006 0.0006 0.0018 0.0157 0.0090 0.0190 0.1857 0.7828 0.1670 0.4844 0.0126 0.0166 0.0350 0.0289 0.0377 0.2456 0.2015 0.0556 0.0267 0.1564 0.0162 0.0192 0.0058 0.0010 0.0010 0.0016 0.0001 0.0000 0.0005 0.0020 0.0002 0.0008 0.0001 0.0000 0.0000 0.0002 0.0000 0.0000 0.0000 0.0000 0.0000 0.0000 0.0000 0.0000 0.0000 0.0000 0.0000 0.0000 0.0000 0.0000 0.0000 0.0000 0.0000 0.0000 0.0000 0.0018 0.0001 0.0000 0.0000 0.0152
0.0005 0.0057 0.0001 0.0056 0.0325 0.0103 0.0025 0.0021 0.0097 0.0010 0.0087 0.0090 0.0068 0.0830 0.0446 0.0299 0.0439 0.3494 0.0144 0.0072 0.0025 0.0019 0.0006 0.0000 0.0003 0.0005 0.0074 0.0052 0.0137 0.3331 0.1033 0.3062 0.0889 0.0209 0.0210 0.0513 0.0105 0.0130 0.4327 0.8292 0.1545 1.2523 0.1612 0.0932 0.0699 0.0876 0.0152 0.0057 0.0027 0.0004 0.0003 0.0000 0.0000 0.0002 0.0011 0.0001 0.0015 0.0001 0.0000 0.0002 0.0000 0.0004 0.0000 0.0000 0.0000 0.0000 0.0000 0.0000 0.0000 0.0000
0.0000 0.0000 0.0000 0.0000 0.0000 0.0000 0.0000 0.0000 0.0000 0.0013 0.0001 0.0000 0.0000 0.0149 0.0002 0.0004 0.0004 0.0037 0.0014 0.0188 0.0008 0.0029 0.0017 0.0002 0.0019 0.0029 0.0075 0.0031 0.0098 0.0340 0.0009 0.0103 0.0010 0.0001 0.0005 0.0009 0.0000 0.0000 0.0006 0.0003 0.0002 0.0259 0.0033 0.0062 0.0131 0.0841 0.0302 0.0158 0.0146 0.0035 0.0062 0.0071 0.0212 0.0305 0.0901 0.1159 0.5766 0.0205 0.0103 0.0049 0.0031 0.0170 0.0004 0.0002 0.0003 0.0001 0.0000 0.0000 0.0002 0.0001
0.0001 0.0001 0.0000 0.0002 0.0000 0.0000 0.0000 0.0000 0.0000 0.0000 0.0000 0.0000 0.0000 0.0000 0.0000 0.0000 0.0000 0.0000 0.0000 0.0000 0.0000 0.0000 0.0000 0.0031 0.0002 0.0000 0.0000 0.0098 0.0001 0.0036 0.0002 0.0018 0.0056 0.0012 0.0018 0.0121 0.0007 0.0001 0.0292 0.0162 0.0020 0.0909 0.0249 0.0105 0.0092 0.0946 0.0077 0.0007 0.0040 0.0006 0.0002 0.0000 0.0003 0.0002 0.0128 0.0173 0.3908 0.1078 0.0555 0.0669 0.0311 0.2391 0.0112 0.0079 0.0308 0.0424 0.0645 0.0248 0.1375 0.2319
0.2211 0.1666 0.0083 0.0499 0.1162 0.0141 0.0022 0.0005 0.0031 0.0001 0.0001 0.0002 0.0001 0.0001 0.0001 0.0000 0.0001 0.0006 0.0000 0.0002 0.0000 0.0000 0.0000 0.0000 0.0000 0.0000 0.0000 0.0000 0.0000 0.0000 0.0000 0.0000 0.0000 0.0000 0.0000 0.0000 0.0000 0.0003 0.0004 0.0000 0.0000 0.0423 0.0001 0.0005 0.0002 0.0020 0.0039 0.0012 0.0009 0.0006 0.0003 0.0000 0.0003 0.0005 0.0034 0.0037 0.1807 0.0146 0.0080 0.0380 0.0050 0.0067 0.0019 0.0008 0.0004 0.0000 0.0005 0.0001 0.0031 0.0204
0.0446 0.3805 0.0127 0.1890 0.2526 0.0428 0.0040 0.0013 0.0219 0.0238 0.0379 0.1220 0.1281 0.1681 0.0920 0.2285 0.5879 0.4315 0.0299 0.0621 0.0018 0.0016 0.0013 0.0000 0.0000 0.0002 0.0004 0.0000 0.0001 0.0006 0.0000 0.0004 0.0000 0.0000 0.0000 0.0000 0.0000 0.0000 0.0000 0.0000 0.0000 0.0000 0.0000 0.0000 0.0000 0.0000 0.0000 0.0000 0.0000 0.0000 0.0000 0.0001 0.0000 0.0000 0.0000 0.0019 0.0031 0.0020 0.0004 0.0016 0.0060 0.0258 0.0009 0.0018 0.0019 0.0002 0.0009 0.0003 0.0014 0.0090
0.0214 0.0445 0.0043 0.1772 0.1231 0.0036 0.0068 0.0013 0.0031 0.0003 0.0029 0.0027 0.0118 0.1454 0.0588 0.0984 0.2676 0.4870 0.0596 0.1728 0.0038 0.0050 0.0106 0.0088 0.0114 0.0444 0.1605 0.0174 0.0555 0.7800 0.2151 0.1775 0.0283 0.0047 0.0050 0.0079 0.0006 0.0000 0.0003 0.0013 0.0001 0.0005 0.0003 0.0002 0.0001 0.0009 0.0000 0.0001 0.0000 0.0000 0.0000 0.0000 0.0000 0.0000 0.0000 0.0000 0.0000 0.0000 0.0000 0.0000 0.0000 0.0000 0.0000 0.0000 0.0000 0.0006 0.0001 0.0000 0.0000 0.0048
0.0013 0.0210 0.0004 0.0205 0.6191 0.0273 0.0064 0.0056 0.0257 0.0026 0.0050 0.0107 0.0081 0.0983 0.0528 0.0408 0.3273 1.6605 0.4211 0.1380 0.0727 0.0368 0.0172 0.0011 0.0064 0.0094 0.2153 0.2537 0.1693 0.9598 0.0834 0.2457 0.0481 0.0112 0.0089 0.0215 0.0044 0.0055 0.1826 0.2570 0.0439 0.5253 0.1454 0.1808 0.2517 6.3075 0.2112 0.0790 0.0380 0.0059 0.0041 0.0001 0.0001 0.0005 0.0030 0.0002 0.0136 0.0026 0.0007 0.0030 0.0000 0.0083 0.0000 0.0000 0.0000 0.0000 0.0000 0.0000 0.0000 0.0000
0.0000 0.0000 0.0000 0.0000 0.0000 0.0000 0.0000 0.0000 0.0000 0.0004 0.0002 0.0000 0.0000 0.0044 0.0000 0.0003 0.0004 0.0026 0.0075 0.0056 0.0002 0.0009 0.0005 0.0000 0.0004 0.0004 0.0011 0.0005 0.0015 0.0089 0.0023 0.0188 0.0109 0.0015 0.0193 0.0162 0.0013 0.0001 0.0105 0.0056 0.0105 1.1361 0.0143 0.0105 0.0066 0.0206 0.0046 0.0024 0.0022 0.0005 0.0009 0.0014 0.0043 0.0047 0.0421 0.0117 0.5798 0.0335 0.0244 0.0766 0.3071 0.7491 0.0182 0.0084 0.0126 0.0000 0.0000 0.0000 0.0000 0.0000
0.0110 0.1754 0.0037 0.2505 0.0007 0.0340 0.0002 0.0000 0.0001 0.0001 0.0000 0.0000 0.0000 0.0000 0.0001 0.0000 0.0000 0.0000 0.0000 0.0000 0.0000 0.0000 0.0000 0.0344 0.0012 0.0000 0.0000 0.0682 0.0040 0.1992 0.0103 0.1018 0.6572 0.0402 0.0631 0.4133 0.0228 0.0026 0.2374 0.1322 0.0162 1.2200 0.2023 0.1221 0.2272 1.9681 0.8343 0.9368 1.5682 0.4585 0.3128 0.0275 0.2133 0.1916 21.5176 6.2045 18.0402 1.4925 0.4898 0.5868 0.2544 1.9577 0.0909 0.0646 0.2519 0.3472 0.5282 0.2027 1.1191 1.8989
0.1016 0.1420 0.0103 0.4001 2.6641 2.6240 0.2830 0.0587 0.3882 0.0001 0.0001 0.0005 0.0003 0.0002 0.0006 0.0035 0.0061 0.0504 0.0000 0.0110 0.0000 0.0000 0.0000 0.0000 0.0000 0.0000 0.0000 0.0000 0.0000 0.0000 0.0000 0.0000 0.0000 0.0000 0.0000 0.0000 0.0000 0.0002 0.0005 0.0000 0.0000 0.0221 0.0002 0.0007 0.0004 0.0028 0.0118 0.0016 0.0012 0.0008 0.0004 0.0000 0.0001 0.0001 0.0010 0.0020 0.0352 0.0032 0.0038 0.0103 0.0085 0.5828 0.0118 0.0168 0.0919 0.0097 0.0246 0.0060 0.1049 0.1374
0.0162 0.0242 0.0008 0.0118 0.0192 0.0032 0.0010 0.0003 0.0054 0.0059 0.0093 0.0141 0.0132 0.0413 0.0226 0.0111 0.0668 0.3186 0.1979 2.2756 0.8124 0.4734 0.3828 0.0000 0.0000 0.0001 0.0003 0.0000 0.0005 0.0379 0.0021 0.0286 0.0000 0.0008 0.0000 0.0000 0.0000 0.0000 0.0000 0.0000 0.0000 0.0000 0.0000 0.0000 0.0000 0.0000 0.0000 0.0000 0.0000 0.0000 0.0000 0.0000 0.0000 0.0000 0.0000 0.0005 0.0008 0.0005 0.0001 0.0004 0.0034 0.0069 0.0003 0.0005 0.0005 0.0001 0.0001 0.0000 0.0001 0.0017
0.0014 0.0031 0.0004 0.0124 0.0380 0.0573 0.0076 0.0049 0.1171 0.0220 0.0259 0.0247 0.0736 0.1781 0.0077 0.0040 0.0109 0.0200 0.0030 0.0087 0.0005 0.0006 0.0013 0.0011 0.0015 0.0034 0.0111 0.0022 0.0071 0.0318 0.0061 0.0473 0.0668 0.0623 0.5409 5.6301 0.2722 0.0000 0.0001 0.0003 0.0000 0.0001 0.0005 0.0105 0.0051 0.0553 0.0000 0.0011 0.0000 0.0000 0.0000 0.0000 0.0000 0.0000 0.0000 0.0000 0.0001 0.0000 0.0000 0.0000 0.0000 0.0000 0.0000 0.0000 0.0000 0.0001 0.0000 0.0000 0.0000 0.0006
0.0002 0.0025 0.0001 0.0024 0.0724 0.0032 0.0008 0.0007 0.0030 0.0003 0.0006 0.0006 0.0004 0.0103 0.0020 0.0015 0.0154 0.0631 0.0181 0.4673 0.0114 0.0301 0.0890 0.0127 0.0123 0.0180 0.1850 0.0291 0.0072 0.0347 0.0030 0.0089 0.0031 0.0007 0.0014 0.0035 0.0007 0.0009 0.0298 0.0253 0.0038 0.0857 0.0237 0.0094 0.0131 0.1067 0.0978 0.2025 0.8099 0.5093 0.8100 0.0000 0.0000 0.0001 0.0004 0.0000 0.0128 0.0367 0.0092 0.0390 0.0000 0.0225 0.0000 0.0000 0.0000 0.0000 0.0000 0.0000 0.0000 0.0000
0.0001 0.0000 0.0000 0.0000 0.0000 0.0000 0.0000 0.0000 0.0000 0.0024 0.0007 0.0000 0.0000 0.0238 0.0564 0.0199 0.1253 0.1966 0.0586 0.8054 0.0712 0.2921 0.5241 1.5105 0.1769 0.4110 0.1492 0.0524 0.0241 0.1840 0.0153 0.0454 0.0213 0.0023 0.0101 0.0401 0.0003 0.0001 0.0259 0.0137 0.0012 0.0167 0.0096 0.0042 0.0096 0.0697 0.0185 0.0158 0.0535 0.0220 0.0118 0.0050 0.0066 0.0055 0.0150 0.0107 0.0807 0.0057 0.0038 0.0051 0.0005 0.0058 0.0003 0.0001 0.0002 23.9071 6.1390 0.0159 0.2421 7.4423
0.0023 0.0009 0.0000 0.0013 0.0000 0.0003 0.0000 0.0000 0.0000 0.0256 0.0000 0.0000 0.0007 0.0044 0.0000 0.0000 0.0001 0.0000 0.0000 0.0000 0.0000 0.0000 0.0000 0.0041 0.0274 0.0000 0.0000 0.0003 0.0053 0.0260 0.0035 0.0133 0.0112 0.0125 0.0398 0.3001 0.0524 0.2835 0.8586 0.5686 0.0098 0.3777 0.0151 0.0102 0.0062 0.0193 0.0059 0.0014 0.0028 0.0011 0.0001 0.0000 0.0005 0.0005 0.0025 0.0004 0.0435 0.0028 0.0033 0.0092 0.0047 0.0594 0.0102 0.0123 0.0145 0.0093 0.0063 0.0011 0.0018 0.0080
0.0001 0.0002 0.0000 0.0002 0.0001 0.0000 0.0000 0.0000 0.0000 0.2441 1.1107 0.0010 0.0029 0.2271 0.0000 0.0000 0.0000 0.0001 0.0000 0.0000 0.0000 0.0000 0.0000 0.0002 0.0000 0.0000 0.0001 0.0000 0.0000 0.0000 0.0000 0.0000 0.0000 0.0000 0.0000 0.0000 0.0000 0.0001 0.0110 0.0000 0.0000 0.0002 0.2914 0.0099 0.0058 0.0387 0.0023 0.0085 0.0247 0.0054 0.0026 0.0003 0.0005 0.0009 0.0069 0.0071 0.0406 0.0051 0.0016 0.0019 0.0011 0.0039 0.0004 0.0005 0.0001 0.0000 0.0003 0.0001 0.0002 0.0002
0.0037 0.0057 0.0007 0.0234 0.0367 0.0063 0.0026 0.0011 0.0073 0.0030 0.0047 0.0097 0.0027 0.0128 0.0011 0.0011 0.0060 0.0125 0.0004 0.0018 0.0001 0.0001 0.0001 0.0028 0.0009 2.1352 0.1804 0.0025 0.0024 0.0009 0.0001 0.0006 0.0000 0.0000 0.0001 0.0000 0.0000 0.0002 0.0000 0.0000 0.0000 0.0000 0.0000 0.0000 0.0000 0.0000 0.0000 0.0000 0.0000 0.0000 0.0000 0.0001 0.0006 0.0000 0.0000 0.0002 1.3304 0.0555 0.0492 0.0435 0.0083 0.3030 0.0415 0.0492 0.1634 0.0262 0.0186 0.0090 0.0156 0.0746
0.0416 0.1252 0.0039 0.0588 0.1304 0.0100 0.0067 0.0035 0.0020 0.0007 0.0079 0.0075 0.0041 0.0079 0.0090 0.0049 0.0479 0.2031 0.0299 0.0873 0.0158 0.0408 0.0228 0.0061 0.0038 0.0122 0.0118 0.0036 0.0017 0.0163 0.0028 0.0095 0.0007 0.0003 0.0006 0.0010 0.0001 0.0159 0.1507 1.0895 1.9587 0.8602 0.0200 0.0004 0.0002 0.0025 0.0000 0.0002 0.0003 0.0000 0.0000 0.0023 0.0000 0.0000 0.0001 0.0000 0.0026 0.0000 0.0000 0.0000 0.0000 0.0000 0.0000 0.0000 0.0000 0.0042 0.0153 0.0000 0.0000 0.0015
0.0149 0.0150 0.0013 0.0145 0.0290 0.0235 0.0113 0.0112 0.1637 0.2053 0.0320 0.0595 0.0133 0.0761 0.0048 0.0050 0.0131 0.0239 0.0049 0.0065 0.0008 0.0017 0.0001 0.0000 0.0003 0.0004 0.0008 0.0001 0.0007 0.0034 0.0011 0.0073 0.0024 0.0006 0.0058 0.0276 0.0015 0.0006 0.0092 0.0072 0.0003 0.0126 0.0005 0.0004 0.0005 0.0017 0.0001 0.0001 0.0001 0.0000 0.0000 0.1413 0.1656 0.0056 0.1708 4.0531 0.0130 0.0001 0.0000 0.0001 0.0000 0.0004 0.0000 0.0000 0.0000 0.0076 0.0000 0.0000 0.0003 0.0012
0.0000 0.0000 0.0000 0.0000 0.0000 0.0000 0.0000 0.0000 0.0000 0.0009 0.0045 0.0000 0.0000 0.0003 0.0046 0.0427 0.5646 0.4222 0.0171 0.0387 0.0023 0.0060 0.0034 0.0003 0.0002 0.0006 0.0017 0.0025 0.0009 0.0151 0.0045 0.0129 0.0063 0.0054 0.0030 0.0402 0.0006 0.0003 0.0613 0.0325 0.0012 0.0049 0.0028 0.0011 0.0009 0.0057 0.0007 0.0004 0.0002 0.0001 0.0001 0.0000 0.0001 0.0003 0.0013 0.0003 0.0084 0.0015 0.0011 0.0015 0.0002 0.0058 0.0007 0.0003 0.0005 0.0003 0.0001 0.0013 0.0069 0.0008
6.5289 0.0114 0.0003 0.0162 0.0001 0.0037 0.0036 0.0000 0.0000 0.0012 0.0000 0.0000 0.0000 0.0000 0.0057 0.0001 0.0019 0.0001 0.0000 0.0000 0.0000 0.0000 0.0000 0.0001 0.0002 0.0000 0.0000 0.0000 0.0003 0.0152 0.0010 0.0078 0.0503 0.0031 0.0048 0.0316 0.0017 0.0002 0.0039 0.0042 0.0006 0.0927 0.0029 0.0043 0.0131 0.0399 0.0264 0.1031 0.0128 0.0348 0.0709 0.0415 0.2308 0.2074 0.1316 0.0065 0.1131 0.0053 0.0022 0.0039 0.0009 0.0074 0.0002 0.0002 0.0003 0.0003 0.0005 0.0003 0.0011 0.0011
0.0006 0.0025 0.0002 0.0066 0.0127 0.0071 0.0091 0.0054 0.0355 0.0001 0.0001 0.0005 0.0003 0.0002 0.0013 1.4250 0.5927 6.5892 0.0006 0.5477 0.0002 0.0000 0.0002 0.0000 0.0000 0.0000 0.0000 0.0000 0.0000 0.0000 0.0000 0.0000 0.0000 0.0000 0.0000 0.0000 0.0000 0.0000 0.0004 0.0000 0.0000 0.0002 0.0001 0.0004 0.0003 0.0016 0.0065 0.0009 0.0006 0.0004 0.0002 0.0000 0.0000 0.0001 0.0005 0.0011 0.0063 0.0013 0.0021 0.0025 0.0032 0.1835 0.0012 0.0093 0.0329 0.0180 0.0821 0.0197 0.0061 0.0018
