20.3533 1.3537 0.0410 1.3183 0.5689 0.6786 0.6437 0.1897 0.8775 0.1014 0.0818 0.1557 0.1276 1.4825 0.0928 0.0983 0.2561 0.4689 0.0970 0.1268 0.0157 0.0338 0.0024 0.0006 0.0058 0.0086 0.0162 0.0020 0.0133 0.0663 0.0207 0.1420 0.0479 0.0113 0.0306 0.0961 0.0079 0.0036 0.1217 0.1405 0.0064 0.2149 0.0090 0.0075 0.0095 0.0340 0.0017 0.0013 0.0014 0.0002 0.0002 0.0070 0.0053 4.2530 1.8172 0.0348 0.5106 0.0024 0.0006 0.0027 0.0000 0.0076 0.0003 0.0000 0.0000 0.0053 0.0000 0.0000 0.0000 0.0000
0.0003 0.0000 0.0000 0.0000 0.0000 0.0000 0.0000 0.0000 0.0000 0.0094 0.0355 0.0000 0.0000 0.0155 0.6444 18.1370 5.6780 89.2090 1.4129 8.1852 0.3556 1.2739 0.7199 0.0553 0.0420 0.1243 0.3551 0.5322 0.1939 3.1808 0.3718 1.0684 0.5182 0.0550 0.2449 0.9667 0.0066 0.0026 0.6281 0.3330 0.0298 0.4052 0.2325 0.0922 0.1674 1.2048 0.1541 0.0814 0.0507 0.0154 0.0112 0.0095 0.0286 0.0636 0.2592 0.0632 0.6940 0.1258 0.0916 0.1249 0.0118 0.1397 0.0075 0.0035 0.0052 0.0188 0.0109 0.1831 0.4003 0.0471
0.1384 0.0092 0.0002 0.0131 0.0001 0.0030 0.0013 0.0000 0.0000 0.0017 0.0000 0.0000 0.0000 0.0000 0.0004 0.0000 0.0004 0.0000 0.0000 0.0000 0.0000 0.0000 0.0000 0.0009 0.0027 0.0000 0.0000 0.0008 0.0376 1.1934 2.7047 0.6101 0.0569 0.0276 0.0593 0.1908 0.0167 0.0024 0.0372 0.0396 0.0034 0.5631 0.0178 0.0237 0.0313 0.0953 0.0299 0.0093 0.0145 0.0056 0.0004 0.0002 0.0034 0.0031 0.0125 0.0021 0.2204 0.0127 0.0077 0.0214 0.0057 0.0449 0.0014 0.0020 0.0021 0.0021 0.0031 0.0017 0.0043 0.0070
0.0370 0.1622 0.0117 0.1997 0.0712 0.0182 0.0084 0.0017 0.0116 0.0974 0.0398 1.5732 1.7028 0.3503 2.8161 0.0105 0.0378 0.1518 0.0004 0.0911 0.0262 0.0004 0.0002 0.0223 0.0000 0.0002 0.0004 0.0001 0.0079 0.0012 0.0029 0.0003 0.0000 0.0000 0.0000 0.0000 0.0000 0.0013 0.1059 0.0000 0.0000 0.0385 0.9091 10.2535 1.4977 137.3162 0.9399 0.9861 0.7082 0.4593 0.2190 0.0233 0.0406 0.0737 0.5921 1.2171 6.9381 1.4678 0.6440 0.7573 0.4583 1.5996 0.1658 0.1906 0.0249 0.0111 0.1187 0.0287 0.0924 0.0957
1.2222 1.7081 0.1611 5.5472 5.1173 0.8776 0.1788 0.0727 0.5116 0.4137 0.6545 1.5463 0.6505 1.7914 0.2159 0.3333 1.9986 4.1665 0.1385 0.6113 0.0392 0.0339 0.0274 0.0591 0.0294 3.0473 3.8756 0.0545 1.3318 0.2824 0.0200 0.2130 0.0003 0.0145 0.0416 0.0013 0.0001 0.0055 0.0000 0.0005 0.0000 0.0007 0.0087 0.0002 0.0016 0.0002 0.0000 0.0000 0.0000 0.0000 0.0000 0.0059 0.0419 0.0000 0.0000 0.0303 9.0604 5.8628 1.1453 4.6037 90.2150 74.6617 2.7076 5.1982 5.4413 0.7000 0.6183 0.2983 1.4640 18.3794
0.6448 3.3173 0.5257 7.6703 36.8142 2.8111 1.8987 0.9817 0.5664 0.1989 2.2301 2.1249 1.1587 2.2164 1.4692 0.5901 1.9921 5.3827 0.4631 1.3600 0.0509 0.0854 0.0734 0.0452 0.0588 0.2160 0.4614 0.0553 0.1410 1.9820 0.3797 2.7054 0.2057 0.0732 0.1695 0.2682 0.0212 0.0072 0.1145 0.4661 0.0463 0.2009 0.0934 0.1213 0.0625 0.7014 0.0004 0.0687 0.0013 0.0000 0.0001 0.0002 0.0000 0.0000 0.0000 0.0000 0.0049 0.0000 0.0001 0.0000 0.0000 0.0000 0.0000 0.0000 0.0000 0.0089 0.0320 0.0000 0.0000 0.0229
0.1454 0.6452 0.0130 0.6283 2.4746 7.1840 0.6976 0.4056 1.8761 0.1904 0.1760 0.3350 0.2780 6.4486 0.4063 0.4277 1.1140 2.0398 0.4219 0.5516 0.0685 0.1469 0.0104 0.0028 0.0254 0.0376 0.0705 0.0087 0.0579 0.2884 0.0905 0.6178 0.2082 0.0496 0.0667 0.2055 0.0172 0.0158 0.5294 0.6151 0.0280 0.9347 0.0391 0.0327 0.0415 0.1478 0.0073 0.0058 0.0061 0.0010 0.0007 0.0038 0.0054 0.0550 0.2184 0.0118 0.1619 0.0103 0.0027 0.0119 0.0000 0.0332 0.0001 0.0000 0.0000 0.0006 0.0000 0.0000 0.0000 0.0000
0.0000 0.0000 0.0000 0.0000 0.0000 0.0000 0.0000 0.0000 0.0000 0.0097 0.0368 0.0000 0.0000 0.0326 0.1607 0.0622 0.1431 0.6146 0.2258 4.6115 1.8285 0.9834 0.5558 0.0429 0.0325 0.0960 0.2707 0.2032 0.0740 0.7095 0.0594 0.1750 0.0828 0.0088 0.0391 0.1545 0.0011 0.0004 0.1004 0.0532 0.0048 0.0648 0.0372 0.0165 0.0373 0.2687 0.0585 0.0311 0.0385 0.0119 0.0085 0.0036 0.0108 0.0213 0.0578 0.0240 0.1806 0.0221 0.0146 0.0200 0.0019 0.0223 0.0012 0.0006 0.0008 0.0117 0.0084 0.0454 0.1035 0.0184
0.0244 0.0273 0.0007 0.0390 0.0002 0.0089 0.0002 0.0000 0.0000 0.0067 0.0000 0.0000 0.0000 0.0001 0.0001 0.0000 0.0001 0.0000 0.0000 0.0000 0.0000 0.0000 0.0000 0.0126 0.0389 0.0000 0.0000 0.0058 0.2173 2.2430 0.0811 1.1467 0.9697 1.0823 3.4331 38.7210 1.4353 0.1644 3.1968 3.4067 0.4547 32.6179 1.0331 0.8813 0.5329 1.6657 0.5090 0.1205 0.2458 0.0961 0.0057 0.0021 0.0447 0.0404 0.2133 0.0362 3.7572 0.2413 0.2844 0.7942 0.3339 2.6009 0.1884 0.1713 0.2695 0.1245 0.1825 0.0954 0.1589 0.4029
0.4253 1.2549 0.0827 1.4086 0.4989 0.1286 0.0451 0.0094 0.0623 0.7917 0.5969 3.7653 2.6448 1.6137 0.1042 0.0563 0.1249 0.8213 0.0003 0.3006 0.0010 0.0000 0.0001 0.0098 0.0000 0.0000 0.0002 0.0001 0.0002 0.0000 0.0001 0.0000 0.0000 0.0000 0.0000 0.0000 0.0000 0.0474 3.7675 0.0000 0.0000 0.9273 0.8885 0.8163 0.3386 3.1978 1.7355 4.3234 6.3175 4.7229 9.7963 0.7606 1.3241 2.3905 6.8458 5.3361 30.6079 3.7833 1.1892 1.4333 0.8463 2.9538 0.3061 0.3520 0.0460 0.0205 0.2192 0.0529 0.1707 0.1767
0.8517 1.3221 0.1567 5.3963 8.5201 1.4612 1.4297 0.8897 4.0645 1.4276 1.0898 2.2613 0.6328 2.9642 0.2451 0.2548 1.3928 2.9036 0.0965 0.4260 0.0273 0.0235 0.0191 0.5867 0.3618 1.1240 8.5731 0.3380 0.0400 0.1968 0.0139 0.1485 0.0001 0.0101 0.0012 0.0000 0.0000 0.0100 0.0000 0.0001 0.0001 0.0032 0.0006 0.0000 0.0001 0.0000 0.0000 0.0000 0.0000 0.0000 0.0000 0.0725 0.5160 0.0000 0.0000 0.0502 2.1689 0.2536 0.0687 0.1991 0.2088 7.7156 0.5693 1.2521 4.1601 44.5854 3.4543 1.0357 0.6460 1.8993
0.6527 1.5517 0.0487 0.7245 1.6068 0.1235 0.0829 0.0428 0.0247 0.0087 0.0979 0.0927 0.0509 0.0973 0.1104 0.0608 0.5936 2.5178 0.4518 2.1348 0.4344 0.9914 0.6300 0.2425 0.1397 0.1509 0.1463 0.0763 0.0367 0.2004 0.0352 0.1181 0.0090 0.0032 0.0074 0.0118 0.0009 1.5962 31.8064 0.8591 0.3422 14.7000 0.0136 0.0053 0.0027 0.0306 0.0000 0.0030 0.0002 0.0000 0.0000 0.0018 0.0000 0.0000 0.0028 0.0015 0.0017 0.0000 0.0000 0.0000 0.0000 0.0000 0.0000 0.0000 0.0000 0.1771 1.3840 0.0000 0.0000 0.0316
0.0371 0.1192 0.0026 0.1161 0.4602 0.3697 0.1778 0.1758 2.5812 1.9143 28.8665 10.9576 1.1627 1.1992 0.5002 0.1159 0.2072 0.6821 0.0780 0.1026 0.0127 0.0273 0.0019 0.0005 0.0047 0.0069 0.0145 0.0040 0.0269 0.2304 0.0719 0.4936 0.2469 0.0947 1.5623 7.4211 0.4059 0.3004 4.4496 1.0376 0.0494 3.3916 0.1418 0.0345 0.0332 0.0566 0.0192 0.0050 0.0024 0.0004 0.0003 0.0301 0.0540 0.0139 0.3005 0.0339 0.0301 0.0019 0.0005 0.0022 0.0000 0.0062 0.0000 0.0000 0.0000 0.0009 0.0000 0.0000 0.0000 0.0001
0.0001 0.0000 0.0000 0.0000 0.0000 0.0000 0.0000 0.0000 0.0000 6.0678 3.2573 0.0000 0.0000 1.0389 0.2812 0.3188 0.5697 3.1515 1.1650 16.0242 1.4164 5.8127 10.4270 3.6574 14.4776 80.8709 17.5801 1.0420 2.8434 6.0376 0.3046 1.8371 0.4273 0.0453 0.2007 0.7970 0.0054 0.0022 0.5147 0.2746 0.0303 0.7739 0.5411 0.4105 0.9309 6.6987 2.1773 1.8631 6.2676 2.5896 1.3888 0.5339 0.7350 0.5909 1.5423 1.2631 9.5076 0.5740 0.2240 0.2401 0.0505 0.2785 0.0068 0.0031 0.0047 0.9942 0.7162 0.0794 1.0475 0.7038
0.0024 0.0037 0.0001 0.0053 0.0000 0.0012 0.0000 0.0000 0.0000 0.0018 0.0000 0.0000 0.0000 0.0002 0.0000 0.0000 0.0000 0.0000 0.0000 0.0000 0.0000 0.0000 0.0000 0.0723 0.0874 0.0000 0.0000 0.0081 0.0234 0.2472 0.0089 0.1256 0.1062 0.1186 0.3714 2.8040 0.1768 0.0330 3.3788 4.0490 2.8468 5.6782 0.7678 0.1442 0.0584 0.3363 0.0557 0.0132 0.0271 0.0105 0.0006 0.0002 0.0049 0.0044 0.0263 0.0084 1.0524 0.1164 0.1372 0.3807 0.2391 3.0159 0.5123 0.2036 0.7375 0.3408 0.2380 0.0511 0.0815 0.4078
0.1130 0.1649 0.0064 0.0855 0.0676 0.0082 0.0013 0.0003 0.0018 0.0417 0.0314 0.1069 0.0855 0.0809 0.0030 0.0016 0.0036 0.0236 0.0000 0.0086 0.0000 0.0000 0.0000 0.0003 0.0000 0.0000 0.0000 0.0000 0.0000 0.0000 0.0000 0.0000 0.0000 0.0000 0.0000 0.0000 0.0000 0.0148 0.1985 0.0000 0.0000 0.2464 0.1234 0.2293 0.0602 0.8983 0.4875 1.2145 0.8776 0.5657 0.2714 0.0289 0.0503 0.0908 1.1588 6.0538 21.9853 1.0628 0.3361 0.4026 0.2377 0.8297 0.0860 0.0989 0.0129 0.0057 0.0619 0.0149 0.0482 0.0551
1.9312 5.1628 0.6082 21.0717 36.7257 6.2985 0.8915 0.2027 2.7128 2.9689 4.6975 9.7472 2.6446 12.8561 1.0631 1.0391 3.3594 5.4365 0.2122 0.7181 0.0460 0.0398 0.0322 0.1337 0.0824 0.9313 1.9534 0.0770 0.0675 0.3338 0.0237 0.2503 0.0002 0.0170 0.0021 0.0001 0.0000 0.0023 0.0000 0.0001 0.0000 0.0007 0.0004 0.0000 0.0001 0.0000 0.0000 0.0000 0.0000 0.0000 0.0000 0.0165 0.1176 0.0000 0.0000 0.2163 4.1883 1.1344 0.1549 0.8908 0.9342 34.5133 1.2516 2.3881 2.5153 0.4067 1.8920 1.0264 4.5639 21.7252
49.4350 28.5637 0.2561 16.5561 7.3687 0.3391 0.4042 0.1177 0.1881 0.0240 0.2690 0.2547 0.7094 2.5321 3.5007 3.2973 32.2065 136.6051 29.1418 91.0281 2.3538 1.6207 3.4138 2.4973 2.9097 9.0948 8.4937 2.6682 1.2835 11.4229 1.1800 3.0909 0.2760 0.0462 0.0629 0.0996 0.0079 0.0199 0.3164 1.0186 0.1011 0.4390 0.0334 0.0146 0.0075 0.0841 0.0001 0.0083 0.0005 0.0000 0.0000 0.0004 0.0000 0.0000 0.0000 0.0000 0.0016 0.0000 0.0000 0.0000 0.0000 0.0000 0.0000 0.0000 0.0000 0.1681 0.0884 0.0000 0.0000 1.0995
0.0871 0.9755 0.0122 0.9500 3.7649 1.7671 0.4202 0.3606 1.6677 0.1693 0.2281 0.4911 0.3692 5.7678 2.4208 7.8426 2.5796 24.4230 0.6744 0.8393 0.1095 0.2235 0.0186 0.0042 0.0386 0.0572 0.2337 0.0542 0.4336 3.4524 1.0774 7.3972 1.2478 0.2955 0.2759 0.3740 0.0763 0.0948 3.1735 4.8990 0.3356 6.5796 0.3794 0.3919 0.3129 0.9139 0.0449 0.0191 0.0123 0.0019 0.0013 0.0034 0.0048 0.0329 0.1942 0.0105 0.2463 0.0156 0.0042 0.0180 0.0000 0.0505 0.0001 0.0000 0.0000 0.0006 0.0000 0.0000 0.0000 0.0000
0.0005 0.0000 0.0000 0.0000 0.0000 0.0000 0.0000 0.0000 0.0000 0.1958 0.3419 0.0000 0.0000 2.0377 0.2678 1.4756 2.3740 14.4966 19.3652 31.0434 1.3486 4.8016 2.7303 0.2096 0.1585 0.4685 1.3467 2.0186 1.3980 18.3604 39.6070 43.9655 14.7216 0.7535 6.9580 13.2490 0.0910 0.0363 8.6081 4.5646 0.5385 13.6840 9.5682 3.7946 2.9741 10.1992 1.1109 0.5908 0.2526 0.0580 0.0599 0.0687 0.2060 0.5388 4.3551 0.5731 28.5577 5.1770 3.7462 4.2449 0.4027 2.5276 0.1024 0.0475 0.0712 0.0570 0.0410 0.0756 0.2726 0.0900
0.0102 0.0223 0.0006 0.0319 0.0001 0.0073 0.0001 0.0000 0.0000 0.0002 0.0000 0.0000 0.0000 0.0000 0.0000 0.0000 0.0000 0.0000 0.0000 0.0000 0.0000 0.0000 0.0000 0.0006 0.0018 0.0000 0.0000 0.0011 0.0034 0.1688 0.0087 0.0857 0.2620 0.0347 0.0541 0.3567 0.0196 0.0023 0.0791 0.0954 0.0117 1.0464 0.2757 0.3808 0.4323 8.0544 0.2851 0.0326 0.1385 0.0260 0.0032 0.0006 0.0121 0.0109 0.2175 0.0692 8.6577 0.7810 0.3202 0.4233 0.0891 0.6942 0.0151 0.0060 0.0231 0.0320 0.0487 0.0340 0.1682 0.1263
1.0501 5.5037 0.2834 3.9599 1.4111 0.1938 0.0412 0.0085 0.0569 0.0161 0.0121 0.0883 0.0538 0.0328 0.0294 0.0225 0.0499 0.3279 0.0001 0.1200 0.0003 0.0000 0.0000 0.0002 0.0000 0.0000 0.0000 0.0000 0.0001 0.0000 0.0000 0.0000 0.0000 0.0000 0.0000 0.0000 0.0000 0.0026 0.0766 0.0000 0.0000 0.3657 0.0411 0.1823 0.0685 0.7144 2.9766 0.4068 0.2921 0.1895 0.0904 0.0096 0.0168 0.0304 0.2442 0.5020 4.7788 0.6401 2.0021 2.3543 8.9226 5.0661 2.0945 0.6037 0.1034 0.0351 0.3759 0.0908 0.7082 1.2092
4.3492 3.2373 0.1326 2.1762 1.7097 0.2932 0.0415 0.0145 0.1263 0.1382 0.2187 0.6066 0.5034 0.7522 0.4092 0.6317 3.7879 25.5336 0.8486 2.2576 0.0883 0.0759 0.0618 0.0096 0.0059 0.0668 0.1401 0.0055 0.0296 0.4338 0.0308 0.3273 0.0003 0.0222 0.0009 0.0000 0.0000 0.0002 0.0000 0.0000 0.0000 0.0001 0.0002 0.0000 0.0000 0.0000 0.0000 0.0000 0.0000 0.0000 0.0000 0.0012 0.0084 0.0000 0.0000 0.0101 0.2931 0.1897 0.0486 0.1489 1.1992 2.4154 0.0876 0.1682 0.1760 0.0227 0.0200 0.0096 0.0474 0.5946
0.0714 0.3674 0.0582 0.8495 4.0774 17.2536 0.2103 0.7609 1.8062 0.3639 4.0791 3.8867 1.4630 0.8187 0.1617 0.0654 0.2206 0.5962 0.0513 0.1506 0.0056 0.0095 0.0081 0.0050 0.0065 0.0239 0.0511 0.0061 0.0156 0.2195 0.0421 0.2996 0.1178 0.0930 0.5440 0.8606 0.0682 0.0008 0.0127 0.0516 0.0051 0.0223 0.0835 0.2219 0.1143 1.2829 0.0008 0.1256 0.0024 0.0000 0.0001 0.0000 0.0000 0.0000 0.0000 0.0000 0.0089 0.0000 0.0000 0.0000 0.0000 0.0000 0.0000 0.0000 0.0000 0.0010 0.0035 0.0000 0.0000 0.0025
0.0132 0.2068 0.0040 0.2014 6.0900 0.2684 0.0634 0.0548 0.2533 0.0256 0.0236 0.0452 0.0375 0.8705 0.0968 0.1032 2.6913 4.8076 4.1422 1.3576 4.2890 0.3616 0.1294 0.0082 0.0625 0.0925 1.6239 0.3230 0.3490 0.8384 0.0910 0.2941 0.0496 0.0118 0.0110 0.0277 0.0030 0.0038 0.1262 0.1948 0.0265 0.2799 0.0775 0.0964 0.1341 1.5437 0.2672 0.1328 0.0859 0.0134 0.0092 0.0005 0.0007 0.0050 0.0293 0.0016 0.1335 0.0253 0.0068 0.0291 0.0000 0.0817 0.0001 0.0000 0.0000 0.0001 0.0000 0.0000 0.0000 0.0000
0.0000 0.0000 0.0000 0.0000 0.0000 0.0000 0.0000 0.0000 0.0000 0.0017 0.0064 0.0000 0.0000 0.0100 0.0107 0.0587 0.0951 0.5806 1.6375 1.2356 0.0537 0.1923 0.1087 0.0083 0.0063 0.0188 0.0536 0.0803 0.0293 0.4801 0.2028 0.5864 0.6006 0.4459 0.2821 20.4234 0.0538 0.0215 5.0627 2.7012 0.2398 0.9555 0.1555 0.0503 0.0397 0.1819 0.0233 0.0123 0.0076 0.0023 0.0017 0.0014 0.0043 0.0096 0.0581 0.0095 0.3809 0.0691 0.0500 0.1448 0.0436 1.1328 0.0606 0.0281 0.0421 0.0023 0.0016 0.0030 0.0109 0.0036
0.6130 5.7777 0.1536 8.2518 0.0369 1.8912 0.0118 0.0000 0.0063 0.0029 0.0000 0.0000 0.0000 0.0001 0.0039 0.0001 0.0013 0.0000 0.0000 0.0000 0.0000 0.0000 0.0000 0.0102 0.0317 0.0000 0.0000 0.0097 0.0065 0.3261 0.0221 0.1667 1.0758 0.0659 0.1033 0.6767 0.0375 0.0043 0.0835 0.0889 0.0120 1.9973 0.1753 0.1091 0.2817 1.7588 0.7456 3.8734 1.4014 0.7506 21.8953 0.9110 4.0551 3.6430 19.2293 0.9477 16.0225 0.4965 0.2035 0.2675 0.0563 0.4413 0.0095 0.0045 0.0148 0.0205 0.0312 0.0215 0.1062 0.1120
0.0266 0.0893 0.0065 0.3554 0.6965 0.3959 0.5052 0.1047 0.6973 0.0007 0.0005 0.0039 0.0024 0.0014 0.0107 0.5140 0.9073 7.4983 0.0013 1.1559 0.0004 0.0000 0.0004 0.0000 0.0000 0.0000 0.0000 0.0000 0.0001 0.0000 0.0000 0.0000 0.0000 0.0000 0.0000 0.0000 0.0000 0.0000 0.0034 0.0000 0.0000 0.0058 0.0007 0.0031 0.0015 0.0121 0.0504 0.0069 0.0049 0.0032 0.0015 0.0002 0.0003 0.0005 0.0041 0.0085 0.0485 0.0102 0.0164 0.0192 0.0246 1.4167 0.0107 0.0715 0.5144 10.2887 0.6304 0.1523 0.0950 0.0286
0.1234 0.0924 0.0038 0.0805 0.0748 0.0127 0.0026 0.0011 0.0074 0.0060 0.0095 0.0225 0.0144 0.0280 0.0152 0.0180 0.1082 0.7291 0.1333 1.2972 0.3043 0.5914 0.4812 0.0007 0.0004 0.0048 0.0102 0.0004 0.0173 11.9117 0.5214 9.2680 0.0028 0.1996 0.0027 0.0001 0.0004 0.0000 0.0000 0.0000 0.0000 0.0000 0.0005 0.0000 0.0000 0.0000 0.0000 0.0000 0.0000 0.0000 0.0000 0.0001 0.0006 0.0000 0.0000 0.0004 0.6475 0.4190 0.1074 0.3290 2.6489 5.3353 0.1935 0.3715 0.3888 0.0500 0.0442 0.0213 0.1046 1.3134
0.1502 0.7727 0.1224 1.7867 8.5753 10.8135 0.4423 1.6003 10.7221 4.5891 87.5077 49.0193 1.9005 1.0569 0.3422 0.1374 0.4640 1.2538 0.1079 0.3168 0.0119 0.0199 0.0171 0.0105 0.0137 0.0503 0.1075 0.0129 0.0328 0.4617 0.0884 0.6302 0.1521 0.1201 0.6521 1.0317 0.0817 0.0017 0.0267 0.1086 0.0108 0.0468 0.1756 2.8161 1.4502 16.1807 0.0100 1.5845 0.0102 0.0000 0.0012 0.0000 0.0000 0.0000 0.0000 0.0000 0.0333 0.0001 0.0002 0.0000 0.0000 0.0000 0.0000 0.0000 0.0000 0.0021 0.0074 0.0000 0.0000 0.0053
0.0035 0.0554 0.0014 0.0539 1.6313 0.0719 0.0170 0.0146 0.0678 0.0068 0.0063 0.0120 0.0100 0.2332 0.0146 0.0263 0.3478 0.6175 0.2764 6.0055 0.0449 0.6779 0.5515 0.1807 1.6574 6.2737 0.3254 0.0117 0.0220 0.0806 0.0087 0.0380 0.0075 0.0018 0.0024 0.0074 0.0006 0.0006 0.0190 0.0252 0.0025 0.0338 0.0074 0.0093 0.0130 0.0968 0.0152 0.0266 0.0670 0.0104 0.0071 0.0001 0.0002 0.0013 0.0078 0.0004 0.2867 0.6703 0.1794 0.7768 0.0009 2.1666 0.0007 0.0000 0.0006 0.0000 0.0000 0.0000 0.0000 0.0000
0.0011 0.0001 0.0000 0.0000 0.0000 0.0000 0.0000 0.0000 0.0000 0.0017 0.0064 0.0000 0.0000 0.0057 0.0095 0.0526 0.0851 0.5197 1.4660 1.1062 0.0481 0.1722 0.0973 0.0075 0.0063 0.0208 0.0540 0.0719 0.1338 0.9419 0.2412 1.9810 1.3006 0.6503 2.3776 7.0192 0.5562 0.0526 4.5605 2.4183 7.1262 18.0855 1.7093 0.3610 0.2847 0.9764 0.1057 0.0562 0.0242 0.0032 0.0057 0.0066 0.0198 0.0513 0.4143 0.0716 3.5435 0.4926 0.3564 1.5815 0.8253 21.4419 0.7001 0.3227 0.4833 0.0020 0.0015 0.0027 0.0098 0.0032
0.0240 0.3794 0.0081 0.5418 0.0014 0.0739 0.0005 0.0000 0.0002 0.0001 0.0000 0.0000 0.0000 0.0000 0.0002 0.0000 0.0001 0.0000 0.0000 0.0000 0.0000 0.0000 0.0000 0.0007 0.0012 0.0000 0.0000 0.0021 0.0016 0.0823 0.0043 0.0421 0.2715 0.0166 0.0261 0.1708 0.0094 0.0011 0.0516 0.0523 0.0064 0.5565 0.1512 0.0947 0.1752 1.5269 0.5685 0.1119 1.0426 0.0547 0.0376 0.0033 0.0256 0.0230 2.5848 10.6128 12.2933 0.8989 0.2950 0.3556 0.0863 0.6679 0.0197 0.0140 0.0544 0.0755 0.1141 0.0449 0.2786 0.4127
0.3121 0.8447 0.0611 4.9943 8.1832 0.9930 0.1571 0.0326 0.2168 0.0006 0.0004 0.0031 0.0019 0.0012 0.0011 0.0059 0.0105 0.0861 0.0000 0.0188 0.0000 0.0000 0.0000 0.0000 0.0000 0.0000 0.0000 0.0000 0.0000 0.0000 0.0000 0.0000 0.0000 0.0000 0.0000 0.0000 0.0000 0.0005 0.0027 0.0000 0.0000 0.0680 0.0077 0.0343 0.0129 0.1344 0.3253 0.0765 0.0553 0.0357 0.0170 0.0018 0.0079 0.0161 0.1175 0.1271 6.2161 0.5642 0.5458 1.8228 0.6327 0.5536 0.2420 0.0656 0.0567 0.0060 0.0411 0.0099 0.3904 0.6665
10.3554 4.5035 0.1845 3.0274 2.3785 0.4079 0.0577 0.0102 0.1757 0.1923 0.3042 0.8439 0.7003 1.0464 0.5693 0.8788 5.3022 15.0528 0.5003 1.3309 0.0517 0.0448 0.0362 0.0019 0.0012 0.0134 0.0282 0.0011 0.0059 0.0507 0.0036 0.0380 0.0000 0.0026 0.0002 0.0000 0.0000 0.0000 0.0000 0.0000 0.0000 0.0000 0.0000 0.0000 0.0000 0.0000 0.0000 0.0000 0.0000 0.0000 0.0000 0.0009 0.0017 0.0000 0.0000 0.0141 0.1200 0.0695 0.0136 0.0546 0.2081 0.9891 0.0359 0.0684 0.0721 0.0092 0.0350 0.0191 0.0849 0.5605
0.5968 1.2158 0.0662 4.2787 1.9043 0.0558 0.1045 0.0195 0.0486 0.0040 0.0443 0.0422 0.1833 1.3732 0.9047 3.8941 8.1705 13.9780 0.8050 2.3349 0.0348 0.0459 0.0967 0.0805 0.1042 0.5207 1.8810 0.1595 0.5080 9.1418 0.9800 1.6762 0.1858 0.0311 0.0325 0.0517 0.0041 0.0003 0.0053 0.0217 0.0022 0.0094 0.0039 0.0024 0.0012 0.0139 0.0000 0.0014 0.0001 0.0000 0.0000 0.0000 0.0000 0.0000 0.0000 0.0000 0.0002 0.0000 0.0000 0.0000 0.0000 0.0000 0.0000 0.0000 0.0000 0.0050 0.0015 0.0000 0.0000 0.0437
0.0047 0.0528 0.0007 0.0514 0.3200 0.0957 0.0226 0.0194 0.0903 0.0091 0.0362 0.0779 0.0585 0.7145 0.3839 0.2755 0.4298 3.4231 0.1421 0.0713 0.0245 0.0190 0.0058 0.0004 0.0033 0.0049 0.0727 0.0282 0.1348 3.2631 1.1035 2.8200 0.3716 0.0874 0.0460 0.1114 0.0229 0.0284 0.9450 1.7342 0.2964 2.6030 0.3350 0.3461 0.2646 0.4774 0.0342 0.0128 0.0061 0.0010 0.0007 0.0002 0.0003 0.0018 0.0104 0.0006 0.0148 0.0013 0.0004 0.0015 0.0000 0.0043 0.0000 0.0000 0.0000 0.0000 0.0000 0.0000 0.0000 0.0000
0.0000 0.0000 0.0000 0.0000 0.0000 0.0000 0.0000 0.0000 0.0000 0.0042 0.0013 0.0000 0.0000 0.0448 0.0029 0.0113 0.0118 0.1122 0.0415 0.3334 0.0146 0.0519 0.0293 0.0023 0.0074 0.0246 0.0633 0.0502 0.1570 1.0259 0.0242 0.3122 0.0297 0.0016 0.0148 0.0284 0.0006 0.0001 0.0183 0.0098 0.0052 0.2014 0.0919 0.1677 0.3802 3.0770 0.2342 0.1230 0.0298 0.0071 0.0126 0.0145 0.0434 0.1342 0.5923 0.1334 1.5001 0.2246 0.0893 0.0621 0.0086 0.0473 0.0011 0.0005 0.0008 0.0006 0.0004 0.0008 0.0029 0.0010
0.0187 0.0286 0.0008 0.0409 0.0002 0.0094 0.0002 0.0000 0.0000 0.0011 0.0000 0.0000 0.0000 0.0000 0.0001 0.0000 0.0001 0.0000 0.0000 0.0000 0.0000 0.0000 0.0000 0.0456 0.0118 0.0000 0.0000 0.1342 0.0275 0.5815 0.0209 0.2955 0.2499 0.2789 0.4348 2.8651 0.1577 0.0222 2.2824 2.7183 0.3328 21.4913 5.8405 1.5313 0.2626 3.5708 0.2176 0.0311 0.1125 0.0248 0.0041 0.0005 0.0115 0.0104 0.2789 0.1567 11.1051 2.3205 2.7353 7.6371 13.4561 84.4508 0.8741 0.6208 2.4069 3.1006 4.6870 2.0996 3.3694 8.8644
2.3536 6.5293 0.2546 1.5359 1.4081 0.1709 0.0270 0.0056 0.0373 0.0268 0.0202 0.1207 0.0735 0.0446 0.0068 0.0036 0.0081 0.0532 0.0000 0.0195 0.0001 0.0000 0.0000 0.0003 0.0000 0.0000 0.0000 0.0000 0.0000 0.0000 0.0000 0.0000 0.0000 0.0000 0.0000 0.0000 0.0000 0.0429 0.1277 0.0000 0.0000 5.1323 0.0362 0.0673 0.0177 0.2637 0.1440 0.3587 0.2576 0.1671 0.0797 0.0167 0.1524 0.3114 2.2660 1.1322 77.3086 2.1040 0.1887 0.9834 0.1165 0.2451 0.0448 0.0292 0.0105 0.0017 0.0182 0.0044 0.0719 0.2437
0.0984 0.4911 0.0579 2.0046 10.7524 4.1162 0.1917 0.0612 1.0552 1.0397 1.1286 1.9101 0.5182 2.5193 0.2083 0.2036 0.6583 0.4832 0.0416 0.0859 0.0025 0.0022 0.0017 0.0016 0.0010 0.0055 0.0116 0.0005 0.0004 0.0020 0.0001 0.0015 0.0000 0.0001 0.0000 0.0000 0.0000 0.0000 0.0000 0.0000 0.0000 0.0000 0.0000 0.0000 0.0000 0.0000 0.0000 0.0000 0.0000 0.0000 0.0000 0.0050 0.0014 0.0000 0.0000 0.0424 0.0652 0.0088 0.0012 0.0069 0.0073 0.2691 0.0195 0.0431 0.0942 0.0269 0.2808 0.0678 0.3016 0.1177
13.8183 9.1464 0.0815 5.3014 2.3595 0.1563 0.1286 0.0546 0.0599 0.0111 0.1240 0.1182 0.2271 1.9371 1.1210 1.1301 10.8353 45.9582 18.6378 88.0607 72.8224 28.7594 60.2039 16.0918 9.6224 11.1948 11.2593 7.0209 3.3774 9.2955 1.2293 1.4605 0.7262 0.1224 0.1278 0.2021 0.0160 0.0784 1.2438 0.9437 0.2251 1.5067 0.0155 0.0067 0.0035 0.0388 0.0000 0.0038 0.0002 0.0000 0.0000 0.0009 0.0000 0.0000 0.0001 0.0001 0.0011 0.0000 0.0000 0.0000 0.0000 0.0000 0.0000 0.0000 0.0000 2.9826 0.3474 0.0000 0.0000 2.9110
0.0077 0.0249 0.0005 0.0243 0.0962 0.0773 0.0372 0.0368 0.5398 0.1074 1.3292 1.1193 0.2734 0.2508 0.1364 0.0341 0.0433 0.2004 0.0164 0.0215 0.0026 0.0057 0.0004 0.0001 0.0010 0.0015 0.0043 0.0042 0.0078 0.1294 0.0397 0.2722 0.2541 0.0974 0.8616 13.2344 0.4282 0.1795 2.6592 1.0946 0.0524 3.5779 0.1496 0.0364 0.0350 0.0439 0.0142 0.0053 0.0025 0.0004 0.0003 0.0021 0.0030 0.0029 0.0628 0.0052 0.0063 0.0004 0.0001 0.0005 0.0000 0.0013 0.0000 0.0000 0.0000 0.0002 0.0000 0.0000 0.0000 0.0000
0.0000 0.0000 0.0000 0.0000 0.0000 0.0000 0.0000 0.0000 0.0000 1.4591 0.0773 0.0000 0.0000 0.4633 0.0133 0.0155 0.0178 0.1521 0.0562 0.7733 0.0675 0.2771 0.3266 0.0563 0.5036 0.7455 1.9292 0.0956 0.3897 0.8803 0.0209 0.2678 0.0254 0.0022 0.0128 0.0385 0.0005 0.0001 0.0248 0.0132 0.0045 0.4847 0.0789 0.1152 0.2564 1.8566 1.1192 0.9577 3.8776 0.9303 2.2106 0.6089 0.8382 0.5955 1.6843 1.4403 10.8419 0.3848 0.1922 0.0929 0.0576 0.3196 0.0078 0.0036 0.0054 0.0153 0.0110 0.0038 0.0328 0.0167
0.0009 0.0014 0.0000 0.0020 0.0000 0.0005 0.0000 0.0000 0.0000 0.0004 0.0000 0.0000 0.0000 0.0000 0.0000 0.0000 0.0000 0.0000 0.0000 0.0000 0.0000 0.0000 0.0000 0.2062 0.0107 0.0000 0.0000 0.0734 0.0029 0.0611 0.0022 0.0313 0.0263 0.0293 0.0457 0.3125 0.0346 0.0128 3.7943 1.1328 0.1387 2.2730 0.7076 0.1610 0.0276 0.3753 0.0230 0.0033 0.0118 0.0026 0.0004 0.0001 0.0012 0.0011 0.0297 0.0401 1.1745 0.2500 0.2893 0.8028 0.8471 10.6839 0.7786 0.5810 2.1442 6.4779 3.8295 0.3920 0.6816 3.5597
10.9215 9.3701 0.4707 2.8045 8.7354 0.7930 0.1254 0.0262 0.1731 0.1426 0.1360 0.1475 0.1875 0.1762 0.0083 0.0045 0.0099 0.0651 0.0000 0.0238 0.0001 0.0000 0.0000 0.0007 0.0000 0.0000 0.0000 0.0000 0.0000 0.0000 0.0000 0.0000 0.0000 0.0000 0.0000 0.0000 0.0000 0.8993 0.8581 0.0000 0.0000 23.8162 0.0852 0.1583 0.0416 0.6203 0.3387 0.8439 0.6060 0.3931 0.1874 0.0595 1.5788 0.8287 6.0312 2.6632 130.2726 4.9799 0.4440 2.3275 0.2741 0.5765 0.1055 0.0687 0.0250 0.0040 0.0428 0.0103 0.1712 1.4037
0.0928 0.4773 0.0552 1.9125 6.9088 1.4261 0.4562 0.1475 2.4960 5.0351 9.9504 3.2367 0.9458 9.1260 0.7546 0.2281 0.9442 0.6930 0.2001 0.3129 0.0091 0.0078 0.0064 0.0018 0.0014 0.0052 0.0110 0.0006 0.0004 0.0019 0.0001 0.0014 0.0000 0.0001 0.0000 0.0000 0.0000 0.0000 0.0000 0.0000 0.0000 0.0000 0.0000 0.0000 0.0000 0.0000 0.0000 0.0000 0.0000 0.0000 0.0000 0.0231 0.0020 0.0000 0.0000 0.1545 0.1228 0.0379 0.0047 0.0297 0.0314 1.0115 0.0367 0.0704 0.0737 0.0094 0.0760 0.0217 0.0964 0.6367
0.5121 0.6287 0.0056 0.3644 0.1622 0.0064 0.0088 0.0022 0.0041 0.0004 0.0050 0.0048 0.0155 0.1340 0.0771 0.1620 1.5822 6.6698 1.4228 4.1269 0.1074 0.1414 0.2979 0.2466 0.3211 2.0929 1.7168 0.4737 0.2279 1.3325 0.1376 0.1635 0.0493 0.0083 0.0086 0.0136 0.0011 0.0003 0.0041 0.0168 0.0017 0.0072 0.0006 0.0003 0.0001 0.0016 0.0000 0.0002 0.0000 0.0000 0.0000 0.0000 0.0000 0.0000 0.0000 0.0000 0.0000 0.0000 0.0000 0.0000 0.0000 0.0000 0.0000 0.0000 0.0000 0.0155 0.0012 0.0000 0.0000 0.1298
0.0043 0.0486 0.0006 0.0473 0.2765 0.0880 0.0209 0.0179 0.0830 0.0084 0.0738 0.0766 0.0576 0.7074 0.3801 0.2549 0.3738 2.9769 0.1228 0.0616 0.0212 0.0164 0.0050 0.0003 0.0028 0.0042 0.0628 0.0440 0.1165 2.8378 0.8802 2.6087 0.7578 0.1783 0.1793 0.4372 0.0891 0.1108 3.6866 7.0644 1.3163 10.6692 1.3732 0.7938 0.5958 0.7466 0.1292 0.0483 0.0234 0.0036 0.0025 0.0002 0.0002 0.0016 0.0097 0.0005 0.0128 0.0011 0.0003 0.0013 0.0000 0.0037 0.0000 0.0000 0.0000 0.0000 0.0000 0.0000 0.0000 0.0000
0.0000 0.0000 0.0000 0.0000 0.0000 0.0000 0.0000 0.0000 0.0000 0.0114 0.0008 0.0000 0.0000 0.1273 0.0014 0.0032 0.0036 0.0317 0.0117 0.1599 0.0070 0.0249 0.0141 0.0019 0.0160 0.0248 0.0641 0.0268 0.0836 0.2893 0.0073 0.0880 0.0089 0.0005 0.0045 0.0080 0.0002 0.0000 0.0052 0.0027 0.0020 0.2210 0.0278 0.0525 0.1120 0.7165 0.2571 0.1350 0.1242 0.0296 0.0526 0.0607 0.1810 0.2600 0.7679 0.9872 4.9128 0.1744 0.0876 0.0421 0.0263 0.1448 0.0035 0.0016 0.0024 0.0005 0.0004 0.0004 0.0014 0.0005
0.0007 0.0011 0.0000 0.0016 0.0000 0.0004 0.0000 0.0000 0.0000 0.0001 0.0000 0.0000 0.0000 0.0000 0.0000 0.0000 0.0000 0.0000 0.0000 0.0000 0.0000 0.0000 0.0000 0.0263 0.0013 0.0000 0.0000 0.0834 0.0010 0.0305 0.0016 0.0156 0.0477 0.0100 0.0157 0.1032 0.0057 0.0011 0.2485 0.1384 0.0169 0.7744 0.2118 0.0893 0.0787 0.8057 0.0653 0.0059 0.0337 0.0047 0.0016 0.0001 0.0022 0.0020 0.1091 0.1473 3.3292 0.9186 0.4732 0.5704 0.2647 2.0369 0.0952 0.0672 0.2620 0.3613 0.5495 0.2109 1.1715 1.9757
1.8836 1.4194 0.0709 0.4248 0.9898 0.1201 0.0190 0.0039 0.0262 0.0007 0.0005 0.0021 0.0013 0.0009 0.0004 0.0003 0.0007 0.0048 0.0000 0.0018 0.0000 0.0000 0.0000 0.0000 0.0000 0.0000 0.0000 0.0000 0.0000 0.0000 0.0000 0.0000 0.0000 0.0000 0.0000 0.0000 0.0000 0.0024 0.0031 0.0000 0.0000 0.3603 0.0011 0.0043 0.0016 0.0169 0.0333 0.0105 0.0076 0.0049 0.0023 0.0003 0.0025 0.0040 0.0289 0.0315 1.5394 0.1242 0.0685 0.3234 0.0423 0.0567 0.0163 0.0068 0.0038 0.0004 0.0042 0.0010 0.0261 0.1734
0.3797 3.2419 0.1083 1.6102 2.1518 0.3645 0.0341 0.0108 0.1866 0.2030 0.3232 1.0397 1.0911 1.4319 0.7838 1.9470 5.0088 3.6764 0.2548 0.5295 0.0154 0.0132 0.0108 0.0002 0.0002 0.0017 0.0036 0.0001 0.0007 0.0049 0.0003 0.0037 0.0000 0.0002 0.0000 0.0000 0.0000 0.0000 0.0000 0.0000 0.0000 0.0000 0.0000 0.0000 0.0000 0.0000 0.0000 0.0000 0.0000 0.0000 0.0000 0.0009 0.0002 0.0000 0.0000 0.0160 0.0267 0.0173 0.0034 0.0135 0.0515 0.2202 0.0080 0.0152 0.0160 0.0021 0.0078 0.0026 0.0116 0.0771
0.1827 0.3792 0.0364 1.5100 1.0485 0.0307 0.0575 0.0107 0.0268 0.0022 0.0245 0.0232 0.1009 1.2392 0.5012 0.8384 2.2802 4.1495 0.5077 1.4726 0.0324 0.0427 0.0900 0.0749 0.0970 0.3786 1.3674 0.1485 0.4728 6.6459 1.8330 1.5127 0.2414 0.0404 0.0422 0.0672 0.0053 0.0002 0.0026 0.0108 0.0011 0.0046 0.0022 0.0013 0.0007 0.0077 0.0000 0.0008 0.0000 0.0000 0.0000 0.0000 0.0000 0.0000 0.0000 0.0000 0.0001 0.0000 0.0000 0.0000 0.0000 0.0000 0.0000 0.0000 0.0000 0.0051 0.0007 0.0000 0.0000 0.0407
0.0114 0.1791 0.0035 0.1744 5.2750 0.2324 0.0549 0.0474 0.2194 0.0221 0.0424 0.0913 0.0686 0.8375 0.4500 0.3479 2.7884 14.1472 3.5878 1.1759 0.6195 0.3132 0.1462 0.0093 0.0541 0.0801 1.8345 2.1612 1.4423 8.1773 0.7105 2.0930 0.4095 0.0958 0.0757 0.1834 0.0376 0.0465 1.5559 2.1893 0.3741 4.4752 1.2389 1.5405 2.1445 53.7402 1.7991 0.6729 0.3234 0.0507 0.0346 0.0004 0.0006 0.0043 0.0255 0.0014 0.1156 0.0219 0.0059 0.0254 0.0000 0.0707 0.0001 0.0000 0.0000 0.0001 0.0000 0.0000 0.0000 0.0000
0.0000 0.0000 0.0000 0.0000 0.0000 0.0000 0.0000 0.0000 0.0000 0.0037 0.0016 0.0000 0.0000 0.0377 0.0004 0.0023 0.0037 0.0225 0.0635 0.0479 0.0021 0.0075 0.0042 0.0003 0.0035 0.0038 0.0097 0.0041 0.0127 0.0762 0.0195 0.1602 0.0929 0.0128 0.1647 0.1379 0.0109 0.0010 0.0891 0.0475 0.0892 9.6796 0.1221 0.0893 0.0564 0.1751 0.0391 0.0205 0.0189 0.0045 0.0080 0.0122 0.0365 0.0397 0.3590 0.0998 4.9403 0.2857 0.2080 0.6530 2.6163 6.3819 0.1549 0.0714 0.1076 0.0001 0.0001 0.0001 0.0004 0.0001
0.0938 1.4943 0.0316 2.1342 0.0056 0.2893 0.0018 0.0000 0.0010 0.0010 0.0000 0.0000 0.0000 0.0000 0.0006 0.0000 0.0002 0.0000 0.0000 0.0000 0.0000 0.0000 0.0000 0.2934 0.0106 0.0000 0.0000 0.5814 0.0338 1.6972 0.0878 0.8676 5.5990 0.3428 0.5377 3.5217 0.1938 0.0224 2.0222 1.1266 0.1379 10.3948 1.7235 1.0403 1.9359 16.7680 7.1080 7.9818 13.3612 3.9063 2.6654 0.2342 1.8173 1.6326 183.3297 52.8624 153.7027 12.7163 4.1735 4.9995 2.1676 16.6798 0.7744 0.5500 2.1458 2.9585 4.5000 1.7274 9.5346 16.1787
0.8657 1.2099 0.0875 3.4089 22.6980 22.3567 2.4114 0.4998 3.3075 0.0008 0.0006 0.0045 0.0028 0.0017 0.0053 0.0296 0.0523 0.4296 0.0001 0.0936 0.0001 0.0000 0.0000 0.0000 0.0000 0.0000 0.0000 0.0000 0.0000 0.0000 0.0000 0.0000 0.0000 0.0000 0.0000 0.0000 0.0000 0.0014 0.0039 0.0000 0.0000 0.1885 0.0014 0.0062 0.0030 0.0242 0.1007 0.0138 0.0099 0.0064 0.0031 0.0003 0.0012 0.0011 0.0083 0.0170 0.2998 0.0272 0.0327 0.0879 0.0720 4.9651 0.1007 0.1429 0.7832 0.0827 0.2100 0.0507 0.8942 1.1705
0.1378 0.2061 0.0068 0.1005 0.1637 0.0276 0.0084 0.0027 0.0459 0.0499 0.0795 0.1204 0.1123 0.3522 0.1928 0.0949 0.5692 2.7148 1.6860 19.3877 6.9213 4.0337 3.2617 0.0002 0.0001 0.0011 0.0024 0.0001 0.0041 0.3228 0.0182 0.2435 0.0001 0.0070 0.0003 0.0000 0.0000 0.0000 0.0000 0.0000 0.0000 0.0000 0.0001 0.0000 0.0000 0.0000 0.0000 0.0000 0.0000 0.0000 0.0000 0.0003 0.0001 0.0000 0.0000 0.0039 0.0072 0.0046 0.0012 0.0036 0.0293 0.0590 0.0022 0.0041 0.0043 0.0006 0.0010 0.0003 0.0012 0.0146
0.0120 0.0263 0.0032 0.1053 0.3239 0.4886 0.0646 0.0415 0.9979 0.1878 0.2209 0.2105 0.6275 1.5178 0.0652 0.0344 0.0929 0.1701 0.0257 0.0745 0.0041 0.0055 0.0115 0.0096 0.0124 0.0291 0.0942 0.0191 0.0604 0.2707 0.0519 0.4029 0.5690 0.5309 4.6086 47.9688 2.3189 0.0000 0.0007 0.0028 0.0003 0.0012 0.0045 0.0895 0.0430 0.4715 0.0001 0.0096 0.0001 0.0000 0.0000 0.0000 0.0000 0.0000 0.0000 0.0000 0.0005 0.0000 0.0000 0.0000 0.0000 0.0000 0.0000 0.0000 0.0000 0.0007 0.0002 0.0000 0.0000 0.0052
0.0013 0.0209 0.0005 0.0204 0.6165 0.0272 0.0064 0.0055 0.0256 0.0026 0.0051 0.0050 0.0038 0.0881 0.0171 0.0132 0.1314 0.5373 0.1542 3.9818 0.0968 0.2562 0.7579 0.1086 0.1044 0.1537 1.5765 0.2480 0.0616 0.2956 0.0257 0.0757 0.0263 0.0061 0.0123 0.0299 0.0061 0.0076 0.2539 0.2152 0.0327 0.7301 0.2021 0.0802 0.1116 0.9087 0.8337 1.7255 6.9006 4.3395 6.9015 0.0001 0.0001 0.0005 0.0030 0.0002 0.1090 0.3125 0.0782 0.3322 0.0001 0.1918 0.0001 0.0000 0.0000 0.0000 0.0000 0.0000 0.0000 0.0000
0.0006 0.0000 0.0000 0.0000 0.0000 0.0000 0.0000 0.0000 0.0000 0.0202 0.0061 0.0000 0.0000 0.2030 0.4804 0.1695 1.0676 1.6752 0.4989 6.8617 0.6065 2.4891 4.4649 12.8696 1.5068 3.5013 1.2709 0.4462 0.2056 1.5676 0.1304 0.3866 0.1818 0.0194 0.0859 0.3413 0.0023 0.0009 0.2204 0.1169 0.0104 0.1422 0.0821 0.0362 0.0820 0.5938 0.1574 0.1347 0.4559 0.1872 0.1004 0.0423 0.0562 0.0469 0.1277 0.0913 0.6873 0.0484 0.0321 0.0438 0.0042 0.0490 0.0026 0.0012 0.0018 203.6881 52.3041 0.1357 2.0625 63.4083
0.0195 0.0077 0.0002 0.0111 0.0000 0.0026 0.0002 0.0000 0.0000 0.2183 0.0000 0.0001 0.0061 0.0371 0.0002 0.0000 0.0011 0.0001 0.0000 0.0000 0.0000 0.0000 0.0000 0.0349 0.2333 0.0000 0.0000 0.0029 0.0455 0.2213 0.0300 0.1131 0.0957 0.1068 0.3387 2.5567 0.4466 2.4151 7.3149 4.8447 0.0832 3.2177 0.1289 0.0869 0.0526 0.1643 0.0502 0.0119 0.0243 0.0095 0.0006 0.0002 0.0044 0.0040 0.0210 0.0036 0.3706 0.0238 0.0281 0.0783 0.0401 0.5062 0.0865 0.1052 0.1238 0.0793 0.0534 0.0094 0.0157 0.0684
0.0008 0.0013 0.0001 0.0015 0.0005 0.0001 0.0000 0.0000 0.0001 2.0800 9.4631 0.0085 0.0247 1.9347 0.0002 0.0001 0.0001 0.0009 0.0000 0.0003 0.0000 0.0000 0.0000 0.0014 0.0000 0.0000 0.0010 0.0004 0.0000 0.0000 0.0000 0.0000 0.0000 0.0000 0.0000 0.0000 0.0000 0.0005 0.0934 0.0000 0.0000 0.0017 2.4830 0.0843 0.0494 0.3301 0.0196 0.0726 0.2106 0.0463 0.0221 0.0027 0.0041 0.0074 0.0590 0.0607 0.3462 0.0431 0.0135 0.0162 0.0096 0.0336 0.0035 0.0040 0.0005 0.0002 0.0025 0.0006 0.0019 0.0020
0.0312 0.0488 0.0057 0.1990 0.3123 0.0536 0.0218 0.0090 0.0624 0.0253 0.0399 0.0829 0.0233 0.1093 0.0090 0.0093 0.0514 0.1064 0.0035 0.0156 0.0010 0.0009 0.0007 0.0236 0.0077 18.1918 1.5370 0.0216 0.0202 0.0073 0.0005 0.0054 0.0000 0.0004 0.0006 0.0000 0.0000 0.0018 0.0000 0.0000 0.0000 0.0002 0.0002 0.0000 0.0000 0.0000 0.0000 0.0000 0.0000 0.0000 0.0000 0.0007 0.0052 0.0000 0.0000 0.0018 11.3353 0.4724 0.4192 0.3710 0.0703 2.5813 0.3532 0.4189 1.3918 0.2236 0.1582 0.0763 0.1327 0.6354
0.3548 1.0667 0.0335 0.5012 1.1114 0.0849 0.0570 0.0296 0.0170 0.0060 0.0673 0.0642 0.0350 0.0669 0.0764 0.0418 0.4081 1.7308 0.2549 0.7439 0.1346 0.3476 0.1940 0.0519 0.0322 0.1037 0.1005 0.0304 0.0146 0.1386 0.0242 0.0812 0.0062 0.0022 0.0051 0.0081 0.0006 0.1352 1.2837 9.2822 16.6881 7.3290 0.1704 0.0037 0.0019 0.0210 0.0000 0.0021 0.0023 0.0000 0.0000 0.0198 0.0000 0.0000 0.0005 0.0003 0.0218 0.0000 0.0004 0.0000 0.0000 0.0000 0.0000 0.0000 0.0000 0.0361 0.1302 0.0000 0.0000 0.0126
0.1270 0.1279 0.0107 0.1238 0.2472 0.1998 0.0961 0.0950 1.3951 1.7491 0.2730 0.5068 0.1136 0.6482 0.0406 0.0430 0.1120 0.2038 0.0421 0.0554 0.0068 0.0147 0.0010 0.0003 0.0026 0.0038 0.0071 0.0009 0.0058 0.0290 0.0090 0.0621 0.0208 0.0050 0.0496 0.2355 0.0128 0.0051 0.0785 0.0614 0.0028 0.1076 0.0045 0.0033 0.0042 0.0148 0.0007 0.0006 0.0006 0.0001 0.0001 1.2038 1.4113 0.0477 1.4555 34.5328 0.1111 0.0010 0.0003 0.0012 0.0000 0.0033 0.0001 0.0000 0.0000 0.0651 0.0000 0.0000 0.0030 0.0099
0.0001 0.0000 0.0000 0.0000 0.0000 0.0000 0.0000 0.0000 0.0000 0.0074 0.0380 0.0000 0.0000 0.0025 0.0391 0.3639 4.8103 3.5967 0.1457 0.3300 0.0196 0.0510 0.0290 0.0025 0.0017 0.0050 0.0142 0.0215 0.0078 0.1282 0.0383 0.1102 0.0534 0.0457 0.0253 0.3428 0.0055 0.0022 0.5223 0.2770 0.0105 0.0418 0.0240 0.0095 0.0075 0.0486 0.0062 0.0033 0.0020 0.0006 0.0004 0.0004 0.0011 0.0026 0.0109 0.0025 0.0715 0.0130 0.0094 0.0129 0.0019 0.0492 0.0062 0.0029 0.0043 0.0024 0.0009 0.0110 0.0587 0.0066
55.6266 0.0967 0.0026 0.1381 0.0010 0.0317 0.0306 0.0001 0.0004 0.0102 0.0000 0.0001 0.0000 0.0001 0.0488 0.0013 0.0166 0.0006 0.0000 0.0002 0.0000 0.0000 0.0000 0.0004 0.0014 0.0000 0.0000 0.0004 0.0026 0.1298 0.0088 0.0664 0.4282 0.0262 0.0409 0.2693 0.0148 0.0017 0.0332 0.0354 0.0048 0.7900 0.0250 0.0365 0.1114 0.3398 0.2247 0.8787 0.1092 0.2969 0.6045 0.3537 1.9666 1.7667 1.1209 0.0552 0.9633 0.0454 0.0185 0.0329 0.0081 0.0634 0.0020 0.0018 0.0028 0.0029 0.0044 0.0026 0.0097 0.0098
0.0049 0.0216 0.0016 0.0560 0.1078 0.0609 0.0777 0.0457 0.3027 0.0007 0.0006 0.0041 0.0025 0.0015 0.0112 12.1410 5.0498 56.1400 0.0053 4.6663 0.0018 0.0000 0.0014 0.0000 0.0000 0.0000 0.0000 0.0000 0.0003 0.0001 0.0000 0.0000 0.0000 0.0000 0.0000 0.0000 0.0000 0.0000 0.0035 0.0000 0.0000 0.0020 0.0008 0.0034 0.0027 0.0133 0.0556 0.0076 0.0055 0.0035 0.0017 0.0002 0.0003 0.0006 0.0046 0.0094 0.0535 0.0114 0.0180 0.0212 0.0271 1.5632 0.0098 0.0789 0.2807 0.1532 0.6998 0.1680 0.0518 0.0156
