20.0666 1.3347 0.0404 1.2997 0.5609 0.6690 0.6347 0.1870 0.8652 0.1000 0.0807 0.1535 0.1258 1.4616 0.0915 0.0969 0.2525 0.4623 0.0956 0.1250 0.0155 0.0333 0.0023 0.0006 0.0057 0.0085 0.0160 0.0020 0.0131 0.0654 0.0204 0.1400 0.0472 0.0112 0.0302 0.0948 0.0078 0.0036 0.1200 0.1386 0.0064 0.2119 0.0089 0.0074 0.0094 0.0335 0.0016 0.0013 0.0014 0.0002 0.0002 0.0069 0.0052 4.1931 1.7916 0.0343 0.5034 0.0023 0.0006 0.0027 0.0000 0.0075 0.0003 0.0000 0.0000 0.0053 0.0000 0.0000 0.0000 0.0000
0.0003 0.0000 0.0000 0.0000 0.0000 0.0000 0.0000 0.0000 0.0000 0.0093 0.0350 0.0000 0.0000 0.0153 0.6354 17.8815 5.5980 87.9525 1.3930 8.0699 0.3506 1.2559 0.7098 0.0545 0.0415 0.1225 0.3501 0.5248 0.1912 3.1360 0.3665 1.0533 0.5109 0.0542 0.2415 0.9531 0.0065 0.0026 0.6192 0.3283 0.0293 0.3995 0.2292 0.0909 0.1651 1.1878 0.1519 0.0803 0.0500 0.0152 0.0110 0.0094 0.0282 0.0627 0.2555 0.0624 0.6842 0.1240 0.0903 0.1232 0.0117 0.1377 0.0074 0.0034 0.0051 0.0185 0.0107 0.1806 0.3946 0.0465
0.1364 0.0091 0.0002 0.0130 0.0001 0.0030 0.0013 0.0000 0.0000 0.0016 0.0000 0.0000 0.0000 0.0000 0.0004 0.0000 0.0004 0.0000 0.0000 0.0000 0.0000 0.0000 0.0000 0.0009 0.0027 0.0000 0.0000 0.0008 0.0370 1.1765 2.6666 0.6015 0.0561 0.0272 0.0584 0.1881 0.0165 0.0024 0.0366 0.0391 0.0033 0.5552 0.0176 0.0234 0.0308 0.0940 0.0294 0.0091 0.0143 0.0056 0.0004 0.0002 0.0034 0.0031 0.0123 0.0021 0.2173 0.0126 0.0076 0.0211 0.0056 0.0443 0.0014 0.0020 0.0020 0.0020 0.0031 0.0017 0.0042 0.0069
0.0365 0.1599 0.0116 0.1969 0.0702 0.0180 0.0083 0.0017 0.0114 0.0960 0.0393 1.5510 1.6788 0.3454 2.7764 0.0103 0.0373 0.1497 0.0004 0.0898 0.0258 0.0004 0.0002 0.0219 0.0000 0.0002 0.0004 0.0001 0.0078 0.0012 0.0028 0.0003 0.0000 0.0000 0.0000 0.0000 0.0000 0.0013 0.1044 0.0000 0.0000 0.0379 0.8963 10.1091 1.4766 135.3821 0.9266 0.9722 0.6982 0.4528 0.2160 0.0230 0.0400 0.0727 0.5837 1.1999 6.8404 1.4471 0.6349 0.7466 0.4519 1.5771 0.1634 0.1879 0.0245 0.0109 0.1170 0.0283 0.0911 0.0944
1.2050 1.6840 0.1588 5.4691 5.0453 0.8653 0.1763 0.0716 0.5044 0.4079 0.6453 1.5245 0.6413 1.7661 0.2129 0.3286 1.9705 4.1078 0.1365 0.6027 0.0386 0.0334 0.0270 0.0583 0.0290 3.0043 3.8210 0.0537 1.3130 0.2784 0.0197 0.2100 0.0003 0.0143 0.0410 0.0013 0.0001 0.0054 0.0000 0.0005 0.0000 0.0007 0.0086 0.0002 0.0016 0.0002 0.0000 0.0000 0.0000 0.0000 0.0000 0.0058 0.0413 0.0000 0.0000 0.0299 8.9327 5.7802 1.1292 4.5389 88.9443 73.6101 2.6695 5.1249 5.3646 0.6901 0.6096 0.2941 1.4434 18.1206
0.6357 3.2706 0.5183 7.5623 36.2957 2.7715 1.8719 0.9678 0.5584 0.1961 2.1987 2.0950 1.1423 2.1851 1.4486 0.5818 1.9640 5.3069 0.4566 1.3409 0.0502 0.0842 0.0724 0.0446 0.0580 0.2129 0.4549 0.0545 0.1390 1.9541 0.3744 2.6673 0.2028 0.0722 0.1671 0.2644 0.0210 0.0071 0.1129 0.4595 0.0456 0.1981 0.0921 0.1196 0.0616 0.6915 0.0004 0.0677 0.0013 0.0000 0.0001 0.0002 0.0000 0.0000 0.0000 0.0000 0.0048 0.0000 0.0001 0.0000 0.0000 0.0000 0.0000 0.0000 0.0000 0.0087 0.0315 0.0000 0.0000 0.0226
0.1434 0.6361 0.0128 0.6194 2.4398 7.0829 0.6878 0.3999 1.8497 0.1877 0.1735 0.3303 0.2741 6.3578 0.4006 0.4217 1.0983 2.0111 0.4160 0.5439 0.0675 0.1449 0.0102 0.0027 0.0250 0.0371 0.0695 0.0086 0.0571 0.2843 0.0893 0.6091 0.2052 0.0489 0.0657 0.2026 0.0170 0.0156 0.5219 0.6064 0.0276 0.9216 0.0385 0.0323 0.0410 0.1457 0.0072 0.0057 0.0061 0.0009 0.0006 0.0037 0.0053 0.0542 0.2154 0.0117 0.1596 0.0101 0.0027 0.0117 0.0000 0.0327 0.0001 0.0000 0.0000 0.0006 0.0000 0.0000 0.0000 0.0000
0.0000 0.0000 0.0000 0.0000 0.0000 0.0000 0.0000 0.0000 0.0000 0.0096 0.0363 0.0000 0.0000 0.0321 0.1584 0.0613 0.1411 0.6059 0.2226 4.5465 1.8028 0.9696 0.5479 0.0423 0.0320 0.0946 0.2669 0.2003 0.0730 0.6995 0.0586 0.1725 0.0816 0.0087 0.0386 0.1523 0.0010 0.0004 0.0989 0.0525 0.0047 0.0638 0.0366 0.0162 0.0368 0.2650 0.0576 0.0307 0.0379 0.0117 0.0084 0.0036 0.0107 0.0210 0.0570 0.0237 0.1781 0.0217 0.0144 0.0197 0.0019 0.0220 0.0012 0.0005 0.0008 0.0115 0.0083 0.0447 0.1021 0.0182
0.0241 0.0269 0.0007 0.0385 0.0002 0.0088 0.0002 0.0000 0.0000 0.0066 0.0000 0.0000 0.0000 0.0001 0.0001 0.0000 0.0001 0.0000 0.0000 0.0000 0.0000 0.0000 0.0000 0.0124 0.0384 0.0000 0.0000 0.0058 0.2143 2.2114 0.0799 1.1305 0.9561 1.0671 3.3847 38.1756 1.4151 0.1621 3.1518 3.3587 0.4483 32.1585 1.0185 0.8688 0.5254 1.6422 0.5018 0.1188 0.2424 0.0947 0.0056 0.0021 0.0441 0.0398 0.2103 0.0356 3.7043 0.2379 0.2804 0.7830 0.3292 2.5643 0.1857 0.1689 0.2658 0.1228 0.1800 0.0941 0.1567 0.3972
0.4193 1.2372 0.0816 1.3888 0.4918 0.1268 0.0445 0.0092 0.0614 0.7806 0.5885 3.7123 2.6076 1.5909 0.1028 0.0555 0.1231 0.8097 0.0003 0.2964 0.0010 0.0000 0.0001 0.0097 0.0000 0.0000 0.0002 0.0001 0.0002 0.0000 0.0001 0.0000 0.0000 0.0000 0.0000 0.0000 0.0000 0.0467 3.7144 0.0000 0.0000 0.9143 0.8760 0.8048 0.3338 3.1528 1.7111 4.2625 6.2286 4.6564 9.6584 0.7499 1.3054 2.3568 6.7494 5.2609 30.1768 3.7301 1.1724 1.4131 0.8344 2.9122 0.3018 0.3470 0.0453 0.0202 0.2161 0.0522 0.1683 0.1742
0.8397 1.3035 0.1545 5.3203 8.4001 1.4406 1.4095 0.8771 4.0073 1.4075 1.0744 2.2294 0.6239 2.9224 0.2417 0.2513 1.3732 2.8627 0.0951 0.4200 0.0269 0.0232 0.0188 0.5785 0.3568 1.1082 8.4523 0.3333 0.0394 0.1940 0.0138 0.1464 0.0001 0.0099 0.0012 0.0000 0.0000 0.0099 0.0000 0.0001 0.0001 0.0031 0.0006 0.0000 0.0001 0.0000 0.0000 0.0000 0.0000 0.0000 0.0000 0.0715 0.5088 0.0000 0.0000 0.0495 2.1384 0.2500 0.0678 0.1963 0.2059 7.6069 0.5613 1.2344 4.1015 43.9574 3.4056 1.0211 0.6369 1.8726
0.6435 1.5299 0.0481 0.7143 1.5842 0.1217 0.0817 0.0422 0.0244 0.0086 0.0966 0.0914 0.0502 0.0960 0.1089 0.0599 0.5853 2.4824 0.4455 2.1047 0.4283 0.9775 0.6212 0.2390 0.1377 0.1488 0.1442 0.0752 0.0362 0.1976 0.0347 0.1164 0.0088 0.0032 0.0073 0.0116 0.0009 1.5737 31.3584 0.8470 0.3374 14.4929 0.0134 0.0053 0.0027 0.0302 0.0000 0.0030 0.0002 0.0000 0.0000 0.0018 0.0000 0.0000 0.0028 0.0015 0.0017 0.0000 0.0000 0.0000 0.0000 0.0000 0.0000 0.0000 0.0000 0.1746 1.3645 0.0000 0.0000 0.0312
0.0365 0.1176 0.0025 0.1145 0.4537 0.3645 0.1753 0.1733 2.5448 1.8873 28.4599 10.8033 1.1463 1.1823 0.4932 0.1143 0.2043 0.6725 0.0769 0.1011 0.0125 0.0269 0.0019 0.0005 0.0046 0.0068 0.0143 0.0039 0.0265 0.2271 0.0709 0.4866 0.2434 0.0933 1.5403 7.3166 0.4002 0.2961 4.3869 1.0230 0.0487 3.3439 0.1398 0.0340 0.0327 0.0558 0.0190 0.0050 0.0024 0.0004 0.0003 0.0296 0.0532 0.0137 0.2963 0.0334 0.0297 0.0019 0.0005 0.0022 0.0000 0.0061 0.0000 0.0000 0.0000 0.0009 0.0000 0.0000 0.0000 0.0001
0.0001 0.0000 0.0000 0.0000 0.0000 0.0000 0.0000 0.0000 0.0000 5.9824 3.2114 0.0000 0.0000 1.0243 0.2773 0.3143 0.5617 3.1071 1.1486 15.7985 1.3965 5.7308 10.2802 3.6059 14.2737 79.7319 17.3325 1.0273 2.8034 5.9526 0.3004 1.8112 0.4213 0.0447 0.1979 0.7858 0.0054 0.0022 0.5074 0.2707 0.0298 0.7630 0.5335 0.4047 0.9177 6.6044 2.1466 1.8368 6.1793 2.5532 1.3692 0.5264 0.7247 0.5825 1.5206 1.2453 9.3737 0.5660 0.2208 0.2367 0.0498 0.2746 0.0067 0.0031 0.0047 0.9802 0.7061 0.0783 1.0328 0.6939
0.0024 0.0036 0.0001 0.0052 0.0000 0.0012 0.0000 0.0000 0.0000 0.0017 0.0000 0.0000 0.0000 0.0002 0.0000 0.0000 0.0000 0.0000 0.0000 0.0000 0.0000 0.0000 0.0000 0.0712 0.0861 0.0000 0.0000 0.0080 0.0230 0.2437 0.0087 0.1238 0.1047 0.1169 0.3662 2.7645 0.1743 0.0325 3.3312 3.9919 2.8067 5.5982 0.7570 0.1422 0.0576 0.3316 0.0550 0.0130 0.0267 0.0104 0.0006 0.0002 0.0048 0.0044 0.0259 0.0082 1.0376 0.1148 0.1353 0.3754 0.2357 2.9734 0.5051 0.2007 0.7272 0.3360 0.2347 0.0504 0.0804 0.4021
0.1114 0.1626 0.0063 0.0843 0.0667 0.0080 0.0013 0.0003 0.0018 0.0411 0.0310 0.1054 0.0843 0.0798 0.0030 0.0016 0.0035 0.0233 0.0000 0.0085 0.0000 0.0000 0.0000 0.0003 0.0000 0.0000 0.0000 0.0000 0.0000 0.0000 0.0000 0.0000 0.0000 0.0000 0.0000 0.0000 0.0000 0.0146 0.1957 0.0000 0.0000 0.2429 0.1217 0.2261 0.0594 0.8856 0.4806 1.1973 0.8652 0.5577 0.2676 0.0285 0.0496 0.0895 1.1425 5.9685 21.6756 1.0478 0.3314 0.3970 0.2344 0.8180 0.0848 0.0975 0.0127 0.0057 0.0611 0.0147 0.0476 0.0544
1.9040 5.0900 0.5996 20.7749 36.2084 6.2098 0.8790 0.1999 2.6745 2.9271 4.6313 9.6099 2.6074 12.6751 1.0481 1.0244 3.3121 5.3599 0.2092 0.7080 0.0454 0.0393 0.0318 0.1318 0.0813 0.9181 1.9258 0.0759 0.0665 0.3291 0.0233 0.2467 0.0002 0.0168 0.0021 0.0001 0.0000 0.0023 0.0000 0.0001 0.0000 0.0007 0.0004 0.0000 0.0001 0.0000 0.0000 0.0000 0.0000 0.0000 0.0000 0.0163 0.1159 0.0000 0.0000 0.2132 4.1293 1.1184 0.1527 0.8782 0.9210 34.0272 1.2340 2.3545 2.4799 0.4010 1.8653 1.0119 4.4997 21.4192
48.7388 28.1614 0.2525 16.3229 7.2649 0.3343 0.3986 0.1160 0.1855 0.0237 0.2652 0.2511 0.6994 2.4965 3.4514 3.2508 31.7529 134.6811 28.7313 89.7460 2.3206 1.5979 3.3657 2.4621 2.8688 8.9667 8.3741 2.6306 1.2655 11.2620 1.1633 3.0473 0.2721 0.0456 0.0620 0.0982 0.0078 0.0197 0.3119 1.0042 0.0997 0.4328 0.0330 0.0144 0.0074 0.0829 0.0001 0.0082 0.0005 0.0000 0.0000 0.0004 0.0000 0.0000 0.0000 0.0000 0.0016 0.0000 0.0000 0.0000 0.0000 0.0000 0.0000 0.0000 0.0000 0.1657 0.0871 0.0000 0.0000 1.0840
0.0858 0.9618 0.0120 0.9366 3.7119 1.7422 0.4143 0.3555 1.6442 0.1669 0.2249 0.4842 0.3640 5.6866 2.3867 7.7322 2.5432 24.0790 0.6649 0.8274 0.1079 0.2204 0.0184 0.0042 0.0381 0.0564 0.2304 0.0535 0.4275 3.4038 1.0622 7.2930 1.2302 0.2913 0.2720 0.3687 0.0752 0.0935 3.1288 4.8300 0.3309 6.4869 0.3740 0.3864 0.3085 0.9010 0.0442 0.0188 0.0122 0.0019 0.0013 0.0033 0.0047 0.0324 0.1914 0.0104 0.2428 0.0154 0.0041 0.0177 0.0000 0.0498 0.0001 0.0000 0.0000 0.0006 0.0000 0.0000 0.0000 0.0000
0.0005 0.0000 0.0000 0.0000 0.0000 0.0000 0.0000 0.0000 0.0000 0.1930 0.3371 0.0000 0.0000 2.0090 0.2640 1.4549 2.3405 14.2924 19.0924 30.6062 1.3296 4.7340 2.6919 0.2066 0.1562 0.4619 1.3277 1.9902 1.3783 18.1018 39.0492 43.3463 14.5142 0.7429 6.8600 13.0624 0.0897 0.0358 8.4869 4.5003 0.5309 13.4913 9.4334 3.7412 2.9322 10.0556 1.0953 0.5825 0.2490 0.0572 0.0590 0.0677 0.2031 0.5312 4.2937 0.5650 28.1555 5.1041 3.6934 4.1851 0.3971 2.4920 0.1010 0.0468 0.0702 0.0562 0.0405 0.0746 0.2688 0.0887
0.0101 0.0220 0.0006 0.0314 0.0001 0.0072 0.0001 0.0000 0.0000 0.0002 0.0000 0.0000 0.0000 0.0000 0.0000 0.0000 0.0000 0.0000 0.0000 0.0000 0.0000 0.0000 0.0000 0.0006 0.0018 0.0000 0.0000 0.0010 0.0034 0.1664 0.0086 0.0845 0.2583 0.0342 0.0534 0.3517 0.0194 0.0022 0.0780 0.0941 0.0115 1.0316 0.2718 0.3754 0.4262 7.9410 0.2810 0.0321 0.1366 0.0256 0.0031 0.0006 0.0119 0.0108 0.2144 0.0682 8.5357 0.7700 0.3156 0.4174 0.0878 0.6844 0.0149 0.0059 0.0228 0.0316 0.0480 0.0336 0.1658 0.1245
1.0353 5.4262 0.2794 3.9042 1.3912 0.1910 0.0406 0.0084 0.0561 0.0159 0.0120 0.0870 0.0530 0.0323 0.0290 0.0222 0.0492 0.3233 0.0001 0.1183 0.0003 0.0000 0.0000 0.0002 0.0000 0.0000 0.0000 0.0000 0.0001 0.0000 0.0000 0.0000 0.0000 0.0000 0.0000 0.0000 0.0000 0.0025 0.0755 0.0000 0.0000 0.3605 0.0405 0.1798 0.0676 0.7043 2.9347 0.4010 0.2880 0.1868 0.0891 0.0095 0.0166 0.0300 0.2408 0.4950 4.7115 0.6311 1.9739 2.3212 8.7969 4.9948 2.0650 0.5952 0.1020 0.0346 0.3706 0.0895 0.6982 1.1922
4.2880 3.1917 0.1308 2.1456 1.6856 0.2891 0.0409 0.0143 0.1245 0.1363 0.2156 0.5981 0.4963 0.7416 0.4034 0.6228 3.7346 25.1740 0.8367 2.2258 0.0871 0.0749 0.0609 0.0095 0.0058 0.0659 0.1381 0.0054 0.0291 0.4277 0.0303 0.3227 0.0003 0.0219 0.0009 0.0000 0.0000 0.0002 0.0000 0.0000 0.0000 0.0001 0.0002 0.0000 0.0000 0.0000 0.0000 0.0000 0.0000 0.0000 0.0000 0.0012 0.0083 0.0000 0.0000 0.0099 0.2890 0.1870 0.0479 0.1468 1.1823 2.3814 0.0864 0.1658 0.1736 0.0223 0.0197 0.0095 0.0467 0.5862
0.0704 0.3622 0.0574 0.8376 4.0200 17.0106 0.2073 0.7502 1.7807 0.3587 4.0216 3.8319 1.4424 0.8071 0.1594 0.0644 0.2175 0.5878 0.0506 0.1485 0.0056 0.0093 0.0080 0.0049 0.0064 0.0236 0.0504 0.0060 0.0154 0.2164 0.0415 0.2954 0.1162 0.0917 0.5363 0.8485 0.0672 0.0008 0.0125 0.0509 0.0050 0.0219 0.0823 0.2188 0.1127 1.2649 0.0008 0.1239 0.0023 0.0000 0.0001 0.0000 0.0000 0.0000 0.0000 0.0000 0.0088 0.0000 0.0000 0.0000 0.0000 0.0000 0.0000 0.0000 0.0000 0.0010 0.0035 0.0000 0.0000 0.0025
0.0130 0.2039 0.0040 0.1985 6.0042 0.2646 0.0625 0.0540 0.2497 0.0252 0.0233 0.0446 0.0370 0.8583 0.0955 0.1017 2.6534 4.7399 4.0838 1.3385 4.2286 0.3565 0.1276 0.0081 0.0616 0.0912 1.6011 0.3184 0.3441 0.8266 0.0897 0.2899 0.0489 0.0117 0.0108 0.0273 0.0030 0.0037 0.1244 0.1920 0.0261 0.2760 0.0764 0.0950 0.1323 1.5219 0.2634 0.1309 0.0846 0.0132 0.0090 0.0005 0.0007 0.0049 0.0289 0.0016 0.1316 0.0249 0.0067 0.0287 0.0000 0.0805 0.0001 0.0000 0.0000 0.0001 0.0000 0.0000 0.0000 0.0000
0.0000 0.0000 0.0000 0.0000 0.0000 0.0000 0.0000 0.0000 0.0000 0.0017 0.0063 0.0000 0.0000 0.0098 0.0105 0.0579 0.0937 0.5724 1.6145 1.2182 0.0529 0.1896 0.1071 0.0082 0.0063 0.0185 0.0528 0.0792 0.0289 0.4734 0.1999 0.5782 0.5921 0.4396 0.2781 20.1358 0.0531 0.0212 4.9914 2.6631 0.2365 0.9420 0.1533 0.0496 0.0391 0.1793 0.0229 0.0121 0.0075 0.0023 0.0017 0.0014 0.0043 0.0095 0.0573 0.0094 0.3755 0.0681 0.0493 0.1427 0.0430 1.1168 0.0598 0.0277 0.0415 0.0023 0.0016 0.0030 0.0108 0.0035
0.6044 5.6964 0.1514 8.1356 0.0363 1.8646 0.0116 0.0000 0.0062 0.0029 0.0000 0.0000 0.0000 0.0001 0.0038 0.0001 0.0013 0.0000 0.0000 0.0000 0.0000 0.0000 0.0000 0.0101 0.0312 0.0000 0.0000 0.0095 0.0065 0.3215 0.0218 0.1644 1.0607 0.0649 0.1019 0.6671 0.0369 0.0042 0.0823 0.0877 0.0118 1.9691 0.1728 0.1076 0.2777 1.7340 0.7350 3.8189 1.3817 0.7400 21.5869 0.8982 3.9980 3.5917 18.9585 0.9344 15.7968 0.4895 0.2006 0.2637 0.0555 0.4351 0.0094 0.0044 0.0146 0.0202 0.0307 0.0212 0.1047 0.1105
0.0262 0.0880 0.0064 0.3504 0.6867 0.3904 0.4981 0.1032 0.6875 0.0007 0.0005 0.0038 0.0023 0.0014 0.0105 0.5068 0.8945 7.3927 0.0013 1.1396 0.0004 0.0000 0.0004 0.0000 0.0000 0.0000 0.0000 0.0000 0.0001 0.0000 0.0000 0.0000 0.0000 0.0000 0.0000 0.0000 0.0000 0.0000 0.0033 0.0000 0.0000 0.0057 0.0007 0.0030 0.0015 0.0119 0.0497 0.0068 0.0049 0.0032 0.0015 0.0002 0.0003 0.0005 0.0041 0.0084 0.0478 0.0101 0.0161 0.0190 0.0242 1.3968 0.0106 0.0705 0.5072 10.1437 0.6215 0.1501 0.0936 0.0282
0.1217 0.0911 0.0037 0.0794 0.0737 0.0126 0.0026 0.0010 0.0073 0.0059 0.0094 0.0221 0.0142 0.0276 0.0150 0.0178 0.1066 0.7188 0.1314 1.2790 0.3000 0.5831 0.4744 0.0007 0.0004 0.0047 0.0100 0.0004 0.0171 11.7439 0.5141 9.1375 0.0028 0.1968 0.0026 0.0001 0.0004 0.0000 0.0000 0.0000 0.0000 0.0000 0.0005 0.0000 0.0000 0.0000 0.0000 0.0000 0.0000 0.0000 0.0000 0.0001 0.0006 0.0000 0.0000 0.0004 0.6383 0.4131 0.1059 0.3243 2.6116 5.2602 0.1908 0.3662 0.3834 0.0493 0.0436 0.0210 0.1031 1.2949
0.1481 0.7618 0.1207 1.7615 8.4545 10.6612 0.4360 1.5777 10.5711 4.5244 86.2752 48.3289 1.8737 1.0420 0.3374 0.1355 0.4575 1.2361 0.1064 0.3123 0.0117 0.0196 0.0169 0.0104 0.0135 0.0496 0.1060 0.0127 0.0324 0.4552 0.0872 0.6213 0.1500 0.1184 0.6429 1.0171 0.0806 0.0017 0.0263 0.1070 0.0106 0.0461 0.1731 2.7765 1.4298 15.9528 0.0098 1.5622 0.0100 0.0000 0.0012 0.0000 0.0000 0.0000 0.0000 0.0000 0.0329 0.0001 0.0002 0.0000 0.0000 0.0000 0.0000 0.0000 0.0000 0.0020 0.0073 0.0000 0.0000 0.0053
0.0035 0.0546 0.0014 0.0532 1.6083 0.0709 0.0168 0.0144 0.0669 0.0067 0.0062 0.0119 0.0099 0.2299 0.0144 0.0259 0.3429 0.6088 0.2725 5.9209 0.0442 0.6683 0.5438 0.1782 1.6341 6.1853 0.3208 0.0115 0.0217 0.0794 0.0086 0.0375 0.0074 0.0018 0.0024 0.0073 0.0006 0.0006 0.0188 0.0248 0.0025 0.0333 0.0073 0.0091 0.0128 0.0955 0.0150 0.0262 0.0660 0.0103 0.0070 0.0001 0.0002 0.0013 0.0077 0.0004 0.2826 0.6609 0.1769 0.7658 0.0009 2.1361 0.0007 0.0000 0.0005 0.0000 0.0000 0.0000 0.0000 0.0000
0.0011 0.0001 0.0000 0.0000 0.0000 0.0000 0.0000 0.0000 0.0000 0.0017 0.0064 0.0000 0.0000 0.0056 0.0094 0.0518 0.0839 0.5124 1.4453 1.0906 0.0474 0.1697 0.0959 0.0074 0.0062 0.0206 0.0532 0.0709 0.1319 0.9286 0.2378 1.9531 1.2822 0.6411 2.3441 6.9203 0.5484 0.0519 4.4963 2.3842 7.0258 17.8308 1.6852 0.3559 0.2807 0.9626 0.1042 0.0554 0.0238 0.0032 0.0056 0.0065 0.0196 0.0505 0.4085 0.0705 3.4936 0.4856 0.3514 1.5592 0.8137 21.1399 0.6902 0.3181 0.4765 0.0020 0.0015 0.0027 0.0096 0.0032
0.0236 0.3740 0.0080 0.5342 0.0014 0.0729 0.0005 0.0000 0.0002 0.0001 0.0000 0.0000 0.0000 0.0000 0.0002 0.0000 0.0001 0.0000 0.0000 0.0000 0.0000 0.0000 0.0000 0.0007 0.0012 0.0000 0.0000 0.0021 0.0016 0.0812 0.0042 0.0415 0.2677 0.0164 0.0257 0.1684 0.0093 0.0011 0.0509 0.0516 0.0063 0.5486 0.1491 0.0934 0.1727 1.5054 0.5605 0.1103 1.0279 0.0540 0.0371 0.0033 0.0253 0.0227 2.5484 10.4633 12.1202 0.8862 0.2909 0.3506 0.0851 0.6585 0.0195 0.0138 0.0536 0.0744 0.1125 0.0443 0.2747 0.4069
0.3077 0.8328 0.0602 4.9240 8.0679 0.9791 0.1549 0.0321 0.2137 0.0006 0.0004 0.0031 0.0019 0.0011 0.0011 0.0059 0.0103 0.0849 0.0000 0.0185 0.0000 0.0000 0.0000 0.0000 0.0000 0.0000 0.0000 0.0000 0.0000 0.0000 0.0000 0.0000 0.0000 0.0000 0.0000 0.0000 0.0000 0.0005 0.0027 0.0000 0.0000 0.0670 0.0076 0.0338 0.0127 0.1325 0.3207 0.0755 0.0545 0.0352 0.0168 0.0018 0.0078 0.0159 0.1159 0.1253 6.1286 0.5563 0.5381 1.7971 0.6238 0.5458 0.2385 0.0646 0.0559 0.0059 0.0405 0.0097 0.3849 0.6571
10.2096 4.4401 0.1819 2.9848 2.3450 0.4022 0.0569 0.0100 0.1732 0.1896 0.2999 0.8320 0.6905 1.0317 0.5612 0.8665 5.2276 14.8408 0.4932 1.3122 0.0510 0.0441 0.0357 0.0019 0.0012 0.0133 0.0278 0.0011 0.0059 0.0500 0.0035 0.0375 0.0000 0.0026 0.0002 0.0000 0.0000 0.0000 0.0000 0.0000 0.0000 0.0000 0.0000 0.0000 0.0000 0.0000 0.0000 0.0000 0.0000 0.0000 0.0000 0.0009 0.0017 0.0000 0.0000 0.0139 0.1183 0.0685 0.0134 0.0538 0.2052 0.9751 0.0354 0.0675 0.0711 0.0091 0.0345 0.0188 0.0837 0.5526
0.5884 1.1987 0.0652 4.2184 1.8775 0.0550 0.1030 0.0192 0.0479 0.0040 0.0437 0.0416 0.1807 1.3539 0.8920 3.8393 8.0554 13.7811 0.7937 2.3020 0.0343 0.0452 0.0953 0.0794 0.1027 0.5134 1.8545 0.1573 0.5008 9.0130 0.9662 1.6526 0.1832 0.0307 0.0320 0.0510 0.0040 0.0003 0.0053 0.0214 0.0021 0.0092 0.0039 0.0024 0.0012 0.0137 0.0000 0.0013 0.0001 0.0000 0.0000 0.0000 0.0000 0.0000 0.0000 0.0000 0.0002 0.0000 0.0000 0.0000 0.0000 0.0000 0.0000 0.0000 0.0000 0.0050 0.0015 0.0000 0.0000 0.0431
0.0046 0.0521 0.0006 0.0507 0.3154 0.0943 0.0223 0.0191 0.0890 0.0090 0.0357 0.0768 0.0577 0.7044 0.3785 0.2717 0.4237 3.3749 0.1401 0.0703 0.0242 0.0187 0.0057 0.0004 0.0032 0.0048 0.0716 0.0278 0.1329 3.2172 1.0880 2.7803 0.3663 0.0862 0.0453 0.1098 0.0225 0.0280 0.9317 1.7098 0.2922 2.5664 0.3303 0.3412 0.2609 0.4707 0.0337 0.0126 0.0061 0.0009 0.0006 0.0002 0.0003 0.0017 0.0103 0.0006 0.0146 0.0013 0.0004 0.0015 0.0000 0.0042 0.0000 0.0000 0.0000 0.0000 0.0000 0.0000 0.0000 0.0000
0.0000 0.0000 0.0000 0.0000 0.0000 0.0000 0.0000 0.0000 0.0000 0.0041 0.0013 0.0000 0.0000 0.0442 0.0028 0.0112 0.0116 0.1106 0.0409 0.3287 0.0144 0.0512 0.0289 0.0022 0.0073 0.0243 0.0624 0.0495 0.1548 1.0115 0.0239 0.3078 0.0292 0.0016 0.0146 0.0280 0.0006 0.0001 0.0181 0.0096 0.0051 0.1985 0.0907 0.1653 0.3749 3.0337 0.2309 0.1213 0.0294 0.0070 0.0125 0.0143 0.0428 0.1323 0.5839 0.1315 1.4790 0.2214 0.0880 0.0612 0.0085 0.0467 0.0011 0.0005 0.0008 0.0006 0.0004 0.0008 0.0029 0.0010
0.0184 0.0282 0.0008 0.0403 0.0002 0.0093 0.0002 0.0000 0.0000 0.0011 0.0000 0.0000 0.0000 0.0000 0.0001 0.0000 0.0001 0.0000 0.0000 0.0000 0.0000 0.0000 0.0000 0.0450 0.0116 0.0000 0.0000 0.1323 0.0271 0.5733 0.0206 0.2913 0.2464 0.2750 0.4287 2.8248 0.1555 0.0218 2.2503 2.6800 0.3281 21.1887 5.7583 1.5098 0.2589 3.5205 0.2146 0.0306 0.1109 0.0244 0.0040 0.0005 0.0114 0.0103 0.2750 0.1545 10.9487 2.2878 2.6968 7.5296 13.2666 83.2614 0.8618 0.6120 2.3730 3.0569 4.6210 2.0700 3.3219 8.7396
2.3204 6.4373 0.2510 1.5143 1.3883 0.1685 0.0267 0.0055 0.0368 0.0264 0.0199 0.1190 0.0725 0.0440 0.0067 0.0036 0.0080 0.0525 0.0000 0.0192 0.0001 0.0000 0.0000 0.0003 0.0000 0.0000 0.0000 0.0000 0.0000 0.0000 0.0000 0.0000 0.0000 0.0000 0.0000 0.0000 0.0000 0.0423 0.1259 0.0000 0.0000 5.0600 0.0357 0.0664 0.0174 0.2600 0.1420 0.3537 0.2540 0.1647 0.0786 0.0165 0.1503 0.3070 2.2341 1.1163 76.2198 2.0744 0.1861 0.9696 0.1149 0.2416 0.0442 0.0288 0.0104 0.0017 0.0179 0.0043 0.0709 0.2402
0.0971 0.4842 0.0570 1.9763 10.6010 4.0583 0.1890 0.0603 1.0404 1.0251 1.1128 1.8832 0.5109 2.4838 0.2054 0.2008 0.6490 0.4764 0.0410 0.0846 0.0025 0.0021 0.0017 0.0015 0.0010 0.0055 0.0114 0.0005 0.0004 0.0020 0.0001 0.0015 0.0000 0.0001 0.0000 0.0000 0.0000 0.0000 0.0000 0.0000 0.0000 0.0000 0.0000 0.0000 0.0000 0.0000 0.0000 0.0000 0.0000 0.0000 0.0000 0.0049 0.0014 0.0000 0.0000 0.0418 0.0643 0.0087 0.0012 0.0068 0.0072 0.2653 0.0192 0.0425 0.0928 0.0265 0.2768 0.0669 0.2973 0.1160
13.6237 9.0176 0.0804 5.2268 2.3263 0.1541 0.1268 0.0538 0.0590 0.0109 0.1223 0.1165 0.2239 1.9098 1.1052 1.1141 10.6827 45.3109 18.3753 86.8204 71.7967 28.3544 59.3559 15.8652 9.4869 11.0372 11.1007 6.9220 3.3298 9.1646 1.2120 1.4400 0.7159 0.1207 0.1260 0.1993 0.0158 0.0773 1.2263 0.9304 0.2219 1.4855 0.0153 0.0067 0.0034 0.0382 0.0000 0.0038 0.0002 0.0000 0.0000 0.0009 0.0000 0.0000 0.0001 0.0001 0.0011 0.0000 0.0000 0.0000 0.0000 0.0000 0.0000 0.0000 0.0000 2.9406 0.3425 0.0000 0.0000 2.8700
0.0076 0.0246 0.0005 0.0239 0.0949 0.0762 0.0367 0.0363 0.5322 0.1059 1.3105 1.1035 0.2696 0.2473 0.1345 0.0336 0.0427 0.1975 0.0162 0.0211 0.0026 0.0056 0.0004 0.0001 0.0010 0.0014 0.0042 0.0042 0.0077 0.1276 0.0391 0.2684 0.2505 0.0961 0.8495 13.0480 0.4222 0.1770 2.6218 1.0792 0.0517 3.5275 0.1475 0.0359 0.0345 0.0432 0.0140 0.0052 0.0025 0.0004 0.0003 0.0021 0.0030 0.0029 0.0620 0.0052 0.0062 0.0004 0.0001 0.0005 0.0000 0.0013 0.0000 0.0000 0.0000 0.0002 0.0000 0.0000 0.0000 0.0000
0.0000 0.0000 0.0000 0.0000 0.0000 0.0000 0.0000 0.0000 0.0000 1.4385 0.0762 0.0000 0.0000 0.4568 0.0131 0.0153 0.0176 0.1500 0.0554 0.7624 0.0666 0.2732 0.3220 0.0555 0.4965 0.7350 1.9020 0.0942 0.3843 0.8679 0.0206 0.2641 0.0251 0.0022 0.0126 0.0379 0.0005 0.0001 0.0245 0.0131 0.0044 0.4779 0.0778 0.1136 0.2528 1.8305 1.1034 0.9442 3.8230 0.9172 2.1795 0.6003 0.8264 0.5871 1.6606 1.4200 10.6892 0.3794 0.1895 0.0916 0.0568 0.3151 0.0077 0.0035 0.0053 0.0151 0.0109 0.0037 0.0323 0.0165
0.0009 0.0014 0.0000 0.0020 0.0000 0.0005 0.0000 0.0000 0.0000 0.0004 0.0000 0.0000 0.0000 0.0000 0.0000 0.0000 0.0000 0.0000 0.0000 0.0000 0.0000 0.0000 0.0000 0.2033 0.0105 0.0000 0.0000 0.0723 0.0028 0.0603 0.0022 0.0308 0.0259 0.0289 0.0451 0.3081 0.0341 0.0126 3.7408 1.1168 0.1367 2.2410 0.6977 0.1587 0.0272 0.3700 0.0227 0.0032 0.0117 0.0026 0.0004 0.0001 0.0012 0.0011 0.0293 0.0395 1.1580 0.2465 0.2852 0.7914 0.8351 10.5334 0.7677 0.5728 2.1140 6.3867 3.7756 0.3865 0.6720 3.5095
10.7677 9.2381 0.4640 2.7650 8.6124 0.7818 0.1237 0.0258 0.1707 0.1406 0.1341 0.1454 0.1848 0.1738 0.0081 0.0044 0.0097 0.0641 0.0000 0.0235 0.0001 0.0000 0.0000 0.0007 0.0000 0.0000 0.0000 0.0000 0.0000 0.0000 0.0000 0.0000 0.0000 0.0000 0.0000 0.0000 0.0000 0.8867 0.8461 0.0000 0.0000 23.4807 0.0840 0.1561 0.0410 0.6116 0.3340 0.8320 0.5975 0.3875 0.1848 0.0587 1.5566 0.8170 5.9462 2.6257 128.4377 4.9097 0.4377 2.2947 0.2703 0.5684 0.1040 0.0677 0.0247 0.0039 0.0422 0.0102 0.1688 1.3839
0.0915 0.4706 0.0544 1.8855 6.8115 1.4060 0.4498 0.1454 2.4609 4.9641 9.8103 3.1911 0.9324 8.9975 0.7440 0.2249 0.9309 0.6833 0.1973 0.3085 0.0090 0.0077 0.0063 0.0017 0.0014 0.0052 0.0108 0.0006 0.0004 0.0018 0.0001 0.0014 0.0000 0.0001 0.0000 0.0000 0.0000 0.0000 0.0000 0.0000 0.0000 0.0000 0.0000 0.0000 0.0000 0.0000 0.0000 0.0000 0.0000 0.0000 0.0000 0.0228 0.0019 0.0000 0.0000 0.1523 0.1210 0.0373 0.0047 0.0293 0.0309 0.9973 0.0362 0.0694 0.0727 0.0093 0.0749 0.0214 0.0951 0.6278
0.5049 0.6198 0.0055 0.3592 0.1599 0.0063 0.0087 0.0022 0.0041 0.0004 0.0050 0.0047 0.0153 0.1321 0.0760 0.1597 1.5599 6.5758 1.4028 4.0688 0.1059 0.1394 0.2937 0.2431 0.3165 2.0634 1.6926 0.4670 0.2247 1.3137 0.1357 0.1612 0.0486 0.0081 0.0085 0.0134 0.0011 0.0003 0.0041 0.0165 0.0016 0.0071 0.0006 0.0003 0.0001 0.0015 0.0000 0.0002 0.0000 0.0000 0.0000 0.0000 0.0000 0.0000 0.0000 0.0000 0.0000 0.0000 0.0000 0.0000 0.0000 0.0000 0.0000 0.0000 0.0000 0.0153 0.0011 0.0000 0.0000 0.1280
0.0043 0.0479 0.0006 0.0466 0.2726 0.0867 0.0206 0.0177 0.0818 0.0083 0.0727 0.0756 0.0568 0.6974 0.3748 0.2513 0.3685 2.9349 0.1211 0.0608 0.0209 0.0162 0.0049 0.0003 0.0028 0.0041 0.0619 0.0434 0.1149 2.7978 0.8678 2.5719 0.7471 0.1758 0.1768 0.4310 0.0879 0.1092 3.6346 6.9649 1.2977 10.5189 1.3539 0.7826 0.5874 0.7361 0.1274 0.0476 0.0230 0.0036 0.0025 0.0002 0.0002 0.0016 0.0095 0.0005 0.0126 0.0011 0.0003 0.0013 0.0000 0.0037 0.0000 0.0000 0.0000 0.0000 0.0000 0.0000 0.0000 0.0000
0.0000 0.0000 0.0000 0.0000 0.0000 0.0000 0.0000 0.0000 0.0000 0.0113 0.0008 0.0000 0.0000 0.1255 0.0014 0.0032 0.0036 0.0312 0.0115 0.1577 0.0069 0.0245 0.0139 0.0018 0.0158 0.0244 0.0632 0.0264 0.0825 0.2852 0.0072 0.0868 0.0088 0.0005 0.0044 0.0079 0.0002 0.0000 0.0051 0.0027 0.0020 0.2179 0.0274 0.0518 0.1104 0.7064 0.2534 0.1331 0.1224 0.0292 0.0519 0.0599 0.1784 0.2563 0.7571 0.9733 4.8436 0.1719 0.0864 0.0415 0.0259 0.1428 0.0035 0.0016 0.0024 0.0005 0.0004 0.0004 0.0014 0.0005
0.0007 0.0011 0.0000 0.0016 0.0000 0.0004 0.0000 0.0000 0.0000 0.0001 0.0000 0.0000 0.0000 0.0000 0.0000 0.0000 0.0000 0.0000 0.0000 0.0000 0.0000 0.0000 0.0000 0.0259 0.0013 0.0000 0.0000 0.0822 0.0010 0.0301 0.0016 0.0154 0.0470 0.0099 0.0154 0.1018 0.0056 0.0011 0.2450 0.1365 0.0167 0.7635 0.2088 0.0881 0.0776 0.7944 0.0643 0.0058 0.0333 0.0047 0.0016 0.0001 0.0022 0.0020 0.1075 0.1452 3.2824 0.9056 0.4666 0.5624 0.2610 2.0082 0.0938 0.0662 0.2583 0.3562 0.5418 0.2080 1.1550 1.9478
1.8570 1.3994 0.0699 0.4189 0.9759 0.1184 0.0187 0.0039 0.0259 0.0006 0.0005 0.0020 0.0012 0.0009 0.0004 0.0003 0.0007 0.0048 0.0000 0.0017 0.0000 0.0000 0.0000 0.0000 0.0000 0.0000 0.0000 0.0000 0.0000 0.0000 0.0000 0.0000 0.0000 0.0000 0.0000 0.0000 0.0000 0.0023 0.0031 0.0000 0.0000 0.3552 0.0011 0.0042 0.0016 0.0166 0.0328 0.0104 0.0075 0.0048 0.0023 0.0003 0.0024 0.0039 0.0285 0.0310 1.5177 0.1225 0.0675 0.3188 0.0417 0.0559 0.0160 0.0067 0.0038 0.0004 0.0041 0.0010 0.0257 0.1710
0.3744 3.1962 0.1068 1.5875 2.1215 0.3594 0.0336 0.0107 0.1840 0.2001 0.3186 1.0251 1.0758 1.4118 0.7728 1.9196 4.9383 3.6246 0.2512 0.5220 0.0152 0.0131 0.0106 0.0002 0.0002 0.0017 0.0036 0.0001 0.0007 0.0048 0.0003 0.0036 0.0000 0.0002 0.0000 0.0000 0.0000 0.0000 0.0000 0.0000 0.0000 0.0000 0.0000 0.0000 0.0000 0.0000 0.0000 0.0000 0.0000 0.0000 0.0000 0.0009 0.0002 0.0000 0.0000 0.0158 0.0263 0.0170 0.0033 0.0133 0.0507 0.2171 0.0079 0.0150 0.0158 0.0020 0.0077 0.0026 0.0114 0.0760
0.1802 0.3739 0.0359 1.4887 1.0337 0.0303 0.0567 0.0106 0.0264 0.0022 0.0242 0.0229 0.0995 1.2218 0.4941 0.8266 2.2481 4.0911 0.5006 1.4519 0.0320 0.0421 0.0887 0.0739 0.0956 0.3732 1.3482 0.1464 0.4661 6.5523 1.8072 1.4914 0.2380 0.0399 0.0416 0.0662 0.0052 0.0002 0.0026 0.0106 0.0011 0.0046 0.0021 0.0013 0.0007 0.0076 0.0000 0.0007 0.0000 0.0000 0.0000 0.0000 0.0000 0.0000 0.0000 0.0000 0.0001 0.0000 0.0000 0.0000 0.0000 0.0000 0.0000 0.0000 0.0000 0.0051 0.0007 0.0000 0.0000 0.0401
0.0113 0.1766 0.0035 0.1720 5.2007 0.2292 0.0542 0.0468 0.2163 0.0218 0.0418 0.0900 0.0677 0.8257 0.4437 0.3430 2.7491 13.9480 3.5373 1.1593 0.6108 0.3088 0.1441 0.0091 0.0534 0.0790 1.8087 2.1308 1.4220 8.0621 0.7005 2.0635 0.4037 0.0944 0.0746 0.1808 0.0371 0.0458 1.5340 2.1585 0.3689 4.4122 1.2215 1.5188 2.1143 52.9833 1.7737 0.6634 0.3189 0.0500 0.0341 0.0004 0.0006 0.0043 0.0252 0.0014 0.1140 0.0216 0.0058 0.0250 0.0000 0.0697 0.0001 0.0000 0.0000 0.0001 0.0000 0.0000 0.0000 0.0000
0.0000 0.0000 0.0000 0.0000 0.0000 0.0000 0.0000 0.0000 0.0000 0.0036 0.0015 0.0000 0.0000 0.0372 0.0004 0.0022 0.0036 0.0222 0.0626 0.0473 0.0021 0.0074 0.0042 0.0003 0.0035 0.0037 0.0096 0.0040 0.0125 0.0751 0.0192 0.1579 0.0916 0.0126 0.1624 0.1360 0.0107 0.0010 0.0878 0.0468 0.0880 9.5433 0.1204 0.0880 0.0556 0.1726 0.0385 0.0202 0.0186 0.0045 0.0079 0.0120 0.0360 0.0392 0.3540 0.0984 4.8707 0.2816 0.2051 0.6438 2.5795 6.2920 0.1527 0.0704 0.1061 0.0001 0.0001 0.0001 0.0004 0.0001
0.0925 1.4733 0.0312 2.1041 0.0056 0.2853 0.0018 0.0000 0.0009 0.0010 0.0000 0.0000 0.0000 0.0000 0.0006 0.0000 0.0002 0.0000 0.0000 0.0000 0.0000 0.0000 0.0000 0.2893 0.0105 0.0000 0.0000 0.5732 0.0333 1.6733 0.0866 0.8554 5.5202 0.3380 0.5301 3.4721 0.1911 0.0220 1.9938 1.1108 0.1360 10.2484 1.6992 1.0256 1.9087 16.5319 7.0079 7.8694 13.1730 3.8512 2.6279 0.2309 1.7917 1.6096 180.7476 52.1178 151.5379 12.5372 4.1147 4.9291 2.1371 16.4449 0.7635 0.5423 2.1156 2.9169 4.4366 1.7030 9.4003 15.9508
0.8535 1.1929 0.0863 3.3609 22.3783 22.0418 2.3775 0.4927 3.2610 0.0008 0.0006 0.0045 0.0027 0.0016 0.0052 0.0292 0.0516 0.4236 0.0001 0.0923 0.0001 0.0000 0.0000 0.0000 0.0000 0.0000 0.0000 0.0000 0.0000 0.0000 0.0000 0.0000 0.0000 0.0000 0.0000 0.0000 0.0000 0.0014 0.0039 0.0000 0.0000 0.1859 0.0014 0.0061 0.0030 0.0238 0.0993 0.0136 0.0097 0.0063 0.0030 0.0003 0.0012 0.0011 0.0081 0.0167 0.2956 0.0268 0.0322 0.0867 0.0710 4.8952 0.0993 0.1409 0.7721 0.0815 0.2070 0.0500 0.8816 1.1541
0.1359 0.2032 0.0067 0.0991 0.1613 0.0272 0.0083 0.0026 0.0453 0.0492 0.0784 0.1187 0.1107 0.3472 0.1900 0.0936 0.5611 2.6765 1.6622 19.1146 6.8238 3.9769 3.2157 0.0002 0.0001 0.0011 0.0024 0.0001 0.0040 0.3183 0.0179 0.2401 0.0001 0.0069 0.0003 0.0000 0.0000 0.0000 0.0000 0.0000 0.0000 0.0000 0.0001 0.0000 0.0000 0.0000 0.0000 0.0000 0.0000 0.0000 0.0000 0.0003 0.0001 0.0000 0.0000 0.0039 0.0071 0.0046 0.0012 0.0036 0.0289 0.0582 0.0021 0.0041 0.0042 0.0005 0.0010 0.0003 0.0011 0.0144
0.0118 0.0259 0.0031 0.1038 0.3193 0.4817 0.0637 0.0409 0.9838 0.1852 0.2178 0.2075 0.6186 1.4964 0.0643 0.0339 0.0916 0.1677 0.0253 0.0734 0.0041 0.0054 0.0113 0.0094 0.0122 0.0287 0.0928 0.0188 0.0595 0.2669 0.0511 0.3972 0.5609 0.5234 4.5437 47.2932 2.2863 0.0000 0.0007 0.0028 0.0003 0.0012 0.0045 0.0882 0.0424 0.4649 0.0001 0.0095 0.0001 0.0000 0.0000 0.0000 0.0000 0.0000 0.0000 0.0000 0.0005 0.0000 0.0000 0.0000 0.0000 0.0000 0.0000 0.0000 0.0000 0.0007 0.0002 0.0000 0.0000 0.0051
0.0013 0.0206 0.0005 0.0201 0.6079 0.0268 0.0063 0.0055 0.0253 0.0026 0.0050 0.0049 0.0037 0.0869 0.0169 0.0130 0.1296 0.5297 0.1520 3.9257 0.0954 0.2526 0.7473 0.1070 0.1030 0.1515 1.5543 0.2445 0.0607 0.2914 0.0253 0.0746 0.0259 0.0061 0.0122 0.0295 0.0060 0.0075 0.2503 0.2122 0.0323 0.7198 0.1993 0.0790 0.1100 0.8959 0.8219 1.7012 6.8034 4.2783 6.8043 0.0001 0.0001 0.0005 0.0029 0.0002 0.1075 0.3081 0.0771 0.3275 0.0001 0.1891 0.0001 0.0000 0.0000 0.0000 0.0000 0.0000 0.0000 0.0000
0.0006 0.0000 0.0000 0.0000 0.0000 0.0000 0.0000 0.0000 0.0000 0.0200 0.0060 0.0000 0.0000 0.2002 0.4737 0.1671 1.0526 1.6516 0.4918 6.7651 0.5980 2.4540 4.4021 12.6884 1.4856 3.4520 1.2530 0.4399 0.2027 1.5455 0.1286 0.3812 0.1793 0.0191 0.0847 0.3365 0.0023 0.0009 0.2173 0.1152 0.0103 0.1402 0.0809 0.0356 0.0808 0.5854 0.1552 0.1328 0.4495 0.1846 0.0990 0.0417 0.0554 0.0462 0.1259 0.0900 0.6776 0.0477 0.0317 0.0432 0.0041 0.0483 0.0026 0.0012 0.0018 200.8192 51.5674 0.1338 2.0335 62.5152
0.0193 0.0076 0.0002 0.0109 0.0000 0.0025 0.0002 0.0000 0.0000 0.2152 0.0000 0.0001 0.0060 0.0366 0.0002 0.0000 0.0011 0.0001 0.0000 0.0000 0.0000 0.0000 0.0000 0.0344 0.2300 0.0000 0.0000 0.0028 0.0449 0.2182 0.0296 0.1115 0.0943 0.1053 0.3339 2.5207 0.4404 2.3811 7.2118 4.7765 0.0820 3.1724 0.1271 0.0857 0.0518 0.1620 0.0495 0.0117 0.0239 0.0093 0.0005 0.0002 0.0044 0.0039 0.0207 0.0035 0.3654 0.0235 0.0277 0.0772 0.0396 0.4990 0.0853 0.1037 0.1220 0.0782 0.0527 0.0093 0.0155 0.0675
0.0008 0.0013 0.0001 0.0015 0.0005 0.0001 0.0000 0.0000 0.0001 2.0507 9.3298 0.0084 0.0244 1.9075 0.0002 0.0001 0.0001 0.0009 0.0000 0.0003 0.0000 0.0000 0.0000 0.0014 0.0000 0.0000 0.0009 0.0004 0.0000 0.0000 0.0000 0.0000 0.0000 0.0000 0.0000 0.0000 0.0000 0.0005 0.0921 0.0000 0.0000 0.0017 2.4480 0.0831 0.0487 0.3255 0.0194 0.0716 0.2076 0.0457 0.0218 0.0026 0.0041 0.0073 0.0582 0.0599 0.3413 0.0425 0.0133 0.0160 0.0094 0.0331 0.0034 0.0039 0.0005 0.0002 0.0025 0.0006 0.0019 0.0020
0.0308 0.0481 0.0057 0.1962 0.3079 0.0528 0.0215 0.0088 0.0615 0.0249 0.0394 0.0817 0.0230 0.1078 0.0089 0.0092 0.0507 0.1049 0.0035 0.0154 0.0010 0.0009 0.0007 0.0233 0.0076 17.9355 1.5154 0.0213 0.0200 0.0072 0.0005 0.0054 0.0000 0.0004 0.0006 0.0000 0.0000 0.0018 0.0000 0.0000 0.0000 0.0002 0.0002 0.0000 0.0000 0.0000 0.0000 0.0000 0.0000 0.0000 0.0000 0.0007 0.0051 0.0000 0.0000 0.0018 11.1757 0.4658 0.4133 0.3658 0.0693 2.5450 0.3483 0.4130 1.3722 0.2205 0.1559 0.0752 0.1308 0.6265
0.3498 1.0516 0.0330 0.4941 1.0957 0.0837 0.0562 0.0292 0.0168 0.0059 0.0664 0.0632 0.0345 0.0660 0.0753 0.0412 0.4023 1.7064 0.2513 0.7334 0.1327 0.3427 0.1913 0.0511 0.0317 0.1023 0.0991 0.0300 0.0144 0.1367 0.0239 0.0800 0.0061 0.0022 0.0050 0.0080 0.0006 0.1333 1.2656 9.1515 16.4530 7.2258 0.1680 0.0036 0.0019 0.0208 0.0000 0.0020 0.0022 0.0000 0.0000 0.0196 0.0000 0.0000 0.0005 0.0003 0.0215 0.0000 0.0004 0.0000 0.0000 0.0000 0.0000 0.0000 0.0000 0.0355 0.1284 0.0000 0.0000 0.0124
0.1252 0.1261 0.0106 0.1221 0.2437 0.1970 0.0947 0.0937 1.3755 1.7245 0.2691 0.4997 0.1120 0.6390 0.0400 0.0424 0.1104 0.2009 0.0415 0.0547 0.0067 0.0145 0.0010 0.0003 0.0025 0.0037 0.0070 0.0009 0.0057 0.0286 0.0089 0.0612 0.0205 0.0049 0.0489 0.2322 0.0126 0.0050 0.0774 0.0606 0.0028 0.1061 0.0044 0.0032 0.0041 0.0146 0.0007 0.0006 0.0006 0.0001 0.0001 1.1868 1.3914 0.0470 1.4350 34.0464 0.1095 0.0010 0.0003 0.0012 0.0000 0.0033 0.0001 0.0000 0.0000 0.0642 0.0000 0.0000 0.0029 0.0098
0.0001 0.0000 0.0000 0.0000 0.0000 0.0000 0.0000 0.0000 0.0000 0.0073 0.0375 0.0000 0.0000 0.0025 0.0385 0.3587 4.7425 3.5461 0.1436 0.3254 0.0194 0.0503 0.0286 0.0024 0.0017 0.0049 0.0140 0.0212 0.0077 0.1264 0.0378 0.1086 0.0527 0.0451 0.0249 0.3380 0.0054 0.0022 0.5150 0.2731 0.0103 0.0412 0.0236 0.0094 0.0074 0.0479 0.0061 0.0032 0.0020 0.0006 0.0004 0.0004 0.0011 0.0025 0.0108 0.0025 0.0705 0.0128 0.0093 0.0127 0.0019 0.0485 0.0061 0.0028 0.0043 0.0023 0.0009 0.0109 0.0579 0.0065
54.8431 0.0954 0.0026 0.1362 0.0010 0.0312 0.0302 0.0001 0.0004 0.0101 0.0000 0.0001 0.0000 0.0001 0.0481 0.0013 0.0163 0.0006 0.0000 0.0002 0.0000 0.0000 0.0000 0.0004 0.0014 0.0000 0.0000 0.0004 0.0026 0.1280 0.0087 0.0654 0.4221 0.0258 0.0403 0.2655 0.0146 0.0017 0.0327 0.0349 0.0047 0.7789 0.0247 0.0360 0.1099 0.3350 0.2216 0.8664 0.1077 0.2927 0.5960 0.3487 1.9389 1.7419 1.1051 0.0545 0.9497 0.0448 0.0182 0.0325 0.0080 0.0625 0.0020 0.0018 0.0028 0.0029 0.0044 0.0026 0.0096 0.0096
0.0048 0.0212 0.0015 0.0552 0.1063 0.0600 0.0766 0.0451 0.2985 0.0007 0.0005 0.0040 0.0024 0.0015 0.0110 11.9700 4.9787 55.3493 0.0052 4.6006 0.0017 0.0000 0.0014 0.0000 0.0000 0.0000 0.0000 0.0000 0.0003 0.0001 0.0000 0.0000 0.0000 0.0000 0.0000 0.0000 0.0000 0.0000 0.0035 0.0000 0.0000 0.0020 0.0008 0.0034 0.0027 0.0132 0.0548 0.0075 0.0054 0.0035 0.0017 0.0002 0.0003 0.0006 0.0045 0.0092 0.0527 0.0112 0.0178 0.0209 0.0267 1.5412 0.0097 0.0778 0.2768 0.1511 0.6900 0.1656 0.0511 0.0154
