1.5767 0.1049 0.0032 0.1021 0.0441 0.0526 0.0499 0.0147 0.0680 0.0079 0.0063 0.0121 0.0099 0.1148 0.0072 0.0076 0.0198 0.0363 0.0075 0.0098 0.0012 0.0026 0.0002 0.0000 0.0005 0.0007 0.0013 0.0002 0.0010 0.0051 0.0016 0.0110 0.0037 0.0009 0.0024 0.0074 0.0006 0.0003 0.0094 0.0109 0.0005 0.0166 0.0007 0.0006 0.0007 0.0026 0.0001 0.0001 0.0001 0.0000 0.0000 0.0005 0.0004 0.3295 0.1408 0.0027 0.0396 0.0002 0.0000 0.0002 0.0000 0.0006 0.0000 0.0000 0.0000 0.0004 0.0000 0.0000 0.0000 0.0000
0.0000 0.0000 0.0000 0.0000 0.0000 0.0000 0.0000 0.0000 0.0000 0.0007 0.0027 0.0000 0.0000 0.0012 0.0499 1.4050 0.4398 6.9106 0.1095 0.6341 0.0275 0.0987 0.0558 0.0043 0.0033 0.0096 0.0275 0.0412 0.0150 0.2464 0.0288 0.0828 0.0401 0.0043 0.0190 0.0749 0.0005 0.0002 0.0487 0.0258 0.0023 0.0314 0.0180 0.0071 0.0130 0.0933 0.0119 0.0063 0.0039 0.0012 0.0009 0.0007 0.0022 0.0049 0.0201 0.0049 0.0538 0.0097 0.0071 0.0097 0.0009 0.0108 0.0006 0.0003 0.0004 0.0015 0.0008 0.0142 0.0310 0.0036
0.0107 0.0007 0.0000 0.0010 0.0000 0.0002 0.0001 0.0000 0.0000 0.0001 0.0000 0.0000 0.0000 0.0000 0.0000 0.0000 0.0000 0.0000 0.0000 0.0000 0.0000 0.0000 0.0000 0.0001 0.0002 0.0000 0.0000 0.0001 0.0029 0.0924 0.2095 0.0473 0.0044 0.0021 0.0046 0.0148 0.0013 0.0002 0.0029 0.0031 0.0003 0.0436 0.0014 0.0018 0.0024 0.0074 0.0023 0.0007 0.0011 0.0004 0.0000 0.0000 0.0003 0.0002 0.0010 0.0002 0.0171 0.0010 0.0006 0.0017 0.0004 0.0035 0.0001 0.0002 0.0002 0.0002 0.0002 0.0001 0.0003 0.0005
0.0029 0.0126 0.0009 0.0155 0.0055 0.0014 0.0007 0.0001 0.0009 0.0075 0.0031 0.1219 0.1319 0.0271 0.2181 0.0008 0.0029 0.0118 0.0000 0.0071 0.0020 0.0000 0.0000 0.0017 0.0000 0.0000 0.0000 0.0000 0.0006 0.0001 0.0002 0.0000 0.0000 0.0000 0.0000 0.0000 0.0000 0.0001 0.0082 0.0000 0.0000 0.0030 0.0704 0.7943 0.1160 10.6372 0.0728 0.0764 0.0549 0.0356 0.0170 0.0018 0.0031 0.0057 0.0459 0.0943 0.5375 0.1137 0.0499 0.0587 0.0355 0.1239 0.0128 0.0148 0.0019 0.0009 0.0092 0.0022 0.0072 0.0074
0.0947 0.1323 0.0125 0.4297 0.3964 0.0680 0.0139 0.0056 0.0396 0.0320 0.0507 0.1198 0.0504 0.1388 0.0167 0.0258 0.1548 0.3228 0.0107 0.0474 0.0030 0.0026 0.0021 0.0046 0.0023 0.2361 0.3002 0.0042 0.1032 0.0219 0.0015 0.0165 0.0000 0.0011 0.0032 0.0001 0.0000 0.0004 0.0000 0.0000 0.0000 0.0001 0.0007 0.0000 0.0001 0.0000 0.0000 0.0000 0.0000 0.0000 0.0000 0.0005 0.0032 0.0000 0.0000 0.0023 0.7019 0.4542 0.0887 0.3566 6.9885 5.7837 0.2097 0.4027 0.4215 0.0542 0.0479 0.0231 0.1134 1.4238
0.0499 0.2570 0.0407 0.5942 2.8518 0.2178 0.1471 0.0760 0.0439 0.0154 0.1728 0.1646 0.0898 0.1717 0.1138 0.0457 0.1543 0.4170 0.0359 0.1054 0.0039 0.0066 0.0057 0.0035 0.0046 0.0167 0.0357 0.0043 0.0109 0.1535 0.0294 0.2096 0.0159 0.0057 0.0131 0.0208 0.0016 0.0006 0.0089 0.0361 0.0036 0.0156 0.0072 0.0094 0.0048 0.0543 0.0000 0.0053 0.0001 0.0000 0.0000 0.0000 0.0000 0.0000 0.0000 0.0000 0.0004 0.0000 0.0000 0.0000 0.0000 0.0000 0.0000 0.0000 0.0000 0.0007 0.0025 0.0000 0.0000 0.0018
0.0113 0.0500 0.0010 0.0487 0.1917 0.5565 0.0540 0.0314 0.1453 0.0147 0.0136 0.0259 0.0215 0.4995 0.0315 0.0331 0.0863 0.1580 0.0327 0.0427 0.0053 0.0114 0.0008 0.0002 0.0020 0.0029 0.0055 0.0007 0.0045 0.0223 0.0070 0.0479 0.0161 0.0038 0.0052 0.0159 0.0013 0.0012 0.0410 0.0476 0.0022 0.0724 0.0030 0.0025 0.0032 0.0115 0.0006 0.0004 0.0005 0.0001 0.0001 0.0003 0.0004 0.0043 0.0169 0.0009 0.0125 0.0008 0.0002 0.0009 0.0000 0.0026 0.0000 0.0000 0.0000 0.0000 0.0000 0.0000 0.0000 0.0000
0.0000 0.0000 0.0000 0.0000 0.0000 0.0000 0.0000 0.0000 0.0000 0.0008 0.0029 0.0000 0.0000 0.0025 0.0124 0.0048 0.0111 0.0476 0.0175 0.3572 0.1416 0.0762 0.0431 0.0033 0.0025 0.0074 0.0210 0.0157 0.0057 0.0550 0.0046 0.0136 0.0064 0.0007 0.0030 0.0120 0.0001 0.0000 0.0078 0.0041 0.0004 0.0050 0.0029 0.0013 0.0029 0.0208 0.0045 0.0024 0.0030 0.0009 0.0007 0.0003 0.0008 0.0017 0.0045 0.0019 0.0140 0.0017 0.0011 0.0015 0.0001 0.0017 0.0001 0.0000 0.0001 0.0009 0.0007 0.0035 0.0080 0.0014
0.0019 0.0021 0.0001 0.0030 0.0000 0.0007 0.0000 0.0000 0.0000 0.0005 0.0000 0.0000 0.0000 0.0000 0.0000 0.0000 0.0000 0.0000 0.0000 0.0000 0.0000 0.0000 0.0000 0.0010 0.0030 0.0000 0.0000 0.0005 0.0168 0.1738 0.0063 0.0888 0.0751 0.0838 0.2659 2.9995 0.1112 0.0127 0.2476 0.2639 0.0352 2.5267 0.0800 0.0683 0.0413 0.1290 0.0394 0.0093 0.0190 0.0074 0.0004 0.0002 0.0035 0.0031 0.0165 0.0028 0.2911 0.0187 0.0220 0.0615 0.0259 0.2015 0.0146 0.0133 0.0209 0.0096 0.0141 0.0074 0.0123 0.0312
0.0329 0.0972 0.0064 0.1091 0.0386 0.0100 0.0035 0.0007 0.0048 0.0613 0.0462 0.2917 0.2049 0.1250 0.0081 0.0044 0.0097 0.0636 0.0000 0.0233 0.0001 0.0000 0.0000 0.0008 0.0000 0.0000 0.0000 0.0000 0.0000 0.0000 0.0000 0.0000 0.0000 0.0000 0.0000 0.0000 0.0000 0.0037 0.2918 0.0000 0.0000 0.0718 0.0688 0.0632 0.0262 0.2477 0.1344 0.3349 0.4894 0.3659 0.7589 0.0589 0.1026 0.1852 0.5303 0.4134 2.3710 0.2931 0.0921 0.1110 0.0656 0.2288 0.0237 0.0273 0.0036 0.0016 0.0170 0.0041 0.0132 0.0137
0.0660 0.1024 0.0121 0.4180 0.6600 0.1132 0.1107 0.0689 0.3149 0.1106 0.0844 0.1752 0.0490 0.2296 0.0190 0.0197 0.1079 0.2249 0.0075 0.0330 0.0021 0.0018 0.0015 0.0455 0.0280 0.0871 0.6641 0.0262 0.0031 0.0152 0.0011 0.0115 0.0000 0.0008 0.0001 0.0000 0.0000 0.0008 0.0000 0.0000 0.0000 0.0002 0.0000 0.0000 0.0000 0.0000 0.0000 0.0000 0.0000 0.0000 0.0000 0.0056 0.0400 0.0000 0.0000 0.0039 0.1680 0.0196 0.0053 0.0154 0.0162 0.5977 0.0441 0.0970 0.3223 3.4538 0.2676 0.0802 0.0500 0.1471
0.0506 0.1202 0.0038 0.0561 0.1245 0.0096 0.0064 0.0033 0.0019 0.0007 0.0076 0.0072 0.0039 0.0075 0.0086 0.0047 0.0460 0.1950 0.0350 0.1654 0.0337 0.0768 0.0488 0.0188 0.0108 0.0117 0.0113 0.0059 0.0028 0.0155 0.0027 0.0091 0.0007 0.0002 0.0006 0.0009 0.0001 0.1236 2.4639 0.0665 0.0265 1.1387 0.0011 0.0004 0.0002 0.0024 0.0000 0.0002 0.0000 0.0000 0.0000 0.0001 0.0000 0.0000 0.0002 0.0001 0.0001 0.0000 0.0000 0.0000 0.0000 0.0000 0.0000 0.0000 0.0000 0.0137 0.1072 0.0000 0.0000 0.0024
0.0029 0.0092 0.0002 0.0090 0.0356 0.0286 0.0138 0.0136 0.2000 0.1483 2.2361 0.8488 0.0901 0.0929 0.0387 0.0090 0.0160 0.0528 0.0060 0.0079 0.0010 0.0021 0.0001 0.0000 0.0004 0.0005 0.0011 0.0003 0.0021 0.0178 0.0056 0.0382 0.0191 0.0073 0.1210 0.5749 0.0314 0.0233 0.3447 0.0804 0.0038 0.2627 0.0110 0.0027 0.0026 0.0044 0.0015 0.0004 0.0002 0.0000 0.0000 0.0023 0.0042 0.0011 0.0233 0.0026 0.0023 0.0001 0.0000 0.0002 0.0000 0.0005 0.0000 0.0000 0.0000 0.0001 0.0000 0.0000 0.0000 0.0000
0.0000 0.0000 0.0000 0.0000 0.0000 0.0000 0.0000 0.0000 0.0000 0.4700 0.2523 0.0000 0.0000 0.0805 0.0218 0.0247 0.0441 0.2441 0.0902 1.2413 0.1097 0.4503 0.8077 0.2833 1.1215 6.2646 1.3618 0.0807 0.2203 0.4677 0.0236 0.1423 0.0331 0.0035 0.0155 0.0617 0.0004 0.0002 0.0399 0.0213 0.0023 0.0599 0.0419 0.0318 0.0721 0.5189 0.1687 0.1443 0.4855 0.2006 0.1076 0.0414 0.0569 0.0458 0.1195 0.0978 0.7365 0.0445 0.0174 0.0186 0.0039 0.0216 0.0005 0.0002 0.0004 0.0770 0.0555 0.0062 0.0811 0.0545
0.0002 0.0003 0.0000 0.0004 0.0000 0.0001 0.0000 0.0000 0.0000 0.0001 0.0000 0.0000 0.0000 0.0000 0.0000 0.0000 0.0000 0.0000 0.0000 0.0000 0.0000 0.0000 0.0000 0.0056 0.0068 0.0000 0.0000 0.0006 0.0018 0.0192 0.0007 0.0097 0.0082 0.0092 0.0288 0.2172 0.0137 0.0026 0.2617 0.3137 0.2205 0.4399 0.0595 0.0112 0.0045 0.0261 0.0043 0.0010 0.0021 0.0008 0.0000 0.0000 0.0004 0.0003 0.0020 0.0006 0.0815 0.0090 0.0106 0.0295 0.0185 0.2336 0.0397 0.0158 0.0571 0.0264 0.0184 0.0040 0.0063 0.0316
0.0088 0.0128 0.0005 0.0066 0.0052 0.0006 0.0001 0.0000 0.0001 0.0032 0.0024 0.0083 0.0066 0.0063 0.0002 0.0001 0.0003 0.0018 0.0000 0.0007 0.0000 0.0000 0.0000 0.0000 0.0000 0.0000 0.0000 0.0000 0.0000 0.0000 0.0000 0.0000 0.0000 0.0000 0.0000 0.0000 0.0000 0.0011 0.0154 0.0000 0.0000 0.0191 0.0096 0.0178 0.0047 0.0696 0.0378 0.0941 0.0680 0.0438 0.0210 0.0022 0.0039 0.0070 0.0898 0.4690 1.7031 0.0823 0.0260 0.0312 0.0184 0.0643 0.0067 0.0077 0.0010 0.0004 0.0048 0.0012 0.0037 0.0043
0.1496 0.3999 0.0471 1.6323 2.8449 0.4879 0.0691 0.0157 0.2101 0.2300 0.3639 0.7551 0.2049 0.9959 0.0824 0.0805 0.2602 0.4211 0.0164 0.0556 0.0036 0.0031 0.0025 0.0104 0.0064 0.0721 0.1513 0.0060 0.0052 0.0259 0.0018 0.0194 0.0000 0.0013 0.0002 0.0000 0.0000 0.0002 0.0000 0.0000 0.0000 0.0001 0.0000 0.0000 0.0000 0.0000 0.0000 0.0000 0.0000 0.0000 0.0000 0.0013 0.0091 0.0000 0.0000 0.0168 0.3244 0.0879 0.0120 0.0690 0.0724 2.6736 0.0970 0.1850 0.1948 0.0315 0.1466 0.0795 0.3535 1.6829
3.8295 2.2127 0.0198 1.2825 0.5708 0.0263 0.0313 0.0091 0.0146 0.0019 0.0208 0.0197 0.0550 0.1962 0.2712 0.2554 2.4949 10.5821 2.2575 7.0515 0.1823 0.1255 0.2644 0.1935 0.2254 0.7045 0.6580 0.2067 0.0994 0.8849 0.0914 0.2394 0.0214 0.0036 0.0049 0.0077 0.0006 0.0015 0.0245 0.0789 0.0078 0.0340 0.0026 0.0011 0.0006 0.0065 0.0000 0.0006 0.0000 0.0000 0.0000 0.0000 0.0000 0.0000 0.0000 0.0000 0.0001 0.0000 0.0000 0.0000 0.0000 0.0000 0.0000 0.0000 0.0000 0.0130 0.0068 0.0000 0.0000 0.0852
0.0067 0.0756 0.0009 0.0736 0.2916 0.1369 0.0326 0.0279 0.1292 0.0131 0.0177 0.0380 0.0286 0.4468 0.1875 0.6075 0.1998 1.8919 0.0522 0.0650 0.0085 0.0173 0.0014 0.0003 0.0030 0.0044 0.0181 0.0042 0.0336 0.2674 0.0835 0.5730 0.0967 0.0229 0.0214 0.0290 0.0059 0.0073 0.2458 0.3795 0.0260 0.5097 0.0294 0.0304 0.0242 0.0708 0.0035 0.0015 0.0010 0.0001 0.0001 0.0003 0.0004 0.0025 0.0150 0.0008 0.0191 0.0012 0.0003 0.0014 0.0000 0.0039 0.0000 0.0000 0.0000 0.0000 0.0000 0.0000 0.0000 0.0000
0.0000 0.0000 0.0000 0.0000 0.0000 0.0000 0.0000 0.0000 0.0000 0.0152 0.0265 0.0000 0.0000 0.1579 0.0207 0.1143 0.1839 1.1230 1.5001 2.4048 0.1045 0.3720 0.2115 0.0162 0.0123 0.0363 0.1043 0.1564 0.1083 1.4223 3.0681 3.4058 1.1404 0.0584 0.5390 1.0263 0.0070 0.0028 0.6668 0.3536 0.0417 1.0600 0.7412 0.2940 0.2304 0.7901 0.0861 0.0458 0.0196 0.0045 0.0046 0.0053 0.0160 0.0417 0.3374 0.0444 2.2122 0.4010 0.2902 0.3288 0.0312 0.1958 0.0079 0.0037 0.0055 0.0044 0.0032 0.0059 0.0211 0.0070
0.0008 0.0017 0.0000 0.0025 0.0000 0.0006 0.0000 0.0000 0.0000 0.0000 0.0000 0.0000 0.0000 0.0000 0.0000 0.0000 0.0000 0.0000 0.0000 0.0000 0.0000 0.0000 0.0000 0.0000 0.0001 0.0000 0.0000 0.0001 0.0003 0.0131 0.0007 0.0066 0.0203 0.0027 0.0042 0.0276 0.0015 0.0002 0.0061 0.0074 0.0009 0.0811 0.0214 0.0295 0.0335 0.6239 0.0221 0.0025 0.0107 0.0020 0.0002 0.0000 0.0009 0.0008 0.0168 0.0054 0.6707 0.0605 0.0248 0.0328 0.0069 0.0538 0.0012 0.0005 0.0018 0.0025 0.0038 0.0026 0.0130 0.0098
0.0813 0.4263 0.0220 0.3068 0.1093 0.0150 0.0032 0.0007 0.0044 0.0012 0.0009 0.0068 0.0042 0.0025 0.0023 0.0017 0.0039 0.0254 0.0000 0.0093 0.0000 0.0000 0.0000 0.0000 0.0000 0.0000 0.0000 0.0000 0.0000 0.0000 0.0000 0.0000 0.0000 0.0000 0.0000 0.0000 0.0000 0.0002 0.0059 0.0000 0.0000 0.0283 0.0032 0.0141 0.0053 0.0553 0.2306 0.0315 0.0226 0.0147 0.0070 0.0007 0.0013 0.0024 0.0189 0.0389 0.3702 0.0496 0.1551 0.1824 0.6912 0.3924 0.1622 0.0468 0.0080 0.0027 0.0291 0.0070 0.0549 0.0937
0.3369 0.2508 0.0103 0.1686 0.1324 0.0227 0.0032 0.0011 0.0098 0.0107 0.0169 0.0470 0.0390 0.0583 0.0317 0.0489 0.2934 1.9780 0.0657 0.1749 0.0068 0.0059 0.0048 0.0007 0.0005 0.0052 0.0109 0.0004 0.0023 0.0336 0.0024 0.0254 0.0000 0.0017 0.0001 0.0000 0.0000 0.0000 0.0000 0.0000 0.0000 0.0000 0.0000 0.0000 0.0000 0.0000 0.0000 0.0000 0.0000 0.0000 0.0000 0.0001 0.0007 0.0000 0.0000 0.0008 0.0227 0.0147 0.0038 0.0115 0.0929 0.1871 0.0068 0.0130 0.0136 0.0018 0.0015 0.0007 0.0037 0.0461
0.0055 0.0285 0.0045 0.0658 0.3159 1.3365 0.0163 0.0589 0.1399 0.0282 0.3160 0.3011 0.1133 0.0634 0.0125 0.0051 0.0171 0.0462 0.0040 0.0117 0.0004 0.0007 0.0006 0.0004 0.0005 0.0019 0.0040 0.0005 0.0012 0.0170 0.0033 0.0232 0.0091 0.0072 0.0421 0.0667 0.0053 0.0001 0.0010 0.0040 0.0004 0.0017 0.0065 0.0172 0.0089 0.0994 0.0001 0.0097 0.0002 0.0000 0.0000 0.0000 0.0000 0.0000 0.0000 0.0000 0.0007 0.0000 0.0000 0.0000 0.0000 0.0000 0.0000 0.0000 0.0000 0.0001 0.0003 0.0000 0.0000 0.0002
0.0010 0.0160 0.0003 0.0156 0.4718 0.0208 0.0049 0.0042 0.0196 0.0020 0.0018 0.0035 0.0029 0.0674 0.0075 0.0080 0.2085 0.3724 0.3209 0.1052 0.3322 0.0280 0.0100 0.0006 0.0048 0.0072 0.1258 0.0250 0.0270 0.0649 0.0070 0.0228 0.0038 0.0009 0.0008 0.0021 0.0002 0.0003 0.0098 0.0151 0.0021 0.0217 0.0060 0.0075 0.0104 0.1196 0.0207 0.0103 0.0067 0.0010 0.0007 0.0000 0.0001 0.0004 0.0023 0.0001 0.0103 0.0020 0.0005 0.0023 0.0000 0.0063 0.0000 0.0000 0.0000 0.0000 0.0000 0.0000 0.0000 0.0000
0.0000 0.0000 0.0000 0.0000 0.0000 0.0000 0.0000 0.0000 0.0000 0.0001 0.0005 0.0000 0.0000 0.0008 0.0008 0.0045 0.0074 0.0450 0.1269 0.0957 0.0042 0.0149 0.0084 0.0006 0.0005 0.0015 0.0042 0.0062 0.0023 0.0372 0.0157 0.0454 0.0465 0.0345 0.0219 1.5821 0.0042 0.0017 0.3922 0.2092 0.0186 0.0740 0.0120 0.0039 0.0031 0.0141 0.0018 0.0010 0.0006 0.0002 0.0001 0.0001 0.0003 0.0007 0.0045 0.0007 0.0295 0.0053 0.0039 0.0112 0.0034 0.0878 0.0047 0.0022 0.0033 0.0002 0.0001 0.0002 0.0008 0.0003
0.0475 0.4476 0.0119 0.6392 0.0029 0.1465 0.0009 0.0000 0.0005 0.0002 0.0000 0.0000 0.0000 0.0000 0.0003 0.0000 0.0001 0.0000 0.0000 0.0000 0.0000 0.0000 0.0000 0.0008 0.0025 0.0000 0.0000 0.0007 0.0005 0.0253 0.0017 0.0129 0.0833 0.0051 0.0080 0.0524 0.0029 0.0003 0.0065 0.0069 0.0009 0.1547 0.0136 0.0085 0.0218 0.1362 0.0578 0.3001 0.1086 0.0581 1.6961 0.0706 0.3141 0.2822 1.4896 0.0734 1.2412 0.0385 0.0158 0.0207 0.0044 0.0342 0.0007 0.0003 0.0011 0.0016 0.0024 0.0017 0.0082 0.0087
0.0021 0.0069 0.0005 0.0275 0.0540 0.0307 0.0391 0.0081 0.0540 0.0001 0.0000 0.0003 0.0002 0.0001 0.0008 0.0398 0.0703 0.5809 0.0001 0.0895 0.0000 0.0000 0.0000 0.0000 0.0000 0.0000 0.0000 0.0000 0.0000 0.0000 0.0000 0.0000 0.0000 0.0000 0.0000 0.0000 0.0000 0.0000 0.0003 0.0000 0.0000 0.0005 0.0001 0.0002 0.0001 0.0009 0.0039 0.0005 0.0004 0.0002 0.0001 0.0000 0.0000 0.0000 0.0003 0.0007 0.0038 0.0008 0.0013 0.0015 0.0019 0.1097 0.0008 0.0055 0.0399 0.7970 0.0488 0.0118 0.0074 0.0022
0.0096 0.0072 0.0003 0.0062 0.0058 0.0010 0.0002 0.0001 0.0006 0.0005 0.0007 0.0017 0.0011 0.0022 0.0012 0.0014 0.0084 0.0565 0.0103 0.1005 0.0236 0.0458 0.0373 0.0001 0.0000 0.0004 0.0008 0.0000 0.0013 0.9227 0.0404 0.7179 0.0002 0.0155 0.0002 0.0000 0.0000 0.0000 0.0000 0.0000 0.0000 0.0000 0.0000 0.0000 0.0000 0.0000 0.0000 0.0000 0.0000 0.0000 0.0000 0.0000 0.0000 0.0000 0.0000 0.0000 0.0502 0.0325 0.0083 0.0255 0.2052 0.4133 0.0150 0.0288 0.0301 0.0039 0.0034 0.0017 0.0081 0.1017
0.0116 0.0599 0.0095 0.1384 0.6643 0.8377 0.0343 0.1240 0.8306 0.3555 6.7788 3.7973 0.1472 0.0819 0.0265 0.0106 0.0359 0.0971 0.0084 0.0245 0.0009 0.0015 0.0013 0.0008 0.0011 0.0039 0.0083 0.0010 0.0025 0.0358 0.0069 0.0488 0.0118 0.0093 0.0505 0.0799 0.0063 0.0001 0.0021 0.0084 0.0008 0.0036 0.0136 0.2182 0.1123 1.2534 0.0008 0.1227 0.0008 0.0000 0.0001 0.0000 0.0000 0.0000 0.0000 0.0000 0.0026 0.0000 0.0000 0.0000 0.0000 0.0000 0.0000 0.0000 0.0000 0.0002 0.0006 0.0000 0.0000 0.0004
0.0003 0.0043 0.0001 0.0042 0.1264 0.0056 0.0013 0.0011 0.0053 0.0005 0.0005 0.0009 0.0008 0.0181 0.0011 0.0020 0.0269 0.0478 0.0214 0.4652 0.0035 0.0525 0.0427 0.0140 0.1284 0.4860 0.0252 0.0009 0.0017 0.0062 0.0007 0.0029 0.0006 0.0001 0.0002 0.0006 0.0000 0.0000 0.0015 0.0019 0.0002 0.0026 0.0006 0.0007 0.0010 0.0075 0.0012 0.0021 0.0052 0.0008 0.0006 0.0000 0.0000 0.0001 0.0006 0.0000 0.0222 0.0519 0.0139 0.0602 0.0001 0.1678 0.0001 0.0000 0.0000 0.0000 0.0000 0.0000 0.0000 0.0000
0.0001 0.0000 0.0000 0.0000 0.0000 0.0000 0.0000 0.0000 0.0000 0.0001 0.0005 0.0000 0.0000 0.0004 0.0007 0.0041 0.0066 0.0403 0.1136 0.0857 0.0037 0.0133 0.0075 0.0006 0.0005 0.0016 0.0042 0.0056 0.0104 0.0730 0.0187 0.1535 0.1007 0.0504 0.1842 0.5437 0.0431 0.0041 0.3533 0.1873 0.5520 1.4010 0.1324 0.0280 0.0221 0.0756 0.0082 0.0044 0.0019 0.0003 0.0004 0.0005 0.0015 0.0040 0.0321 0.0055 0.2745 0.0382 0.0276 0.1225 0.0639 1.6610 0.0542 0.0250 0.0374 0.0002 0.0001 0.0002 0.0008 0.0003
0.0019 0.0294 0.0006 0.0420 0.0001 0.0057 0.0000 0.0000 0.0000 0.0000 0.0000 0.0000 0.0000 0.0000 0.0000 0.0000 0.0000 0.0000 0.0000 0.0000 0.0000 0.0000 0.0000 0.0001 0.0001 0.0000 0.0000 0.0002 0.0001 0.0064 0.0003 0.0033 0.0210 0.0013 0.0020 0.0132 0.0007 0.0001 0.0040 0.0041 0.0005 0.0431 0.0117 0.0073 0.0136 0.1183 0.0440 0.0087 0.0808 0.0042 0.0029 0.0003 0.0020 0.0018 0.2002 0.8221 0.9523 0.0696 0.0229 0.0275 0.0067 0.0517 0.0015 0.0011 0.0042 0.0058 0.0088 0.0035 0.0216 0.0320
0.0242 0.0654 0.0047 0.3869 0.6339 0.0769 0.0122 0.0025 0.0168 0.0000 0.0000 0.0002 0.0001 0.0001 0.0001 0.0005 0.0008 0.0067 0.0000 0.0015 0.0000 0.0000 0.0000 0.0000 0.0000 0.0000 0.0000 0.0000 0.0000 0.0000 0.0000 0.0000 0.0000 0.0000 0.0000 0.0000 0.0000 0.0000 0.0002 0.0000 0.0000 0.0053 0.0006 0.0027 0.0010 0.0104 0.0252 0.0059 0.0043 0.0028 0.0013 0.0001 0.0006 0.0013 0.0091 0.0098 0.4815 0.0437 0.0423 0.1412 0.0490 0.0429 0.0187 0.0051 0.0044 0.0005 0.0032 0.0008 0.0302 0.0516
0.8022 0.3489 0.0143 0.2345 0.1842 0.0316 0.0045 0.0008 0.0136 0.0149 0.0236 0.0654 0.0543 0.0811 0.0441 0.0681 0.4107 1.1661 0.0388 0.1031 0.0040 0.0035 0.0028 0.0001 0.0001 0.0010 0.0022 0.0001 0.0005 0.0039 0.0003 0.0029 0.0000 0.0002 0.0000 0.0000 0.0000 0.0000 0.0000 0.0000 0.0000 0.0000 0.0000 0.0000 0.0000 0.0000 0.0000 0.0000 0.0000 0.0000 0.0000 0.0001 0.0001 0.0000 0.0000 0.0011 0.0093 0.0054 0.0011 0.0042 0.0161 0.0766 0.0028 0.0053 0.0056 0.0007 0.0027 0.0015 0.0066 0.0434
0.0462 0.0942 0.0051 0.3314 0.1475 0.0043 0.0081 0.0015 0.0038 0.0003 0.0034 0.0033 0.0142 0.1064 0.0701 0.3017 0.6329 1.0828 0.0624 0.1809 0.0027 0.0036 0.0075 0.0062 0.0081 0.0403 0.1457 0.0124 0.0394 0.7082 0.0759 0.1298 0.0144 0.0024 0.0025 0.0040 0.0003 0.0000 0.0004 0.0017 0.0002 0.0007 0.0003 0.0002 0.0001 0.0011 0.0000 0.0001 0.0000 0.0000 0.0000 0.0000 0.0000 0.0000 0.0000 0.0000 0.0000 0.0000 0.0000 0.0000 0.0000 0.0000 0.0000 0.0000 0.0000 0.0004 0.0001 0.0000 0.0000 0.0034
0.0004 0.0041 0.0001 0.0040 0.0248 0.0074 0.0018 0.0015 0.0070 0.0007 0.0028 0.0060 0.0045 0.0553 0.0297 0.0213 0.0333 0.2652 0.0110 0.0055 0.0019 0.0015 0.0004 0.0000 0.0003 0.0004 0.0056 0.0022 0.0104 0.2528 0.0855 0.2185 0.0288 0.0068 0.0036 0.0086 0.0018 0.0022 0.0732 0.1343 0.0230 0.2016 0.0260 0.0268 0.0205 0.0370 0.0026 0.0010 0.0005 0.0001 0.0001 0.0000 0.0000 0.0001 0.0008 0.0000 0.0011 0.0001 0.0000 0.0001 0.0000 0.0003 0.0000 0.0000 0.0000 0.0000 0.0000 0.0000 0.0000 0.0000
0.0000 0.0000 0.0000 0.0000 0.0000 0.0000 0.0000 0.0000 0.0000 0.0003 0.0001 0.0000 0.0000 0.0035 0.0002 0.0009 0.0009 0.0087 0.0032 0.0258 0.0011 0.0040 0.0023 0.0002 0.0006 0.0019 0.0049 0.0039 0.0122 0.0795 0.0019 0.0242 0.0023 0.0001 0.0011 0.0022 0.0000 0.0000 0.0014 0.0008 0.0004 0.0156 0.0071 0.0130 0.0295 0.2384 0.0181 0.0095 0.0023 0.0006 0.0010 0.0011 0.0034 0.0104 0.0459 0.0103 0.1162 0.0174 0.0069 0.0048 0.0007 0.0037 0.0001 0.0000 0.0001 0.0000 0.0000 0.0001 0.0002 0.0001
0.0014 0.0022 0.0001 0.0032 0.0000 0.0007 0.0000 0.0000 0.0000 0.0001 0.0000 0.0000 0.0000 0.0000 0.0000 0.0000 0.0000 0.0000 0.0000 0.0000 0.0000 0.0000 0.0000 0.0035 0.0009 0.0000 0.0000 0.0104 0.0021 0.0450 0.0016 0.0229 0.0194 0.0216 0.0337 0.2219 0.0122 0.0017 0.1768 0.2106 0.0258 1.6648 0.4524 0.1186 0.0203 0.2766 0.0169 0.0024 0.0087 0.0019 0.0003 0.0000 0.0009 0.0008 0.0216 0.0121 0.8603 0.1798 0.2119 0.5916 1.0424 6.5420 0.0677 0.0481 0.1865 0.2402 0.3631 0.1626 0.2610 0.6867
0.1823 0.5058 0.0197 0.1190 0.1091 0.0132 0.0021 0.0004 0.0029 0.0021 0.0016 0.0093 0.0057 0.0035 0.0005 0.0003 0.0006 0.0041 0.0000 0.0015 0.0000 0.0000 0.0000 0.0000 0.0000 0.0000 0.0000 0.0000 0.0000 0.0000 0.0000 0.0000 0.0000 0.0000 0.0000 0.0000 0.0000 0.0033 0.0099 0.0000 0.0000 0.3976 0.0028 0.0052 0.0014 0.0204 0.0112 0.0278 0.0200 0.0129 0.0062 0.0013 0.0118 0.0241 0.1755 0.0877 5.9887 0.1630 0.0146 0.0762 0.0090 0.0190 0.0035 0.0023 0.0008 0.0001 0.0014 0.0003 0.0056 0.0189
0.0076 0.0380 0.0045 0.1553 0.8329 0.3189 0.0148 0.0047 0.0817 0.0805 0.0874 0.1480 0.0401 0.1952 0.0161 0.0158 0.0510 0.0374 0.0032 0.0067 0.0002 0.0002 0.0001 0.0001 0.0001 0.0004 0.0009 0.0000 0.0000 0.0002 0.0000 0.0001 0.0000 0.0000 0.0000 0.0000 0.0000 0.0000 0.0000 0.0000 0.0000 0.0000 0.0000 0.0000 0.0000 0.0000 0.0000 0.0000 0.0000 0.0000 0.0000 0.0004 0.0001 0.0000 0.0000 0.0033 0.0051 0.0007 0.0001 0.0005 0.0006 0.0208 0.0015 0.0033 0.0073 0.0021 0.0218 0.0053 0.0234 0.0091
1.0704 0.7085 0.0063 0.4107 0.1828 0.0121 0.0100 0.0042 0.0046 0.0009 0.0096 0.0092 0.0176 0.1501 0.0868 0.0875 0.8394 3.5601 1.4438 6.8216 5.6412 2.2278 4.6637 1.2466 0.7454 0.8672 0.8722 0.5439 0.2616 0.7201 0.0952 0.1131 0.0563 0.0095 0.0099 0.0157 0.0012 0.0061 0.0963 0.0731 0.0174 0.1167 0.0012 0.0005 0.0003 0.0030 0.0000 0.0003 0.0000 0.0000 0.0000 0.0001 0.0000 0.0000 0.0000 0.0000 0.0001 0.0000 0.0000 0.0000 0.0000 0.0000 0.0000 0.0000 0.0000 0.2310 0.0269 0.0000 0.0000 0.2255
0.0006 0.0019 0.0000 0.0019 0.0075 0.0060 0.0029 0.0028 0.0418 0.0083 0.1030 0.0867 0.0212 0.0194 0.0106 0.0026 0.0034 0.0155 0.0013 0.0017 0.0002 0.0004 0.0000 0.0000 0.0001 0.0001 0.0003 0.0003 0.0006 0.0100 0.0031 0.0211 0.0197 0.0075 0.0667 1.0252 0.0332 0.0139 0.2060 0.0848 0.0041 0.2772 0.0116 0.0028 0.0027 0.0034 0.0011 0.0004 0.0002 0.0000 0.0000 0.0002 0.0002 0.0002 0.0049 0.0004 0.0005 0.0000 0.0000 0.0000 0.0000 0.0001 0.0000 0.0000 0.0000 0.0000 0.0000 0.0000 0.0000 0.0000
0.0000 0.0000 0.0000 0.0000 0.0000 0.0000 0.0000 0.0000 0.0000 0.1130 0.0060 0.0000 0.0000 0.0359 0.0010 0.0012 0.0014 0.0118 0.0044 0.0599 0.0052 0.0215 0.0253 0.0044 0.0390 0.0578 0.1494 0.0074 0.0302 0.0682 0.0016 0.0207 0.0020 0.0002 0.0010 0.0030 0.0000 0.0000 0.0019 0.0010 0.0003 0.0375 0.0061 0.0089 0.0199 0.1438 0.0867 0.0742 0.3004 0.0721 0.1712 0.0472 0.0649 0.0461 0.1305 0.1116 0.8399 0.0298 0.0149 0.0072 0.0045 0.0248 0.0006 0.0003 0.0004 0.0012 0.0009 0.0003 0.0025 0.0013
0.0001 0.0001 0.0000 0.0002 0.0000 0.0000 0.0000 0.0000 0.0000 0.0000 0.0000 0.0000 0.0000 0.0000 0.0000 0.0000 0.0000 0.0000 0.0000 0.0000 0.0000 0.0000 0.0000 0.0160 0.0008 0.0000 0.0000 0.0057 0.0002 0.0047 0.0002 0.0024 0.0020 0.0023 0.0035 0.0242 0.0027 0.0010 0.2939 0.0878 0.0107 0.1761 0.0548 0.0125 0.0021 0.0291 0.0018 0.0003 0.0009 0.0002 0.0000 0.0000 0.0001 0.0001 0.0023 0.0031 0.0910 0.0194 0.0224 0.0622 0.0656 0.8276 0.0603 0.0450 0.1661 0.5018 0.2967 0.0304 0.0528 0.2757
0.8460 0.7259 0.0365 0.2173 0.6767 0.0614 0.0097 0.0020 0.0134 0.0110 0.0105 0.0114 0.0145 0.0137 0.0006 0.0003 0.0008 0.0050 0.0000 0.0018 0.0000 0.0000 0.0000 0.0001 0.0000 0.0000 0.0000 0.0000 0.0000 0.0000 0.0000 0.0000 0.0000 0.0000 0.0000 0.0000 0.0000 0.0697 0.0665 0.0000 0.0000 1.8449 0.0066 0.0123 0.0032 0.0481 0.0262 0.0654 0.0469 0.0304 0.0145 0.0046 0.1223 0.0642 0.4672 0.2063 10.0915 0.3858 0.0344 0.1803 0.0212 0.0447 0.0082 0.0053 0.0019 0.0003 0.0033 0.0008 0.0133 0.1087
0.0072 0.0370 0.0043 0.1481 0.5352 0.1105 0.0353 0.0114 0.1934 0.3900 0.7708 0.2507 0.0733 0.7069 0.0585 0.0177 0.0731 0.0537 0.0155 0.0242 0.0007 0.0006 0.0005 0.0001 0.0001 0.0004 0.0009 0.0000 0.0000 0.0001 0.0000 0.0001 0.0000 0.0000 0.0000 0.0000 0.0000 0.0000 0.0000 0.0000 0.0000 0.0000 0.0000 0.0000 0.0000 0.0000 0.0000 0.0000 0.0000 0.0000 0.0000 0.0018 0.0002 0.0000 0.0000 0.0120 0.0095 0.0029 0.0004 0.0023 0.0024 0.0784 0.0028 0.0055 0.0057 0.0007 0.0059 0.0017 0.0075 0.0493
0.0397 0.0487 0.0004 0.0282 0.0126 0.0005 0.0007 0.0002 0.0003 0.0000 0.0004 0.0004 0.0012 0.0104 0.0060 0.0125 0.1226 0.5167 0.1102 0.3197 0.0083 0.0110 0.0231 0.0191 0.0249 0.1621 0.1330 0.0367 0.0177 0.1032 0.0107 0.0127 0.0038 0.0006 0.0007 0.0011 0.0001 0.0000 0.0003 0.0013 0.0001 0.0006 0.0000 0.0000 0.0000 0.0001 0.0000 0.0000 0.0000 0.0000 0.0000 0.0000 0.0000 0.0000 0.0000 0.0000 0.0000 0.0000 0.0000 0.0000 0.0000 0.0000 0.0000 0.0000 0.0000 0.0012 0.0001 0.0000 0.0000 0.0101
0.0003 0.0038 0.0000 0.0037 0.0214 0.0068 0.0016 0.0014 0.0064 0.0007 0.0057 0.0059 0.0045 0.0548 0.0294 0.0197 0.0290 0.2306 0.0095 0.0048 0.0016 0.0013 0.0004 0.0000 0.0002 0.0003 0.0049 0.0034 0.0090 0.2198 0.0682 0.2021 0.0587 0.0138 0.0139 0.0339 0.0069 0.0086 0.2856 0.5472 0.1020 0.8265 0.1064 0.0615 0.0462 0.0578 0.0100 0.0037 0.0018 0.0003 0.0002 0.0000 0.0000 0.0001 0.0007 0.0000 0.0010 0.0001 0.0000 0.0001 0.0000 0.0003 0.0000 0.0000 0.0000 0.0000 0.0000 0.0000 0.0000 0.0000
0.0000 0.0000 0.0000 0.0000 0.0000 0.0000 0.0000 0.0000 0.0000 0.0009 0.0001 0.0000 0.0000 0.0099 0.0001 0.0002 0.0003 0.0025 0.0009 0.0124 0.0005 0.0019 0.0011 0.0001 0.0012 0.0019 0.0050 0.0021 0.0065 0.0224 0.0006 0.0068 0.0007 0.0000 0.0003 0.0006 0.0000 0.0000 0.0004 0.0002 0.0002 0.0171 0.0021 0.0041 0.0087 0.0555 0.0199 0.0105 0.0096 0.0023 0.0041 0.0047 0.0140 0.0201 0.0595 0.0765 0.3806 0.0135 0.0068 0.0033 0.0020 0.0112 0.0003 0.0001 0.0002 0.0000 0.0000 0.0000 0.0001 0.0000
0.0001 0.0001 0.0000 0.0001 0.0000 0.0000 0.0000 0.0000 0.0000 0.0000 0.0000 0.0000 0.0000 0.0000 0.0000 0.0000 0.0000 0.0000 0.0000 0.0000 0.0000 0.0000 0.0000 0.0020 0.0001 0.0000 0.0000 0.0065 0.0001 0.0024 0.0001 0.0012 0.0037 0.0008 0.0012 0.0080 0.0004 0.0001 0.0192 0.0107 0.0013 0.0600 0.0164 0.0069 0.0061 0.0624 0.0051 0.0005 0.0026 0.0004 0.0001 0.0000 0.0002 0.0002 0.0084 0.0114 0.2579 0.0712 0.0367 0.0442 0.0205 0.1578 0.0074 0.0052 0.0203 0.0280 0.0426 0.0163 0.0908 0.1530
0.1459 0.1100 0.0055 0.0329 0.0767 0.0093 0.0015 0.0003 0.0020 0.0001 0.0000 0.0002 0.0001 0.0001 0.0000 0.0000 0.0001 0.0004 0.0000 0.0001 0.0000 0.0000 0.0000 0.0000 0.0000 0.0000 0.0000 0.0000 0.0000 0.0000 0.0000 0.0000 0.0000 0.0000 0.0000 0.0000 0.0000 0.0002 0.0002 0.0000 0.0000 0.0279 0.0001 0.0003 0.0001 0.0013 0.0026 0.0008 0.0006 0.0004 0.0002 0.0000 0.0002 0.0003 0.0022 0.0024 0.1192 0.0096 0.0053 0.0250 0.0033 0.0044 0.0013 0.0005 0.0003 0.0000 0.0003 0.0001 0.0020 0.0134
0.0294 0.2511 0.0084 0.1247 0.1667 0.0282 0.0026 0.0008 0.0145 0.0157 0.0250 0.0805 0.0845 0.1109 0.0607 0.1508 0.3880 0.2848 0.0197 0.0410 0.0012 0.0010 0.0008 0.0000 0.0000 0.0001 0.0003 0.0000 0.0001 0.0004 0.0000 0.0003 0.0000 0.0000 0.0000 0.0000 0.0000 0.0000 0.0000 0.0000 0.0000 0.0000 0.0000 0.0000 0.0000 0.0000 0.0000 0.0000 0.0000 0.0000 0.0000 0.0001 0.0000 0.0000 0.0000 0.0012 0.0021 0.0013 0.0003 0.0010 0.0040 0.0171 0.0006 0.0012 0.0012 0.0002 0.0006 0.0002 0.0009 0.0060
0.0142 0.0294 0.0028 0.1170 0.0812 0.0024 0.0045 0.0008 0.0021 0.0002 0.0019 0.0018 0.0078 0.0960 0.0388 0.0649 0.1766 0.3214 0.0393 0.1141 0.0025 0.0033 0.0070 0.0058 0.0075 0.0293 0.1059 0.0115 0.0366 0.5148 0.1420 0.1172 0.0187 0.0031 0.0033 0.0052 0.0004 0.0000 0.0002 0.0008 0.0001 0.0004 0.0002 0.0001 0.0001 0.0006 0.0000 0.0001 0.0000 0.0000 0.0000 0.0000 0.0000 0.0000 0.0000 0.0000 0.0000 0.0000 0.0000 0.0000 0.0000 0.0000 0.0000 0.0000 0.0000 0.0004 0.0001 0.0000 0.0000 0.0032
0.0009 0.0139 0.0003 0.0135 0.4086 0.0180 0.0043 0.0037 0.0170 0.0017 0.0033 0.0071 0.0053 0.0649 0.0349 0.0269 0.2160 1.0959 0.2779 0.0911 0.0480 0.0243 0.0113 0.0007 0.0042 0.0062 0.1421 0.1674 0.1117 0.6334 0.0550 0.1621 0.0317 0.0074 0.0059 0.0142 0.0029 0.0036 0.1205 0.1696 0.0290 0.3467 0.0960 0.1193 0.1661 4.1630 0.1394 0.0521 0.0251 0.0039 0.0027 0.0000 0.0000 0.0003 0.0020 0.0001 0.0090 0.0017 0.0005 0.0020 0.0000 0.0055 0.0000 0.0000 0.0000 0.0000 0.0000 0.0000 0.0000 0.0000
0.0000 0.0000 0.0000 0.0000 0.0000 0.0000 0.0000 0.0000 0.0000 0.0003 0.0001 0.0000 0.0000 0.0029 0.0000 0.0002 0.0003 0.0017 0.0049 0.0037 0.0002 0.0006 0.0003 0.0000 0.0003 0.0003 0.0008 0.0003 0.0010 0.0059 0.0015 0.0124 0.0072 0.0010 0.0128 0.0107 0.0008 0.0001 0.0069 0.0037 0.0069 0.7498 0.0095 0.0069 0.0044 0.0136 0.0030 0.0016 0.0015 0.0004 0.0006 0.0009 0.0028 0.0031 0.0278 0.0077 0.3827 0.0221 0.0161 0.0506 0.2027 0.4944 0.0120 0.0055 0.0083 0.0000 0.0000 0.0000 0.0000 0.0000
0.0073 0.1158 0.0024 0.1653 0.0004 0.0224 0.0001 0.0000 0.0001 0.0001 0.0000 0.0000 0.0000 0.0000 0.0000 0.0000 0.0000 0.0000 0.0000 0.0000 0.0000 0.0000 0.0000 0.0227 0.0008 0.0000 0.0000 0.0450 0.0026 0.1315 0.0068 0.0672 0.4337 0.0266 0.0417 0.2728 0.0150 0.0017 0.1567 0.0873 0.0107 0.8052 0.1335 0.0806 0.1500 1.2989 0.5506 0.6183 1.0350 0.3026 0.2065 0.0181 0.1408 0.1265 14.2016 4.0950 11.9065 0.9851 0.3233 0.3873 0.1679 1.2921 0.0600 0.0426 0.1662 0.2292 0.3486 0.1338 0.7386 1.2533
0.0671 0.0937 0.0068 0.2641 1.7583 1.7319 0.1868 0.0387 0.2562 0.0001 0.0000 0.0003 0.0002 0.0001 0.0004 0.0023 0.0041 0.0333 0.0000 0.0072 0.0000 0.0000 0.0000 0.0000 0.0000 0.0000 0.0000 0.0000 0.0000 0.0000 0.0000 0.0000 0.0000 0.0000 0.0000 0.0000 0.0000 0.0001 0.0003 0.0000 0.0000 0.0146 0.0001 0.0005 0.0002 0.0019 0.0078 0.0011 0.0008 0.0005 0.0002 0.0000 0.0001 0.0001 0.0006 0.0013 0.0232 0.0021 0.0025 0.0068 0.0056 0.3846 0.0078 0.0111 0.0607 0.0064 0.0163 0.0039 0.0693 0.0907
0.0107 0.0160 0.0005 0.0078 0.0127 0.0021 0.0006 0.0002 0.0036 0.0039 0.0062 0.0093 0.0087 0.0273 0.0149 0.0074 0.0441 0.2103 0.1306 1.5019 0.5362 0.3125 0.2527 0.0000 0.0000 0.0001 0.0002 0.0000 0.0003 0.0250 0.0014 0.0189 0.0000 0.0005 0.0000 0.0000 0.0000 0.0000 0.0000 0.0000 0.0000 0.0000 0.0000 0.0000 0.0000 0.0000 0.0000 0.0000 0.0000 0.0000 0.0000 0.0000 0.0000 0.0000 0.0000 0.0003 0.0006 0.0004 0.0001 0.0003 0.0023 0.0046 0.0002 0.0003 0.0003 0.0000 0.0001 0.0000 0.0001 0.0011
0.0009 0.0020 0.0002 0.0082 0.0251 0.0378 0.0050 0.0032 0.0773 0.0145 0.0171 0.0163 0.0486 0.1176 0.0051 0.0027 0.0072 0.0132 0.0020 0.0058 0.0003 0.0004 0.0009 0.0007 0.0010 0.0023 0.0073 0.0015 0.0047 0.0210 0.0040 0.0312 0.0441 0.0411 0.3570 3.7159 0.1796 0.0000 0.0001 0.0002 0.0000 0.0001 0.0003 0.0069 0.0033 0.0365 0.0000 0.0007 0.0000 0.0000 0.0000 0.0000 0.0000 0.0000 0.0000 0.0000 0.0000 0.0000 0.0000 0.0000 0.0000 0.0000 0.0000 0.0000 0.0000 0.0001 0.0000 0.0000 0.0000 0.0004
0.0001 0.0016 0.0000 0.0016 0.0478 0.0021 0.0005 0.0004 0.0020 0.0002 0.0004 0.0004 0.0003 0.0068 0.0013 0.0010 0.0102 0.0416 0.0119 0.3084 0.0075 0.0198 0.0587 0.0084 0.0081 0.0119 0.1221 0.0192 0.0048 0.0229 0.0020 0.0059 0.0020 0.0005 0.0010 0.0023 0.0005 0.0006 0.0197 0.0167 0.0025 0.0566 0.0157 0.0062 0.0086 0.0704 0.0646 0.1337 0.5346 0.3362 0.5346 0.0000 0.0000 0.0000 0.0002 0.0000 0.0084 0.0242 0.0061 0.0257 0.0000 0.0149 0.0000 0.0000 0.0000 0.0000 0.0000 0.0000 0.0000 0.0000
0.0000 0.0000 0.0000 0.0000 0.0000 0.0000 0.0000 0.0000 0.0000 0.0016 0.0005 0.0000 0.0000 0.0157 0.0372 0.0131 0.0827 0.1298 0.0386 0.5315 0.0470 0.1928 0.3459 0.9969 0.1167 0.2712 0.0985 0.0346 0.0159 0.1214 0.0101 0.0300 0.0141 0.0015 0.0067 0.0264 0.0002 0.0001 0.0171 0.0091 0.0008 0.0110 0.0064 0.0028 0.0064 0.0460 0.0122 0.0104 0.0353 0.0145 0.0078 0.0033 0.0044 0.0036 0.0099 0.0071 0.0532 0.0038 0.0025 0.0034 0.0003 0.0038 0.0002 0.0001 0.0001 15.7787 4.0517 0.0105 0.1598 4.9119
0.0015 0.0006 0.0000 0.0009 0.0000 0.0002 0.0000 0.0000 0.0000 0.0169 0.0000 0.0000 0.0005 0.0029 0.0000 0.0000 0.0001 0.0000 0.0000 0.0000 0.0000 0.0000 0.0000 0.0027 0.0181 0.0000 0.0000 0.0002 0.0035 0.0171 0.0023 0.0088 0.0074 0.0083 0.0262 0.1981 0.0346 0.1871 0.5666 0.3753 0.0064 0.2493 0.0100 0.0067 0.0041 0.0127 0.0039 0.0009 0.0019 0.0007 0.0000 0.0000 0.0003 0.0003 0.0016 0.0003 0.0287 0.0018 0.0022 0.0061 0.0031 0.0392 0.0067 0.0081 0.0096 0.0061 0.0041 0.0007 0.0012 0.0053
0.0001 0.0001 0.0000 0.0001 0.0000 0.0000 0.0000 0.0000 0.0000 0.1611 0.7331 0.0007 0.0019 0.1499 0.0000 0.0000 0.0000 0.0001 0.0000 0.0000 0.0000 0.0000 0.0000 0.0001 0.0000 0.0000 0.0001 0.0000 0.0000 0.0000 0.0000 0.0000 0.0000 0.0000 0.0000 0.0000 0.0000 0.0000 0.0072 0.0000 0.0000 0.0001 0.1923 0.0065 0.0038 0.0256 0.0015 0.0056 0.0163 0.0036 0.0017 0.0002 0.0003 0.0006 0.0046 0.0047 0.0268 0.0033 0.0010 0.0013 0.0007 0.0026 0.0003 0.0003 0.0000 0.0000 0.0002 0.0000 0.0002 0.0002
0.0024 0.0038 0.0004 0.0154 0.0242 0.0041 0.0017 0.0007 0.0048 0.0020 0.0031 0.0064 0.0018 0.0085 0.0007 0.0007 0.0040 0.0082 0.0003 0.0012 0.0001 0.0001 0.0001 0.0018 0.0006 1.4092 0.1191 0.0017 0.0016 0.0006 0.0000 0.0004 0.0000 0.0000 0.0000 0.0000 0.0000 0.0001 0.0000 0.0000 0.0000 0.0000 0.0000 0.0000 0.0000 0.0000 0.0000 0.0000 0.0000 0.0000 0.0000 0.0001 0.0004 0.0000 0.0000 0.0001 0.8781 0.0366 0.0325 0.0287 0.0054 0.2000 0.0274 0.0324 0.1078 0.0173 0.0123 0.0059 0.0103 0.0492
0.0275 0.0826 0.0026 0.0388 0.0861 0.0066 0.0044 0.0023 0.0013 0.0005 0.0052 0.0050 0.0027 0.0052 0.0059 0.0032 0.0316 0.1341 0.0197 0.0576 0.0104 0.0269 0.0150 0.0040 0.0025 0.0080 0.0078 0.0024 0.0011 0.0107 0.0019 0.0063 0.0005 0.0002 0.0004 0.0006 0.0000 0.0105 0.0994 0.7190 1.2927 0.5677 0.0132 0.0003 0.0001 0.0016 0.0000 0.0002 0.0002 0.0000 0.0000 0.0015 0.0000 0.0000 0.0000 0.0000 0.0017 0.0000 0.0000 0.0000 0.0000 0.0000 0.0000 0.0000 0.0000 0.0028 0.0101 0.0000 0.0000 0.0010
0.0098 0.0099 0.0008 0.0096 0.0191 0.0155 0.0074 0.0074 0.1081 0.1355 0.0211 0.0393 0.0088 0.0502 0.0031 0.0033 0.0087 0.0158 0.0033 0.0043 0.0005 0.0011 0.0001 0.0000 0.0002 0.0003 0.0005 0.0001 0.0004 0.0022 0.0007 0.0048 0.0016 0.0004 0.0038 0.0182 0.0010 0.0004 0.0061 0.0048 0.0002 0.0083 0.0003 0.0003 0.0003 0.0011 0.0001 0.0000 0.0000 0.0000 0.0000 0.0933 0.1093 0.0037 0.1127 2.6751 0.0086 0.0001 0.0000 0.0001 0.0000 0.0003 0.0000 0.0000 0.0000 0.0050 0.0000 0.0000 0.0002 0.0008
0.0000 0.0000 0.0000 0.0000 0.0000 0.0000 0.0000 0.0000 0.0000 0.0006 0.0029 0.0000 0.0000 0.0002 0.0030 0.0282 0.3726 0.2786 0.0113 0.0256 0.0015 0.0040 0.0022 0.0002 0.0001 0.0004 0.0011 0.0017 0.0006 0.0099 0.0030 0.0085 0.0041 0.0035 0.0020 0.0266 0.0004 0.0002 0.0405 0.0215 0.0008 0.0032 0.0019 0.0007 0.0006 0.0038 0.0005 0.0003 0.0002 0.0000 0.0000 0.0000 0.0001 0.0002 0.0008 0.0002 0.0055 0.0010 0.0007 0.0010 0.0001 0.0038 0.0005 0.0002 0.0003 0.0002 0.0001 0.0009 0.0045 0.0005
4.3091 0.0075 0.0002 0.0107 0.0001 0.0025 0.0024 0.0000 0.0000 0.0008 0.0000 0.0000 0.0000 0.0000 0.0038 0.0001 0.0013 0.0000 0.0000 0.0000 0.0000 0.0000 0.0000 0.0000 0.0001 0.0000 0.0000 0.0000 0.0002 0.0101 0.0007 0.0051 0.0332 0.0020 0.0032 0.0209 0.0011 0.0001 0.0026 0.0027 0.0004 0.0612 0.0019 0.0028 0.0086 0.0263 0.0174 0.0681 0.0085 0.0230 0.0468 0.0274 0.1523 0.1369 0.0868 0.0043 0.0746 0.0035 0.0014 0.0026 0.0006 0.0049 0.0002 0.0001 0.0002 0.0002 0.0003 0.0002 0.0008 0.0008
0.0004 0.0017 0.0001 0.0043 0.0084 0.0047 0.0060 0.0035 0.0235 0.0001 0.0000 0.0003 0.0002 0.0001 0.0009 0.9405 0.3912 4.3489 0.0004 0.3615 0.0001 0.0000 0.0001 0.0000 0.0000 0.0000 0.0000 0.0000 0.0000 0.0000 0.0000 0.0000 0.0000 0.0000 0.0000 0.0000 0.0000 0.0000 0.0003 0.0000 0.0000 0.0002 0.0001 0.0003 0.0002 0.0010 0.0043 0.0006 0.0004 0.0003 0.0001 0.0000 0.0000 0.0000 0.0004 0.0007 0.0041 0.0009 0.0014 0.0016 0.0021 0.1211 0.0008 0.0061 0.0217 0.0119 0.0542 0.0130 0.0040 0.0012
