1.5192 0.8247 0.4974 0.8064 0.6489 0.7474 0.7821 0.6473 0.7619 0.4997 0.4750 0.5354 0.5386 0.8021 0.5154 0.5293 0.5754 0.6054 0.4973 0.4761 0.3720 0.4163 0.2430 0.1930 0.3051 0.3165 0.3450 0.2482 0.3629 0.4358 0.3939 0.5238 0.4477 0.3626 0.4100 0.4745 0.3382 0.2911 0.4744 0.5035 0.3211 0.5147 0.3199 0.3181 0.3318 0.3845 0.2293 0.2242 0.2219 0.1646 0.1547 0.3421 0.3066 1.1853 0.8879 0.4275 0.6029 0.2391 0.1904 0.2460 0.0656 0.2687 0.1686 0.0647 0.0624 0.2904 0.0278 0.0609 0.0844 0.1018
0.4767 0.2520 0.2899 0.2096 0.1172 0.1122 0.0311 0.0289 0.0956 0.9542 1.2414 0.0624 0.0152 0.9831 2.3675 4.7362 3.3469 5.4517 2.6556 3.4412 2.1718 2.6973 2.4075 1.4818 1.4118 1.6864 2.0016 2.3918 1.9380 2.9655 2.1953 2.4456 2.2511 1.5485 1.9384 2.3503 1.0111 0.8455 2.0515 1.8590 1.3574 1.8137 1.9201 1.6400 1.8396 2.4605 1.7822 1.6042 1.4231 1.2093 1.1496 1.1278 1.3377 1.5626 1.8510 1.4951 1.9877 1.6623 1.6228 1.6571 1.0775 1.5035 1.0028 0.8595 0.8948 1.1620 1.0362 2.0069 2.1701 1.3275
0.1393 0.0756 0.0445 0.0799 0.0273 0.0628 0.0561 0.0194 0.0227 0.0548 0.0099 0.0199 0.0180 0.0199 0.0428 0.0207 0.0390 0.0214 0.0090 0.0126 0.0028 0.0031 0.0079 0.0521 0.0660 0.0054 0.0015 0.0525 0.1134 0.1984 0.2683 0.1782 0.1173 0.1099 0.1186 0.1380 0.0996 0.0677 0.0943 0.0985 0.0713 0.1583 0.0930 0.1017 0.1068 0.1199 0.1042 0.0842 0.0901 0.0805 0.0486 0.0402 0.0710 0.0691 0.0816 0.0612 0.1285 0.0852 0.0800 0.0945 0.0759 0.0975 0.0586 0.0627 0.0605 0.0606 0.0657 0.0635 0.0704 0.0734
1.7209 2.1889 1.5759 2.2447 1.7373 1.4638 1.3223 1.0188 1.2916 2.0251 1.6764 3.5006 3.7269 2.4440 4.2143 1.3717 1.5938 1.9669 0.6665 1.8187 1.6857 0.7021 0.6243 1.6244 0.2547 0.6100 0.6499 0.4991 1.3350 0.7925 1.0760 0.6294 0.2868 0.2872 0.1019 0.1237 0.2286 0.9697 1.8840 0.1999 0.0388 1.4820 3.3414 5.6375 3.7882 8.5001 3.3950 3.5131 3.2077 3.1811 2.7767 1.7840 1.8947 2.1234 2.8879 3.5975 4.1868 3.6130 3.1819 3.1528 2.9879 3.2555 2.4838 2.5602 1.6232 1.3770 2.2212 1.8156 2.1248 2.0223
4.1685 4.2030 3.1938 5.2495 4.9298 3.8281 2.9298 2.5885 3.3188 3.2330 3.5236 4.1500 3.6460 4.0517 2.9743 3.2977 4.2473 4.5884 2.5986 3.1864 2.1765 2.0250 1.9440 2.3574 2.0596 5.0709 5.1059 2.3611 4.4993 2.8441 1.9018 2.7649 0.7719 1.8524 2.1211 0.9573 0.6264 1.5365 0.4126 0.7725 0.5507 0.7856 1.5446 0.7266 1.1283 0.6646 0.2954 0.3283 0.1053 0.0942 0.2312 1.6045 2.2688 0.1737 0.0570 2.0202 5.2587 5.6961 4.2555 5.4136 10.4041 8.4603 5.2140 5.9649 5.7742 3.8056 3.6962 3.4774 4.4325 7.0066
1.4044 1.8457 1.5585 2.1514 2.8251 1.8610 1.8172 1.6861 1.3000 1.0689 1.7347 1.6986 1.5732 1.6234 1.6853 1.4211 1.6286 1.8546 1.2744 1.4384 0.8808 0.9374 0.9113 0.8564 0.9101 1.1359 1.2710 0.9087 1.0936 1.6218 1.3274 1.7785 1.1232 0.9882 1.0829 1.0903 0.7713 0.6242 0.8738 1.1984 0.8939 0.9468 0.9605 1.0441 0.9064 1.3271 0.3248 0.9330 0.4076 0.1354 0.2334 0.3045 0.0560 0.1022 0.1469 0.1395 0.4374 0.1595 0.2224 0.1155 0.0572 0.0908 0.0196 0.0203 0.0552 0.6005 0.7766 0.0319 0.0100 0.6904
0.4203 0.5360 0.2975 0.5240 0.6610 0.9123 0.6006 0.5707 0.6718 0.4291 0.4193 0.4726 0.4767 0.8170 0.5257 0.5392 0.5862 0.6168 0.5066 0.4850 0.3790 0.4241 0.2479 0.1966 0.3108 0.3225 0.3515 0.2528 0.3697 0.4439 0.4017 0.5336 0.4561 0.3698 0.3628 0.4184 0.2993 0.2965 0.4832 0.5136 0.3270 0.5242 0.3259 0.3240 0.3380 0.3917 0.2336 0.2284 0.2259 0.1677 0.1576 0.2279 0.2322 0.3699 0.4360 0.2592 0.3606 0.2436 0.1940 0.2506 0.0669 0.2738 0.1008 0.0387 0.0592 0.1427 0.0166 0.0365 0.0496 0.0597
0.0390 0.0207 0.0237 0.0171 0.0096 0.0092 0.0026 0.0024 0.0078 0.1153 0.1500 0.0051 0.0012 0.1371 0.2140 0.1791 0.1899 0.2377 0.2194 0.3673 0.3634 0.3069 0.2739 0.1688 0.1606 0.1919 0.2272 0.2359 0.1911 0.2622 0.1814 0.2030 0.1860 0.1279 0.1601 0.1942 0.0835 0.0699 0.1695 0.1535 0.1121 0.1498 0.1586 0.1386 0.1626 0.2175 0.1755 0.1582 0.1613 0.1376 0.1305 0.1111 0.1317 0.1501 0.1636 0.1473 0.1813 0.1399 0.1340 0.1369 0.0890 0.1242 0.0828 0.0710 0.0740 0.1265 0.1179 0.1812 0.1977 0.1315
0.9409 0.9067 0.5333 0.9583 0.3045 0.7535 0.3792 0.1308 0.2284 0.6984 0.0666 0.1752 0.2042 0.2668 0.3028 0.1396 0.2872 0.1576 0.0644 0.0898 0.0199 0.0223 0.0560 0.8607 1.0906 0.0364 0.0104 0.7499 1.5564 2.1676 1.2640 1.9469 2.0065 2.2272 2.6019 3.9057 2.3674 1.5360 2.2412 2.3404 1.8543 3.4734 2.0404 2.0365 1.8268 2.0623 1.7831 1.3633 1.5391 1.3770 0.7862 0.6518 1.1497 1.1180 1.3962 1.0472 2.1990 1.4892 1.6033 1.8940 1.6668 2.1381 1.5167 1.4905 1.5676 1.3398 1.4424 1.3794 1.4113 1.6116
1.4980 1.7582 1.2422 1.7694 1.3677 1.1539 0.9863 0.7599 0.9634 1.6431 1.5403 2.2150 2.1598 1.7666 1.1424 1.0231 1.0765 1.4690 0.3415 1.2285 0.4633 0.1927 0.2721 0.7286 0.0699 0.1828 0.2933 0.2672 0.3323 0.2148 0.2595 0.1516 0.0708 0.0708 0.0251 0.0306 0.0564 1.0622 2.0637 0.0549 0.0105 1.4999 1.7623 1.7857 1.4836 2.0971 2.0378 2.5140 2.6521 2.7072 3.1861 1.9201 2.0392 2.2825 2.5170 2.5744 2.9999 2.3208 1.9099 1.9019 1.7934 1.9541 1.4909 1.5367 0.9743 0.8265 1.3332 1.0898 1.2753 1.2139
1.8826 1.9391 1.5436 2.5372 2.6577 2.0637 2.1729 2.0935 2.4584 2.0213 1.8996 2.1791 1.7622 2.1816 1.4834 1.5176 1.9182 2.0722 1.1736 1.4390 0.9830 0.9134 0.8780 1.8269 1.6679 2.0123 2.9164 1.6633 1.0723 1.2845 0.8589 1.2487 0.3237 0.8366 0.5055 0.2279 0.2367 0.8452 0.0983 0.2843 0.3052 0.5164 0.4400 0.1780 0.3346 0.1971 0.0848 0.0944 0.0302 0.0271 0.0664 1.2993 1.8373 0.0414 0.0140 1.0878 1.9112 1.4619 1.1674 1.3895 1.4725 2.5921 1.8457 2.1706 2.6574 4.3041 2.5488 2.1769 1.8242 2.1467
1.3059 1.4668 0.8914 1.2350 1.3863 0.9143 0.8917 0.8273 0.6379 0.5251 0.8522 0.8335 0.7729 0.7975 0.9236 0.8303 1.1809 1.4740 1.1761 1.4622 1.2631 1.4314 1.3085 1.1177 1.0064 0.9795 0.9333 0.8997 0.7714 0.9440 0.7592 0.8727 0.5511 0.4855 0.5321 0.5357 0.3785 1.7350 2.5443 1.2586 1.2454 2.1019 0.6020 0.5129 0.4453 0.6512 0.1594 0.4584 0.2520 0.0838 0.1147 0.4512 0.0346 0.1119 0.4119 0.3917 0.3280 0.1030 0.1776 0.0923 0.0433 0.0686 0.0148 0.0154 0.0418 1.0241 1.5495 0.0198 0.0065 0.6835
0.7059 0.8431 0.4746 0.8244 1.0412 1.1067 1.0086 1.0678 1.5896 1.5215 2.6226 2.1299 1.4142 1.2871 1.2161 0.9170 0.9234 1.0947 0.7970 0.7640 0.5962 0.6680 0.3900 0.3098 0.4895 0.5074 0.5648 0.4779 0.7013 0.9405 0.8501 1.1305 1.0472 0.9353 1.5280 1.9238 1.2621 1.1965 1.6520 1.2667 0.8137 1.5109 0.9392 0.7265 0.7160 0.7147 0.6313 0.4925 0.4144 0.3074 0.2890 0.7704 0.8233 0.6205 1.0317 0.7123 0.5680 0.3837 0.3057 0.3942 0.1052 0.4312 0.1587 0.0608 0.0931 0.3375 0.0262 0.0681 0.1693 0.2043
0.4805 0.2295 0.2922 0.2112 0.1180 0.1131 0.0313 0.0291 0.0963 4.1749 3.6525 0.0553 0.0138 2.7129 2.3476 2.4445 2.4615 3.2428 2.9971 4.6302 3.3762 4.3105 4.8659 4.0788 5.4343 7.3873 5.1939 3.2182 3.9267 3.9651 2.4744 3.2049 2.5406 1.7476 2.1849 2.6525 1.1397 0.9542 2.3124 2.0980 1.5987 2.4281 2.6759 2.6079 3.0604 4.0934 3.5839 3.5581 4.4469 4.0238 3.5969 3.0009 3.0385 2.8852 3.1223 3.2256 3.9723 2.6565 2.2844 2.2212 1.6983 2.0306 1.1548 0.9884 1.0304 3.0572 2.8487 1.9877 3.0974 2.6999
0.2008 0.2064 0.1214 0.2181 0.0693 0.1717 0.0808 0.0279 0.0519 0.1824 0.0142 0.0443 0.0793 0.1036 0.0736 0.0306 0.0699 0.0383 0.0157 0.0218 0.0049 0.0054 0.0136 0.4198 0.4395 0.0077 0.0023 0.2740 0.3381 0.4733 0.2757 0.4245 0.4376 0.4857 0.5660 0.7830 0.5287 0.3788 0.7748 0.8287 0.9204 0.8322 0.6567 0.4818 0.3984 0.5092 0.3888 0.2973 0.3360 0.3003 0.1716 0.1421 0.2507 0.2438 0.3118 0.2658 0.5804 0.4390 0.4726 0.5576 0.5324 0.7533 0.6354 0.5278 0.6576 0.5621 0.5205 0.4154 0.4213 0.5523
0.6031 0.6134 0.3895 0.5276 0.4802 0.3471 0.2526 0.1947 0.2468 0.4760 0.4462 0.5660 0.5666 0.5067 0.2926 0.2621 0.2758 0.3763 0.0875 0.3147 0.1187 0.0494 0.0697 0.1911 0.0179 0.0480 0.0841 0.0766 0.0851 0.0551 0.0665 0.0389 0.0181 0.0182 0.0065 0.0078 0.0145 0.4418 0.5979 0.0141 0.0027 0.6038 0.6218 0.7270 0.5505 0.8538 0.8297 1.0236 0.9358 0.9269 0.8100 0.5205 0.5527 0.6187 0.9245 1.3922 1.4783 0.9449 0.7786 0.7744 0.7302 0.7956 0.6070 0.6257 0.3967 0.3365 0.5435 0.4437 0.5199 0.5049
3.4626 3.9833 3.1669 5.2118 5.5702 4.3253 3.0740 2.4135 3.5261 3.6530 3.9814 4.5671 3.6701 4.5780 3.1129 3.1450 3.5726 3.6658 2.1450 2.4920 1.7022 1.5837 1.5204 2.1061 1.9227 3.0160 3.3620 1.9174 1.8569 2.2271 1.4891 2.1623 0.5606 1.4487 0.8754 0.3951 0.4104 0.9744 0.1702 0.3829 0.3519 0.5954 0.6375 0.2999 0.4697 0.2767 0.1219 0.1357 0.0434 0.0389 0.0955 1.4978 2.1180 0.0717 0.0235 2.2798 3.4023 3.0872 2.1444 2.9341 3.1095 5.4737 3.3733 3.8543 3.7358 2.5793 3.5118 3.3837 4.2273 5.4865
15.2130 12.8173 6.0362 11.2772 9.1317 5.4267 5.9482 4.9106 4.6578 3.1170 5.0583 4.9471 6.3827 7.4769 9.0137 9.0384 12.8554 16.0454 13.2614 15.1566 8.6079 7.6451 8.9165 8.6791 9.0177 10.8936 10.3011 8.9588 7.6811 10.3796 7.4930 8.1917 5.3451 4.0348 3.9687 3.9959 2.8267 3.4405 4.8164 6.2975 4.6975 4.9755 3.4934 3.0445 2.6432 3.8650 0.9460 2.7205 1.4825 0.4931 0.6807 1.6002 0.2035 0.4913 0.7798 0.7416 1.5572 0.5678 0.8160 0.4240 0.2037 0.3231 0.0699 0.0721 0.1965 4.8978 4.2806 0.1161 0.0357 6.7977
0.8924 1.3739 0.6924 1.3433 1.6966 1.6167 1.2768 1.3132 1.5459 0.9875 1.0417 1.2040 1.1903 1.8824 1.7809 2.2957 1.6387 2.4080 1.3133 1.2449 0.9825 1.0884 0.6582 0.5047 0.7976 0.8277 1.0567 0.8641 1.3119 1.7332 1.5665 2.0832 1.5470 1.2529 1.1415 1.1138 0.9548 1.0058 1.6392 1.8457 1.2769 1.8373 1.2192 1.2652 1.2008 1.3370 0.7972 0.6867 0.6137 0.4554 0.4280 0.5244 0.5344 0.7855 1.0033 0.5965 0.9255 0.6252 0.4980 0.6423 0.1716 0.7027 0.2584 0.0992 0.1518 0.3282 0.0426 0.0848 0.1141 0.1375
0.8710 0.4831 0.5088 0.3679 0.2122 0.2035 0.0563 0.0524 0.1734 2.8346 3.1521 0.1198 0.0292 4.2458 3.1721 4.5553 4.4902 6.0354 7.2430 7.2282 4.5618 5.6584 5.0570 3.1124 2.9617 3.5376 4.2042 5.0238 4.6386 6.7843 9.0846 8.3410 7.1205 4.2234 6.1313 6.4104 2.7578 2.3060 5.5954 5.0702 3.9174 5.9422 6.5486 5.5937 5.2892 6.0847 4.2656 3.8446 3.1589 2.5369 2.5907 2.6994 3.2017 3.8643 5.2622 3.7487 6.7795 5.6695 5.5277 5.4359 3.5345 4.3391 2.7352 2.3442 2.4407 2.3328 2.1738 2.6857 3.2150 2.4256
0.2448 0.2702 0.1589 0.2856 0.0907 0.2245 0.0986 0.0341 0.0681 0.1025 0.0173 0.0319 0.0340 0.0445 0.0752 0.0363 0.0685 0.0376 0.0159 0.0221 0.0049 0.0055 0.0138 0.1432 0.1815 0.0095 0.0027 0.1645 0.2079 0.3978 0.2492 0.3568 0.4776 0.3437 0.3475 0.4676 0.3072 0.1995 0.3280 0.3513 0.2735 0.5360 0.4844 0.5332 0.5436 0.8823 0.4921 0.3245 0.4253 0.3277 0.2167 0.1551 0.2736 0.2661 0.4353 0.3710 0.8092 0.5871 0.5100 0.5175 0.3957 0.5076 0.2819 0.2338 0.2954 0.3157 0.3424 0.3474 0.4433 0.3953
0.9886 1.3040 0.8762 1.1989 0.9278 0.6887 0.5317 0.4097 0.5194 0.4087 0.3831 0.5671 0.5372 0.4394 0.4852 0.4662 0.4905 0.6693 0.1556 0.5597 0.1968 0.0819 0.1241 0.1812 0.0297 0.0582 0.0729 0.0665 0.1411 0.0914 0.1093 0.0639 0.0301 0.0301 0.0107 0.0130 0.0240 0.3226 0.5133 0.0233 0.0045 0.6817 0.5180 0.7230 0.5887 0.8491 1.2487 0.8538 0.7796 0.7731 0.6748 0.4336 0.4610 0.5161 0.7018 0.8743 1.1293 0.8881 1.1660 1.1553 1.5898 1.1974 1.2103 0.9417 0.6310 0.5065 0.8170 0.6678 0.9353 0.9855
1.5495 1.3745 0.8816 1.2463 1.1328 0.8797 0.6252 0.5360 0.7171 0.7429 0.8097 0.9853 0.9939 0.9753 0.9727 1.0784 1.3890 1.9049 1.0788 1.1934 0.7373 0.6851 0.6585 0.4677 0.4269 0.6697 0.7466 0.4252 0.5957 0.8913 0.5959 0.8664 0.2246 0.5805 0.2805 0.1266 0.1642 0.2164 0.0546 0.0931 0.0780 0.1322 0.2089 0.0983 0.1494 0.0879 0.0400 0.0444 0.0143 0.0127 0.0313 0.3326 0.4703 0.0230 0.0077 0.4637 0.7517 0.8142 0.6429 0.7739 1.2412 1.2094 0.7453 0.8527 0.8254 0.5440 0.5283 0.4971 0.6336 1.0016
0.5546 0.7288 0.6155 0.8496 1.1157 1.6624 0.7176 0.9889 1.0166 0.7466 1.2115 1.1864 1.0189 0.8190 0.6647 0.5612 0.6431 0.7324 0.5033 0.5681 0.3479 0.3702 0.3599 0.3382 0.3594 0.4486 0.5019 0.3589 0.4319 0.6404 0.5242 0.7023 0.6195 0.6409 0.8479 0.8537 0.6039 0.2465 0.3451 0.4733 0.3530 0.3739 0.5798 0.7292 0.6331 0.9268 0.2268 0.6516 0.2840 0.0943 0.1630 0.1203 0.0390 0.0409 0.0580 0.0551 0.3051 0.1114 0.1272 0.0491 0.0400 0.0633 0.0137 0.0141 0.0385 0.2371 0.3067 0.0223 0.0070 0.2726
0.2789 0.4595 0.2535 0.4493 0.8577 0.5052 0.3985 0.4104 0.4831 0.3082 0.3012 0.3399 0.3428 0.5876 0.4243 0.4364 0.7577 0.7933 0.8708 0.6294 0.9495 0.5502 0.4475 0.2649 0.4032 0.4184 0.7185 0.5694 0.5755 0.5959 0.4345 0.4958 0.3682 0.2985 0.2716 0.3009 0.2275 0.2394 0.3901 0.4392 0.3493 0.4433 0.4047 0.4361 0.4634 0.6819 0.5253 0.4669 0.4173 0.3096 0.2911 0.1637 0.1670 0.2452 0.3131 0.1862 0.3746 0.3161 0.2517 0.3247 0.0867 0.3552 0.1046 0.0401 0.0768 0.1024 0.0172 0.0265 0.0356 0.0430
0.1100 0.0611 0.0629 0.0455 0.0268 0.0257 0.0071 0.0066 0.0219 0.2309 0.3004 0.0148 0.0037 0.3085 0.3528 0.5067 0.5001 0.6722 0.9390 0.8039 0.5074 0.6301 0.5624 0.3462 0.3298 0.3939 0.4676 0.5588 0.4527 0.6928 0.6659 0.7428 0.7959 0.8132 0.6845 1.4995 0.5310 0.4440 1.0760 0.9762 0.7119 0.7409 0.6071 0.4975 0.4710 0.5749 0.4163 0.3748 0.3320 0.2825 0.2686 0.2635 0.3125 0.3651 0.4687 0.3493 0.6038 0.5049 0.4923 0.5859 0.4818 0.7895 0.5267 0.4514 0.4699 0.2598 0.2421 0.2987 0.3581 0.2698
1.6133 2.3978 1.4085 2.5342 0.8052 1.9926 0.7501 0.2588 0.6039 0.5254 0.1318 0.1636 0.1741 0.2279 0.5857 0.2831 0.4272 0.1926 0.1235 0.1721 0.0381 0.0427 0.1073 0.7351 0.9314 0.0720 0.0211 0.7400 0.6798 1.3041 0.8644 1.1713 1.8247 1.1225 1.1365 1.5274 1.0046 0.6517 0.9510 0.9931 0.7888 1.7528 1.2667 1.1859 1.4289 1.8567 1.7159 2.4580 1.9523 1.8622 3.7514 1.9914 2.5597 2.4862 3.1046 1.8113 2.6295 1.5355 1.3337 1.3517 1.0335 1.3274 0.7361 0.6325 0.7734 0.8266 0.8966 0.9073 1.1579 1.1062
0.3604 0.4342 0.3126 0.5653 0.6188 0.6130 0.6813 0.5250 0.6654 0.1666 0.1562 0.2311 0.2190 0.1791 0.3039 0.6780 0.6810 0.9735 0.1899 0.6829 0.1643 0.0683 0.1514 0.0739 0.0248 0.0241 0.0297 0.0271 0.1142 0.0738 0.0708 0.0306 0.0243 0.0244 0.0086 0.0105 0.0194 0.1079 0.2093 0.0194 0.0036 0.2261 0.1740 0.2429 0.2087 0.2853 0.4195 0.2868 0.2619 0.2597 0.2267 0.1457 0.1547 0.1734 0.2358 0.2937 0.3418 0.2950 0.3378 0.3346 0.3692 0.7114 0.3187 0.4699 0.6730 1.2375 0.6986 0.5711 0.4785 0.3543
0.6109 0.5425 0.3480 0.5186 0.4877 0.3782 0.2895 0.2557 0.3279 0.3194 0.3481 0.4100 0.3923 0.4063 0.4053 0.4257 0.5482 0.7519 0.6022 0.8672 0.7711 0.8458 0.8130 0.2229 0.2038 0.3192 0.3562 0.2029 0.4346 1.4215 0.8618 1.3906 0.2854 0.7376 0.2840 0.1281 0.2087 0.1031 0.0553 0.0450 0.0372 0.0631 0.2004 0.0943 0.1173 0.0510 0.0383 0.0426 0.0137 0.0122 0.0300 0.1585 0.2244 0.0233 0.0074 0.1996 0.7183 0.7780 0.6143 0.7395 1.1860 1.1556 0.7122 0.8147 0.7887 0.5198 0.5049 0.4750 0.6054 0.9570
2.5754 3.3846 2.8581 3.9452 5.1808 6.0354 3.3326 4.5924 5.8292 4.9896 9.0205 7.9291 4.2901 3.4437 3.0906 2.6060 2.9865 3.4011 2.3371 2.6378 1.6153 1.7190 1.6711 1.5704 1.6690 2.0831 2.3308 1.6665 2.0055 2.9740 2.4341 3.2615 2.6050 2.6950 3.5120 3.5361 2.5014 1.1446 1.6024 2.1976 1.6393 1.7363 2.6926 4.8798 4.2365 6.1948 1.5161 4.3550 1.5234 0.5067 1.0909 0.5584 0.2094 0.1898 0.2694 0.2559 1.5921 0.5805 0.6631 0.2545 0.2083 0.3304 0.0715 0.0737 0.2009 1.1013 1.4241 0.1194 0.0365 1.2661
0.1769 0.2915 0.1698 0.2851 0.5442 0.3206 0.2529 0.2600 0.3065 0.1956 0.1911 0.2154 0.2175 0.3728 0.2396 0.2741 0.4145 0.4335 0.4165 0.7062 0.3116 0.5185 0.4984 0.4120 0.6512 0.8179 0.4297 0.2405 0.2721 0.3069 0.2238 0.2712 0.2078 0.1685 0.1654 0.1906 0.1364 0.1353 0.2202 0.2403 0.1800 0.2392 0.2084 0.2246 0.2390 0.3221 0.2432 0.2792 0.3290 0.2441 0.2292 0.1039 0.1058 0.1556 0.1987 0.1182 0.3629 0.5104 0.4066 0.5251 0.1402 0.5737 0.1354 0.0519 0.1240 0.0650 0.0223 0.0170 0.0226 0.0273
0.3810 0.2116 0.1784 0.0953 0.0928 0.0890 0.0246 0.0229 0.0758 0.4030 0.5242 0.0526 0.0127 0.4797 0.6004 0.8622 0.8510 1.1438 1.5980 1.3682 0.8635 1.0724 0.9572 0.5899 0.5727 0.7006 0.8150 0.9509 1.0734 1.3829 1.2007 1.6560 1.6210 1.5282 1.8377 2.1005 1.4859 0.9272 1.8334 1.6613 2.4693 2.3448 1.7203 1.2927 1.2239 1.4080 0.9858 0.8885 0.7310 0.5263 0.5995 0.6255 0.7418 0.8931 1.2162 0.9156 1.6537 1.3103 1.2775 1.6582 1.5248 2.4987 1.5074 1.2902 1.3433 0.4421 0.4120 0.5090 0.6093 0.4597
0.3903 0.6446 0.3620 0.6813 0.1945 0.4820 0.1812 0.0626 0.1459 0.1271 0.0319 0.0395 0.0422 0.0551 0.1415 0.0684 0.1033 0.0466 0.0298 0.0416 0.0092 0.0104 0.0259 0.2011 0.2251 0.0174 0.0051 0.2532 0.2400 0.4610 0.2892 0.4140 0.6450 0.3968 0.4017 0.5399 0.3547 0.2304 0.4033 0.4170 0.3246 0.6322 0.5749 0.5389 0.6067 0.8437 0.7594 0.5592 0.8598 0.5115 0.4807 0.2971 0.4275 0.4152 0.9655 1.3844 1.1652 0.8102 0.6727 0.6698 0.5271 0.6754 0.3993 0.3732 0.4715 0.5039 0.5459 0.4928 0.6588 0.6744
0.5859 0.6756 0.4864 0.9532 1.0060 0.7281 0.5293 0.4078 0.5170 0.1571 0.1472 0.2179 0.2064 0.1688 0.1874 0.2697 0.2709 0.3868 0.0808 0.2911 0.0876 0.0365 0.0645 0.0697 0.0132 0.0224 0.0280 0.0255 0.0644 0.0417 0.0422 0.0247 0.0137 0.0138 0.0049 0.0059 0.0109 0.1753 0.1972 0.0104 0.0020 0.3672 0.2797 0.3904 0.3179 0.4586 0.6038 0.4610 0.4215 0.4175 0.3644 0.2345 0.2998 0.3442 0.4587 0.5015 0.9035 0.6564 0.6789 0.8318 0.7040 0.5790 0.5919 0.4548 0.4234 0.2684 0.3950 0.3225 0.6284 0.6622
1.8567 1.4765 0.9470 1.3389 1.2169 0.9450 0.6716 0.5008 0.7703 0.7980 0.8698 1.0585 1.0676 1.0477 1.0449 1.1585 1.4940 1.7185 0.9733 1.0766 0.6643 0.6180 0.5933 0.3391 0.3096 0.4856 0.5413 0.3087 0.4320 0.5786 0.3869 0.5618 0.1457 0.3769 0.2036 0.0918 0.1066 0.1569 0.0396 0.0676 0.0567 0.0959 0.1483 0.0697 0.1083 0.0638 0.0283 0.0315 0.0101 0.0090 0.0222 0.3144 0.3410 0.0167 0.0055 0.4987 0.6297 0.6669 0.4982 0.6338 0.8733 1.0132 0.6244 0.7134 0.6915 0.4552 0.5946 0.5736 0.7166 0.9941
1.1389 1.2397 0.8424 1.5740 1.2745 0.6910 0.8302 0.6261 0.6501 0.3989 0.6441 0.6308 0.8908 1.2132 1.2580 1.7181 1.7874 1.8549 1.1748 1.3226 0.6717 0.6807 0.7938 0.7934 0.8421 1.1191 1.3932 0.9285 1.1691 1.8229 1.3259 1.3293 0.9063 0.6841 0.6375 0.6427 0.4541 0.2757 0.3859 0.5292 0.3948 0.4181 0.4152 0.3877 0.3366 0.4928 0.1206 0.3465 0.1762 0.0585 0.0867 0.1345 0.0242 0.0452 0.0649 0.0616 0.1848 0.0675 0.0961 0.0500 0.0242 0.0383 0.0083 0.0086 0.0233 0.4410 0.3430 0.0138 0.0042 0.6485
0.1662 0.2558 0.1288 0.2501 0.3463 0.3011 0.2375 0.2442 0.2879 0.1837 0.2414 0.2790 0.2758 0.4148 0.4126 0.3915 0.3835 0.5441 0.3224 0.2541 0.2442 0.2221 0.1749 0.1035 0.1628 0.1689 0.2807 0.2548 0.3485 0.5773 0.5303 0.5769 0.4074 0.3295 0.2671 0.2933 0.2517 0.2652 0.4317 0.5035 0.4195 0.5127 0.4005 0.4156 0.3910 0.3947 0.2541 0.2132 0.1794 0.1331 0.1251 0.0976 0.0994 0.1461 0.1866 0.1109 0.1761 0.1276 0.1017 0.1311 0.0350 0.1434 0.0493 0.0189 0.0310 0.0610 0.0081 0.0158 0.0212 0.0256
0.0182 0.0101 0.0106 0.0077 0.0044 0.0043 0.0012 0.0011 0.0036 0.0821 0.0645 0.0025 0.0006 0.1237 0.0799 0.1072 0.0967 0.1423 0.1315 0.1821 0.1151 0.1427 0.1274 0.0785 0.1005 0.1231 0.1430 0.1501 0.1883 0.2390 0.1278 0.1931 0.1276 0.0766 0.1111 0.1164 0.0635 0.0418 0.1015 0.0921 0.0965 0.1596 0.1613 0.1879 0.2204 0.3020 0.1968 0.1769 0.1295 0.1048 0.1196 0.1246 0.1477 0.1845 0.2221 0.1765 0.2358 0.1897 0.1637 0.1458 0.1024 0.1224 0.0695 0.0596 0.0621 0.0589 0.0548 0.0677 0.0811 0.0612
1.4792 1.5198 0.8939 1.6063 0.5109 1.2645 0.5960 0.2056 0.3827 0.8021 0.1047 0.2497 0.2659 0.3474 0.4539 0.2194 0.4135 0.2270 0.0957 0.1334 0.0296 0.0331 0.0832 1.8569 1.4202 0.0572 0.0164 2.3551 1.6979 2.7354 1.5931 2.4539 2.5290 2.8070 2.8384 3.8197 2.5090 1.6967 3.4751 3.7120 2.8897 5.2985 4.8185 3.7837 2.6269 3.9987 2.4911 1.7183 2.1802 1.7356 1.2190 0.8215 1.4490 1.4092 2.4483 2.3428 4.5514 3.9178 4.2181 4.9828 5.8681 7.2039 3.4406 3.2156 4.0623 4.2770 4.6335 4.2941 4.3606 5.0168
2.7823 3.2248 2.0477 2.3620 2.2153 1.6035 1.1656 0.8981 1.1385 1.0829 1.0152 1.4435 1.3674 1.1171 0.8591 0.7694 0.8096 1.1047 0.2568 0.9238 0.3484 0.1449 0.2046 0.4613 0.0526 0.1352 0.1862 0.1698 0.2499 0.1615 0.1952 0.1142 0.0532 0.0533 0.0189 0.0230 0.0424 1.3655 1.3602 0.0413 0.0079 2.7858 1.2061 1.4103 1.0677 1.6562 1.6113 1.9879 1.8151 1.8001 1.5712 1.1590 1.7234 1.9781 2.6369 2.4637 4.7504 2.7017 1.7231 2.3107 1.5719 1.5451 1.3233 1.2151 0.9466 0.6535 1.0543 0.8606 1.4032 1.6996
0.4800 0.6269 0.4984 0.8202 1.1017 1.0072 0.5710 0.4804 0.7389 0.7493 0.7565 0.8325 0.6690 0.8345 0.5674 0.5733 0.6512 0.5690 0.3910 0.4108 0.2393 0.2223 0.2134 0.2165 0.1977 0.2701 0.3011 0.1717 0.1665 0.1995 0.1334 0.1936 0.0502 0.1299 0.0784 0.0354 0.0368 0.0873 0.0153 0.0344 0.0349 0.0590 0.0571 0.0269 0.0421 0.0248 0.0109 0.0122 0.0039 0.0035 0.0086 0.2981 0.2178 0.0064 0.0021 0.4156 0.3706 0.2922 0.2039 0.2777 0.2947 0.5180 0.3675 0.4327 0.4864 0.3769 0.6050 0.4945 0.6178 0.4822
10.7727 9.3305 4.3886 8.2093 6.6475 4.2543 4.3246 3.8545 3.3864 2.4435 3.9654 3.8832 4.6463 6.4972 6.5616 6.6711 9.4527 11.7983 11.1117 13.8144 15.8703 12.5890 14.6641 11.6315 10.5525 10.4273 10.0099 10.0077 8.5804 9.1336 6.9331 6.4542 5.9709 4.5128 4.2056 4.2344 2.9954 4.1702 5.8378 5.6895 5.0726 5.8664 2.7421 2.3868 2.0721 3.0300 0.7416 2.1328 1.1622 0.3865 0.5336 1.7279 0.1597 0.4534 0.9452 0.8977 1.3363 0.4451 0.7235 0.3755 0.1764 0.2794 0.0605 0.0624 0.1698 8.0649 5.1885 0.0912 0.0280 7.6031
0.2501 0.2988 0.1682 0.2922 0.3690 0.3922 0.3574 0.3784 0.5633 0.4126 0.6832 0.6524 0.5132 0.4561 0.4548 0.3482 0.3272 0.4157 0.2828 0.2707 0.2112 0.2367 0.1382 0.1098 0.1735 0.1800 0.2148 0.2356 0.2659 0.4074 0.3669 0.4879 0.5131 0.4583 0.6595 1.0541 0.6215 0.5249 0.7247 0.6238 0.4012 0.7440 0.4625 0.3577 0.3525 0.3305 0.2890 0.2425 0.2041 0.1516 0.1423 0.2192 0.2233 0.2199 0.3656 0.2373 0.2013 0.1360 0.1083 0.1397 0.0374 0.1528 0.0563 0.0216 0.0330 0.1196 0.0093 0.0241 0.0459 0.0554
0.0717 0.0342 0.0436 0.0315 0.0177 0.0169 0.0047 0.0044 0.0144 0.7638 0.4172 0.0083 0.0020 0.5627 0.3087 0.3230 0.2975 0.4280 0.3955 0.6111 0.4445 0.5675 0.5882 0.4267 0.6710 0.6963 0.8101 0.4839 0.6407 0.6552 0.3508 0.5296 0.3499 0.2306 0.3051 0.3501 0.1745 0.1260 0.3052 0.2769 0.2648 0.5397 0.4422 0.4923 0.5756 0.7708 0.7651 0.7596 0.9858 0.7987 0.9663 0.7533 0.7627 0.7063 0.7769 0.8098 0.9972 0.5986 0.5413 0.4476 0.4263 0.5104 0.2899 0.2481 0.2587 0.3199 0.2980 0.2616 0.3744 0.3084
0.2429 0.2496 0.1468 0.2641 0.0839 0.2077 0.0979 0.0338 0.0629 0.2022 0.0172 0.0491 0.0760 0.0993 0.0816 0.0361 0.0773 0.0425 0.0173 0.0242 0.0054 0.0060 0.0151 0.7636 0.4214 0.0094 0.0027 0.6304 0.3250 0.5236 0.3053 0.4703 0.4841 0.5373 0.5433 0.7367 0.5577 0.4593 1.1661 0.9401 0.7319 1.0155 0.9493 0.7243 0.5028 0.7654 0.4774 0.3289 0.4173 0.3322 0.2339 0.1572 0.2774 0.2698 0.4698 0.5374 0.8723 0.7537 0.8084 0.9538 1.0120 1.4319 1.0170 0.9601 1.2008 1.5034 1.3457 0.9238 0.9535 1.2611
6.4201 5.8617 3.9189 4.5089 5.4228 3.7000 2.6897 2.0749 2.6272 2.5689 2.5259 2.5396 2.7935 2.4950 1.5114 1.3536 1.4242 1.9434 0.4518 1.6252 0.6129 0.2550 0.3604 0.9412 0.0925 0.2380 0.4632 0.4220 0.4396 0.2846 0.3433 0.2009 0.0937 0.0937 0.0333 0.0404 0.0747 4.2808 3.3843 0.0726 0.0139 6.4284 2.4241 2.8343 2.1459 3.3286 3.2385 3.9953 3.6480 3.6178 3.1578 2.5339 4.6820 4.0768 5.4343 4.9517 8.9214 5.4368 3.4631 4.6499 3.1593 3.1055 2.6594 2.4422 1.9073 1.3135 2.1188 1.7319 2.8271 4.0980
0.7059 0.9277 0.7348 1.2092 1.4988 1.2085 1.0138 0.8550 1.3101 1.5370 1.7526 1.3794 1.1253 1.6136 1.0972 0.8732 1.0431 0.9113 0.8010 0.7954 0.4626 0.4299 0.4132 0.3302 0.3162 0.3976 0.4433 0.2736 0.2448 0.2932 0.1961 0.2851 0.0739 0.1910 0.1154 0.0520 0.0541 0.1285 0.0225 0.0505 0.0557 0.0943 0.0841 0.0395 0.0619 0.0365 0.0161 0.0178 0.0057 0.0051 0.0126 0.6061 0.3483 0.0095 0.0031 0.8046 0.6273 0.5844 0.3989 0.5555 0.5894 1.0092 0.6219 0.7116 0.6888 0.4534 0.6903 0.5837 0.7292 1.0116
0.5613 0.5512 0.2593 0.4850 0.3927 0.2259 0.2554 0.2046 0.2000 0.1297 0.2105 0.2062 0.2741 0.3843 0.3876 0.4576 0.6508 0.8114 0.6706 0.7549 0.4293 0.4350 0.5074 0.5064 0.5382 0.7549 0.6953 0.5890 0.5050 0.6265 0.4523 0.4211 0.3518 0.2656 0.2475 0.2492 0.1763 0.1330 0.1862 0.2553 0.1904 0.2017 0.1456 0.1267 0.1100 0.1609 0.0393 0.1132 0.0617 0.0205 0.0283 0.0649 0.0085 0.0201 0.0313 0.0297 0.0648 0.0236 0.0337 0.0175 0.0085 0.0134 0.0029 0.0030 0.0082 0.2819 0.1654 0.0049 0.0015 0.4113
0.2831 0.4357 0.2196 0.4261 0.5824 0.5127 0.4049 0.4165 0.4903 0.3132 0.4834 0.4817 0.4763 0.7172 0.7135 0.6677 0.6459 0.9163 0.5422 0.4273 0.4108 0.3736 0.2941 0.1741 0.2738 0.2841 0.4722 0.4835 0.5862 0.9721 0.8776 0.9838 0.8160 0.6599 0.6104 0.6711 0.5752 0.6060 0.9864 1.1606 0.9840 1.1832 0.9243 0.8524 0.7989 0.7490 0.5769 0.4841 0.4078 0.3027 0.2841 0.1663 0.1695 0.2491 0.3182 0.1892 0.2961 0.2146 0.1709 0.2208 0.0589 0.2412 0.0828 0.0318 0.0521 0.1041 0.0136 0.0269 0.0362 0.0436
0.0184 0.0102 0.0107 0.0077 0.0045 0.0043 0.0012 0.0011 0.0036 0.1125 0.0658 0.0025 0.0006 0.1709 0.0768 0.0926 0.0850 0.1228 0.1135 0.1751 0.1107 0.1373 0.1227 0.0843 0.1315 0.1376 0.1601 0.1475 0.1850 0.2063 0.1118 0.1668 0.1117 0.0661 0.0973 0.1004 0.0587 0.0367 0.0876 0.0793 0.0891 0.1816 0.1412 0.1657 0.1920 0.2508 0.2240 0.2014 0.1933 0.1565 0.1784 0.1862 0.2205 0.2356 0.2615 0.2961 0.3351 0.2012 0.1822 0.1505 0.1435 0.1716 0.0974 0.0835 0.0869 0.0632 0.0589 0.0651 0.0780 0.0605
0.0966 0.0992 0.0583 0.1048 0.0333 0.0826 0.0389 0.0134 0.0250 0.0583 0.0068 0.0166 0.0208 0.0272 0.0296 0.0143 0.0272 0.0149 0.0063 0.0087 0.0019 0.0022 0.0054 0.2096 0.1153 0.0037 0.0011 0.2699 0.1091 0.1897 0.1190 0.1704 0.2280 0.1803 0.1823 0.2453 0.1611 0.1169 0.2795 0.2558 0.1991 0.3403 0.3099 0.2680 0.2596 0.3730 0.2462 0.1549 0.2155 0.1565 0.1272 0.0786 0.1306 0.1270 0.2554 0.2921 0.4498 0.4097 0.3728 0.3712 0.3333 0.4265 0.2767 0.2583 0.3267 0.3488 0.3783 0.3398 0.4441 0.4667
0.3138 0.2790 0.1864 0.2147 0.2433 0.1762 0.1281 0.0986 0.1251 0.0600 0.0562 0.0745 0.0706 0.0594 0.0580 0.0558 0.0587 0.0801 0.0186 0.0670 0.0235 0.0098 0.0148 0.0238 0.0036 0.0074 0.0103 0.0094 0.0169 0.0109 0.0131 0.0077 0.0036 0.0036 0.0013 0.0015 0.0029 0.0893 0.0754 0.0028 0.0005 0.1916 0.0695 0.0952 0.0775 0.1118 0.1412 0.1145 0.1046 0.1037 0.0905 0.0582 0.0880 0.0962 0.1282 0.1404 0.2529 0.1794 0.1655 0.2175 0.1510 0.1354 0.1271 0.1065 0.0909 0.0576 0.0924 0.0755 0.1348 0.1872
0.5644 0.8221 0.5059 0.7009 0.7098 0.5498 0.3592 0.3018 0.4642 0.4803 0.5242 0.6574 0.6954 0.6647 0.6638 0.8107 0.8790 0.7680 0.5051 0.5314 0.3090 0.2872 0.2760 0.1332 0.1215 0.1907 0.2126 0.1212 0.1665 0.2139 0.1430 0.2080 0.0539 0.1393 0.0785 0.0354 0.0394 0.0616 0.0153 0.0265 0.0222 0.0376 0.0571 0.0269 0.0418 0.0246 0.0109 0.0122 0.0039 0.0035 0.0086 0.1894 0.1340 0.0064 0.0021 0.3047 0.2762 0.2992 0.2233 0.2840 0.3913 0.4443 0.2739 0.3129 0.3033 0.1997 0.2607 0.2278 0.2846 0.3953
0.4882 0.5334 0.4069 0.6944 0.6155 0.3337 0.4010 0.3024 0.3140 0.1927 0.3115 0.3046 0.4302 0.6479 0.6084 0.6856 0.7519 0.7901 0.5832 0.6567 0.3609 0.3658 0.4266 0.4263 0.4525 0.5719 0.7120 0.4990 0.6282 0.9316 0.8211 0.7098 0.5212 0.3934 0.3666 0.3696 0.2611 0.1303 0.1824 0.2502 0.1866 0.1977 0.2005 0.1875 0.1627 0.2380 0.0583 0.1674 0.0851 0.0283 0.0419 0.0636 0.0117 0.0214 0.0306 0.0291 0.0894 0.0326 0.0464 0.0241 0.0117 0.0186 0.0040 0.0042 0.0113 0.2415 0.1621 0.0067 0.0020 0.3485
0.7945 1.3089 0.7221 1.2798 2.4433 1.4393 1.1353 1.1691 1.3762 0.8781 0.9950 1.1500 1.1369 1.7099 1.7010 1.6385 2.2387 2.8978 2.4807 1.7928 1.8792 1.5674 1.3456 0.7966 1.1487 1.1920 2.1603 2.4580 2.2524 2.7772 1.9355 2.1672 1.6586 1.3398 1.1800 1.2956 1.1121 1.1701 1.9068 2.1070 1.7554 2.2844 2.0854 2.2471 2.3880 4.1162 2.2702 1.9048 1.6029 1.1908 1.1180 0.4669 0.4758 0.6993 0.8932 0.5304 1.0672 0.9004 0.7172 0.9262 0.2472 1.0120 0.2980 0.1143 0.2187 0.2918 0.0491 0.0754 0.1014 0.1224
0.0667 0.0370 0.0381 0.0276 0.0162 0.0155 0.0043 0.0040 0.0132 0.2180 0.1823 0.0090 0.0022 0.3257 0.1469 0.2109 0.2079 0.2798 0.3909 0.3347 0.2112 0.2623 0.2341 0.1441 0.2356 0.2291 0.2664 0.2455 0.3080 0.3840 0.3334 0.4599 0.4390 0.3183 0.4946 0.4376 0.3091 0.1929 0.3814 0.3461 0.4693 0.9563 0.4659 0.4506 0.4078 0.4598 0.3729 0.3352 0.3218 0.2607 0.2970 0.3279 0.3889 0.3927 0.5470 0.4536 0.8194 0.5432 0.5303 0.6415 0.8928 0.9044 0.5137 0.4397 0.4584 0.1080 0.1006 0.1244 0.1489 0.1123
4.5309 7.4927 4.2016 7.9190 2.2613 5.5962 2.1068 0.7267 1.6960 1.7329 0.3700 0.5395 0.5744 0.7515 1.6450 0.7952 1.1999 0.6352 0.3469 0.4834 0.1070 0.1199 0.3013 5.9808 3.0682 0.2022 0.0593 6.9997 3.9060 7.5023 4.7053 6.7385 10.4977 6.4574 6.5378 8.7870 5.7719 3.7495 7.4795 6.8458 5.3294 10.0835 8.2936 7.7157 8.6980 12.0804 11.1637 11.7128 12.7023 10.7131 10.0574 6.2153 8.9447 8.6876 20.1992 16.8775 17.1296 12.2133 10.1396 10.0847 8.9306 11.4273 7.4053 6.9210 8.7544 9.3451 10.1369 9.1040 11.8844 12.5066
1.6030 1.6162 1.1636 1.9612 2.7527 3.0497 2.0509 1.5802 2.0007 0.3766 0.3531 0.5226 0.4950 0.4049 0.5776 0.8316 0.8353 1.1925 0.2492 0.8974 0.2700 0.1125 0.1988 0.1670 0.0408 0.0537 0.0672 0.0612 0.1986 0.1285 0.1232 0.0592 0.0423 0.0423 0.0150 0.0182 0.0337 0.4791 0.4730 0.0320 0.0063 1.0047 0.4388 0.6125 0.5271 0.7193 1.0579 0.7233 0.6604 0.6549 0.5717 0.3678 0.4546 0.4461 0.5946 0.7407 1.0847 0.7881 0.8517 0.9986 1.0064 2.0112 1.1015 1.1849 1.6060 1.0168 1.2240 1.0005 1.6539 1.6511
0.7839 0.8014 0.4913 0.6807 0.7176 0.5551 0.4610 0.3873 0.5958 0.6164 0.6727 0.7238 0.7477 0.8531 0.8518 0.7487 0.9643 1.2326 1.2659 1.8859 1.8264 1.5680 1.5053 0.2089 0.1908 0.2992 0.3335 0.1900 0.4069 0.8565 0.5467 0.8327 0.1810 0.4680 0.2211 0.0998 0.1325 0.0967 0.0431 0.0421 0.0349 0.0590 0.1650 0.0777 0.0967 0.0423 0.0315 0.0351 0.0113 0.0100 0.0247 0.2487 0.2101 0.0181 0.0061 0.3911 0.3607 0.3907 0.3085 0.3714 0.5957 0.5804 0.3581 0.4092 0.3961 0.2611 0.2952 0.2434 0.3041 0.4813
0.6616 0.7311 0.5834 0.9530 1.1432 1.3812 0.9682 0.9387 1.5452 1.1192 1.1484 1.1246 1.4711 1.5923 0.9477 0.8445 0.9250 0.9733 0.7498 0.8442 0.5602 0.5684 0.6620 0.6617 0.7023 0.8008 0.9747 0.7753 0.9750 1.1461 0.9381 1.2792 1.4632 1.5660 2.2451 3.3155 2.1212 0.2337 0.3271 0.4486 0.3346 0.3545 0.5496 1.0396 0.8902 1.2968 0.2307 0.6627 0.2692 0.0894 0.1658 0.1140 0.0370 0.0388 0.0550 0.0522 0.2895 0.1056 0.1206 0.0465 0.0379 0.0601 0.0130 0.0134 0.0365 0.3767 0.2908 0.0211 0.0067 0.5408
0.1848 0.3044 0.1773 0.2976 0.5682 0.3347 0.2640 0.2719 0.3201 0.2042 0.2325 0.2295 0.2271 0.3893 0.3147 0.3032 0.4328 0.5362 0.4707 0.8266 0.4635 0.5414 0.6766 0.4727 0.4724 0.4896 0.7537 0.5695 0.4269 0.5088 0.3546 0.3970 0.3415 0.2758 0.2936 0.3224 0.2767 0.2912 0.4745 0.4731 0.3848 0.5685 0.5189 0.4433 0.4711 0.6461 0.6986 0.8300 1.0744 1.0589 1.1807 0.1084 0.1106 0.1624 0.2077 0.1233 0.3794 0.5562 0.4370 0.5622 0.1089 0.4459 0.1223 0.0469 0.0965 0.0679 0.0202 0.0178 0.0236 0.0285
1.3398 0.7440 0.6267 0.3373 0.3264 0.3130 0.0866 0.0806 0.2666 2.6651 2.0720 0.1800 0.0448 3.9619 5.3276 4.3753 5.6922 5.8041 5.1336 7.9310 5.7831 7.3834 8.3347 10.7212 6.9820 7.9411 6.1966 5.5123 4.6848 6.1350 4.2383 4.7514 4.3462 2.9934 3.7425 4.5435 1.9522 1.6344 3.9608 3.5890 2.6207 3.5017 3.7117 3.2389 3.8010 5.0902 4.2758 4.2449 5.3121 4.8006 4.2914 3.6483 3.6662 3.5076 3.8294 3.8484 4.7392 3.2704 3.1331 3.1994 2.0802 2.9028 1.9386 1.6594 1.7277 18.3604 13.8718 4.5107 7.2349 13.7208
0.2714 0.2117 0.1246 0.2238 0.0711 0.1762 0.1080 0.0373 0.0534 0.4284 0.0189 0.0946 0.2128 0.2780 0.1052 0.0425 0.1404 0.0785 0.0224 0.0312 0.0069 0.0077 0.0194 0.3195 0.4736 0.0104 0.0032 0.1959 0.3418 0.4084 0.3116 0.3668 0.3781 0.4197 0.4902 0.6782 0.5634 0.8003 0.8002 0.7586 0.3961 0.6544 0.4032 0.3837 0.3442 0.3886 0.3360 0.2568 0.2900 0.2595 0.1482 0.1228 0.2166 0.2107 0.2631 0.1973 0.4143 0.2806 0.3021 0.3568 0.3269 0.4625 0.3907 0.4073 0.4038 0.3689 0.3390 0.2599 0.2659 0.3391
0.1462 0.1537 0.1086 0.1545 0.1196 0.1009 0.0862 0.0664 0.0842 0.7023 0.9488 0.2256 0.2933 0.6438 0.1161 0.0894 0.0941 0.1283 0.0298 0.1073 0.0465 0.0194 0.0238 0.1721 0.0070 0.0460 0.1478 0.1349 0.0451 0.0231 0.0511 0.0305 0.0097 0.0097 0.0035 0.0042 0.0077 0.1504 0.3418 0.0055 0.0012 0.1464 0.7629 0.3953 0.3524 0.4642 0.2877 0.3847 0.4665 0.3714 0.3242 0.2141 0.2215 0.2479 0.3363 0.3640 0.4236 0.3281 0.2700 0.2686 0.2533 0.2763 0.2105 0.2170 0.1376 0.1169 0.1885 0.1539 0.1803 0.1716
0.5044 0.5201 0.4135 0.6805 0.7119 0.5528 0.4870 0.4314 0.5517 0.4669 0.5089 0.5837 0.4726 0.5852 0.3979 0.4065 0.5145 0.5551 0.3144 0.3855 0.2633 0.2450 0.2352 0.4987 0.4005 1.8595 1.0788 0.4989 0.4898 0.3446 0.2304 0.3345 0.0867 0.2244 0.2309 0.1041 0.0681 0.3126 0.0449 0.1093 0.0945 0.1599 0.1764 0.0790 0.1341 0.0790 0.0340 0.0378 0.0121 0.0109 0.0266 0.2677 0.3786 0.0189 0.0062 0.2914 1.4035 0.8705 0.8846 0.8273 0.6191 1.0885 0.8788 0.9115 1.1160 0.7695 0.7144 0.6721 0.6937 0.9015
0.8192 0.9651 0.5865 0.8136 0.9132 0.6016 0.5867 0.5450 0.4197 0.3455 0.5607 0.5491 0.5085 0.5248 0.6084 0.5463 0.7770 0.9697 0.7434 0.8379 0.7068 0.8213 0.7312 0.5800 0.5302 0.6445 0.6141 0.5300 0.4545 0.6219 0.4995 0.5742 0.3626 0.3195 0.3501 0.3524 0.2493 0.7458 0.9406 1.4499 1.9490 1.2955 0.7148 0.3375 0.2930 0.4284 0.1048 0.3016 0.2995 0.0996 0.0866 0.5191 0.0411 0.1324 0.2095 0.1992 0.3900 0.1224 0.2109 0.1096 0.0514 0.0815 0.0177 0.0182 0.0496 0.5262 0.6804 0.0235 0.0077 0.4027
0.7138 0.6733 0.4996 0.6575 0.7224 0.7688 0.7006 0.7417 1.1043 1.1760 0.8004 0.8976 0.6938 0.8941 0.5745 0.5900 0.6414 0.6741 0.5536 0.5307 0.4142 0.4634 0.2709 0.2151 0.3401 0.3524 0.3846 0.2767 0.4040 0.4858 0.4390 0.5839 0.4985 0.4042 0.5964 0.7510 0.4920 0.4114 0.5724 0.5613 0.3579 0.5898 0.3666 0.3541 0.3698 0.4281 0.2552 0.2499 0.2470 0.1835 0.1723 1.2842 1.2585 0.6275 1.1193 2.2926 0.5831 0.2666 0.2123 0.2739 0.0731 0.2996 0.1610 0.0618 0.0647 0.6371 0.0265 0.1167 0.3410 0.4115
0.0461 0.0203 0.0394 0.0291 0.0113 0.0109 0.0030 0.0028 0.0093 0.1188 0.1644 0.0047 0.0012 0.0885 0.1748 0.2794 0.4226 0.3706 0.2185 0.2339 0.1574 0.1832 0.1636 0.1029 0.0958 0.1145 0.1359 0.1626 0.1317 0.2016 0.1806 0.2012 0.1852 0.1948 0.1595 0.2486 0.1272 0.1063 0.2581 0.2338 0.1434 0.1492 0.1579 0.1349 0.1278 0.1673 0.1210 0.1091 0.0966 0.0821 0.0780 0.0766 0.0908 0.1063 0.1269 0.1017 0.1636 0.1368 0.1335 0.1363 0.0970 0.1588 0.1262 0.1081 0.1126 0.0995 0.0819 0.1480 0.1918 0.1162
3.6455 0.9434 0.5548 0.9971 0.3516 0.7840 0.8234 0.2641 0.3097 0.6133 0.1343 0.2308 0.2020 0.2254 0.8845 0.4276 0.6451 0.3043 0.1865 0.2599 0.0576 0.0645 0.1620 0.3509 0.4446 0.0734 0.0319 0.3533 0.5088 0.9772 0.6477 0.8777 1.3673 0.8410 0.8504 1.1445 0.7518 0.4884 0.7126 0.7441 0.5910 1.3117 0.7705 0.8579 1.0693 1.2011 1.2150 1.6429 1.0501 1.3936 1.6340 1.4847 1.9966 1.9393 1.5742 0.9184 1.3416 0.8533 0.7402 0.7979 0.6294 0.8085 0.4834 0.4739 0.4997 0.5022 0.5447 0.5355 0.6435 0.6086
0.7936 1.0093 0.7267 1.2050 1.3140 1.3002 1.4449 1.3765 1.7428 0.5221 0.4894 0.7245 0.6863 0.5614 0.9523 4.0016 2.9960 4.5487 0.7823 2.8141 0.6762 0.2816 0.6232 0.2315 0.1020 0.0752 0.0932 0.0849 0.4699 0.3043 0.2917 0.1259 0.1001 0.1002 0.0356 0.0432 0.0798 0.3375 0.6558 0.0801 0.0149 0.5661 0.5509 0.7689 0.7308 0.9030 1.3281 0.9080 0.8291 0.8222 0.7177 0.4617 0.4903 0.5488 0.7464 0.9298 1.0821 0.9350 1.0692 1.0594 1.1688 2.2521 0.9716 1.4875 1.8464 1.6326 2.2145 1.8078 1.3128 0.9720
