0.6845 0.3716 0.2241 0.3633 0.2923 0.3367 0.3524 0.2916 0.3433 0.2252 0.2140 0.2412 0.2427 0.3614 0.2322 0.2385 0.2593 0.2728 0.2240 0.2145 0.1676 0.1875 0.1095 0.0870 0.1375 0.1426 0.1554 0.1118 0.1635 0.1963 0.1775 0.2360 0.2017 0.1634 0.1847 0.2138 0.1524 0.1311 0.2137 0.2269 0.1447 0.2319 0.1441 0.1433 0.1495 0.1733 0.1033 0.1010 0.1000 0.0742 0.0697 0.1541 0.1381 0.5341 0.4000 0.1926 0.2716 0.1077 0.0858 0.1108 0.0296 0.1211 0.0759 0.0291 0.0281 0.1309 0.0125 0.0274 0.0380 0.0459
0.2148 0.1136 0.1306 0.0944 0.0528 0.0506 0.0140 0.0130 0.0431 0.4299 0.5593 0.0281 0.0069 0.4429 1.0667 2.1339 1.5080 2.4563 1.1965 1.5504 0.9785 1.2153 1.0847 0.6676 0.6361 0.7598 0.9018 1.0776 0.8731 1.3361 0.9891 1.1019 1.0142 0.6977 0.8734 1.0589 0.4556 0.3809 0.9243 0.8376 0.6116 0.8171 0.8651 0.7389 0.8288 1.1086 0.8030 0.7228 0.6412 0.5449 0.5180 0.5081 0.6027 0.7040 0.8340 0.6736 0.8956 0.7490 0.7311 0.7466 0.4855 0.6774 0.4518 0.3872 0.4032 0.5235 0.4669 0.9042 0.9777 0.5981
0.0627 0.0341 0.0200 0.0360 0.0123 0.0283 0.0253 0.0087 0.0102 0.0247 0.0044 0.0090 0.0081 0.0090 0.0193 0.0093 0.0176 0.0096 0.0041 0.0057 0.0013 0.0014 0.0035 0.0235 0.0297 0.0024 0.0007 0.0236 0.0511 0.0894 0.1209 0.0803 0.0528 0.0495 0.0534 0.0622 0.0449 0.0305 0.0425 0.0444 0.0321 0.0713 0.0419 0.0458 0.0481 0.0540 0.0470 0.0379 0.0406 0.0363 0.0219 0.0181 0.0320 0.0311 0.0368 0.0276 0.0579 0.0384 0.0361 0.0426 0.0342 0.0439 0.0264 0.0282 0.0273 0.0273 0.0296 0.0286 0.0317 0.0331
0.7754 0.9862 0.7100 1.0114 0.7827 0.6595 0.5958 0.4590 0.5819 0.9124 0.7553 1.5772 1.6792 1.1012 1.8987 0.6180 0.7181 0.8862 0.3003 0.8194 0.7595 0.3163 0.2813 0.7319 0.1147 0.2748 0.2928 0.2249 0.6015 0.3571 0.4848 0.2836 0.1292 0.1294 0.0459 0.0557 0.1030 0.4369 0.8489 0.0901 0.0175 0.6677 1.5055 2.5400 1.7068 3.8297 1.5296 1.5828 1.4452 1.4333 1.2510 0.8038 0.8536 0.9567 1.3012 1.6208 1.8864 1.6278 1.4336 1.4205 1.3462 1.4667 1.1191 1.1535 0.7313 0.6204 1.0008 0.8180 0.9573 0.9111
1.8781 1.8936 1.4390 2.3652 2.2211 1.7247 1.3200 1.1662 1.4953 1.4566 1.5876 1.8698 1.6427 1.8255 1.3401 1.4858 1.9136 2.0673 1.1708 1.4356 0.9806 0.9124 0.8759 1.0621 0.9279 2.2847 2.3005 1.0638 2.0272 1.2814 0.8568 1.2457 0.3478 0.8346 0.9556 0.4313 0.2822 0.6923 0.1859 0.3480 0.2481 0.3539 0.6959 0.3274 0.5083 0.2994 0.1331 0.1479 0.0474 0.0425 0.1042 0.7229 1.0222 0.0783 0.0257 0.9102 2.3693 2.5664 1.9173 2.4391 4.6876 3.8118 2.3491 2.6875 2.6016 1.7146 1.6653 1.5668 1.9971 3.1568
0.6328 0.8316 0.7022 0.9693 1.2729 0.8385 0.8188 0.7597 0.5857 0.4816 0.7816 0.7653 0.7088 0.7314 0.7593 0.6403 0.7338 0.8356 0.5742 0.6481 0.3969 0.4223 0.4106 0.3858 0.4101 0.5118 0.5726 0.4094 0.4927 0.7307 0.5980 0.8013 0.5061 0.4452 0.4879 0.4913 0.3475 0.2812 0.3937 0.5399 0.4028 0.4266 0.4327 0.4704 0.4084 0.5979 0.1463 0.4203 0.1837 0.0610 0.1052 0.1372 0.0252 0.0461 0.0662 0.0629 0.1971 0.0719 0.1002 0.0521 0.0258 0.0409 0.0088 0.0091 0.0249 0.2706 0.3499 0.0144 0.0045 0.3111
0.1894 0.2415 0.1341 0.2361 0.2978 0.4110 0.2706 0.2571 0.3027 0.1933 0.1889 0.2129 0.2148 0.3681 0.2369 0.2429 0.2641 0.2779 0.2282 0.2185 0.1707 0.1911 0.1117 0.0886 0.1400 0.1453 0.1584 0.1139 0.1666 0.2000 0.1810 0.2404 0.2055 0.1666 0.1635 0.1885 0.1349 0.1336 0.2177 0.2314 0.1473 0.2362 0.1468 0.1460 0.1523 0.1765 0.1052 0.1029 0.1018 0.0755 0.0710 0.1027 0.1046 0.1667 0.1965 0.1168 0.1625 0.1098 0.0874 0.1129 0.0301 0.1234 0.0454 0.0174 0.0267 0.0643 0.0075 0.0164 0.0223 0.0269
0.0176 0.0093 0.0107 0.0077 0.0043 0.0042 0.0012 0.0011 0.0035 0.0520 0.0676 0.0023 0.0005 0.0618 0.0964 0.0807 0.0856 0.1071 0.0988 0.1655 0.1637 0.1383 0.1234 0.0761 0.0724 0.0864 0.1023 0.1063 0.0861 0.1181 0.0817 0.0915 0.0838 0.0576 0.0721 0.0875 0.0376 0.0315 0.0764 0.0692 0.0505 0.0675 0.0715 0.0624 0.0733 0.0980 0.0791 0.0713 0.0727 0.0620 0.0588 0.0500 0.0593 0.0676 0.0737 0.0663 0.0817 0.0630 0.0604 0.0617 0.0401 0.0559 0.0373 0.0320 0.0333 0.0570 0.0531 0.0817 0.0891 0.0593
0.4239 0.4085 0.2403 0.4318 0.1372 0.3395 0.1708 0.0589 0.1029 0.3147 0.0300 0.0789 0.0920 0.1202 0.1364 0.0629 0.1294 0.0710 0.0290 0.0404 0.0090 0.0101 0.0252 0.3878 0.4914 0.0164 0.0047 0.3379 0.7013 0.9766 0.5695 0.8772 0.9040 1.0035 1.1723 1.7597 1.0666 0.6920 1.0098 1.0545 0.8354 1.5649 0.9193 0.9176 0.8231 0.9292 0.8034 0.6142 0.6934 0.6204 0.3542 0.2937 0.5180 0.5037 0.6291 0.4718 0.9907 0.6710 0.7224 0.8533 0.7510 0.9633 0.6834 0.6716 0.7063 0.6037 0.6499 0.6215 0.6359 0.7261
0.6749 0.7922 0.5597 0.7972 0.6162 0.5199 0.4444 0.3424 0.4340 0.7403 0.6940 0.9980 0.9731 0.7960 0.5147 0.4610 0.4850 0.6619 0.1539 0.5535 0.2087 0.0868 0.1226 0.3283 0.0315 0.0824 0.1322 0.1204 0.1497 0.0968 0.1169 0.0683 0.0319 0.0319 0.0113 0.0138 0.0254 0.4786 0.9298 0.0247 0.0047 0.6758 0.7940 0.8046 0.6685 0.9448 0.9181 1.1327 1.1949 1.2197 1.4355 0.8651 0.9187 1.0284 1.1340 1.1599 1.3516 1.0456 0.8605 0.8569 0.8080 0.8804 0.6717 0.6924 0.4390 0.3724 0.6007 0.4910 0.5746 0.5469
0.8482 0.8737 0.6955 1.1431 1.1974 0.9298 0.9790 0.9432 1.1076 0.9107 0.8559 0.9818 0.7939 0.9829 0.6683 0.6838 0.8642 0.9336 0.5287 0.6484 0.4429 0.4115 0.3956 0.8231 0.7515 0.9066 1.3140 0.7494 0.4831 0.5787 0.3870 0.5626 0.1458 0.3769 0.2278 0.1027 0.1066 0.3808 0.0443 0.1281 0.1375 0.2327 0.1982 0.0802 0.1507 0.0888 0.0382 0.0425 0.0136 0.0122 0.0299 0.5854 0.8278 0.0186 0.0063 0.4901 0.8611 0.6587 0.5260 0.6260 0.6634 1.1679 0.8316 0.9779 1.1973 1.9392 1.1483 0.9808 0.8219 0.9672
0.5884 0.6609 0.4016 0.5564 0.6246 0.4119 0.4018 0.3728 0.2874 0.2366 0.3840 0.3755 0.3482 0.3593 0.4161 0.3741 0.5321 0.6641 0.5299 0.6588 0.5691 0.6449 0.5895 0.5036 0.4534 0.4413 0.4205 0.4054 0.3475 0.4253 0.3420 0.3932 0.2483 0.2188 0.2397 0.2414 0.1705 0.7817 1.1463 0.5671 0.5611 0.9470 0.2712 0.2311 0.2006 0.2934 0.0718 0.2065 0.1135 0.0378 0.0517 0.2033 0.0156 0.0504 0.1856 0.1765 0.1478 0.0464 0.0800 0.0416 0.0195 0.0309 0.0067 0.0069 0.0188 0.4614 0.6981 0.0089 0.0029 0.3080
0.3180 0.3799 0.2138 0.3714 0.4691 0.4986 0.4544 0.4811 0.7162 0.6855 1.1816 0.9596 0.6372 0.5799 0.5479 0.4131 0.4160 0.4932 0.3591 0.3442 0.2686 0.3010 0.1757 0.1396 0.2205 0.2286 0.2545 0.2153 0.3160 0.4237 0.3830 0.5094 0.4718 0.4214 0.6884 0.8668 0.5686 0.5391 0.7443 0.5707 0.3666 0.6807 0.4231 0.3273 0.3226 0.3220 0.2844 0.2219 0.1867 0.1385 0.1302 0.3471 0.3709 0.2796 0.4648 0.3209 0.2559 0.1729 0.1377 0.1776 0.0474 0.1943 0.0715 0.0274 0.0420 0.1521 0.0118 0.0307 0.0763 0.0920
0.2165 0.1034 0.1317 0.0952 0.0531 0.0510 0.0141 0.0131 0.0434 1.8810 1.6456 0.0249 0.0062 1.2223 1.0577 1.1014 1.1090 1.4610 1.3503 2.0861 1.5211 1.9421 2.1923 1.8377 2.4484 3.3283 2.3401 1.4499 1.7692 1.7865 1.1148 1.4440 1.1447 0.7874 0.9844 1.1951 0.5135 0.4299 1.0418 0.9452 0.7203 1.0940 1.2056 1.1750 1.3789 1.8443 1.6147 1.6031 2.0036 1.8129 1.6206 1.3521 1.3690 1.2999 1.4067 1.4533 1.7897 1.1969 1.0292 1.0008 0.7652 0.9149 0.5203 0.4453 0.4642 1.3774 1.2835 0.8955 1.3955 1.2164
0.0905 0.0930 0.0547 0.0983 0.0312 0.0774 0.0364 0.0126 0.0234 0.0822 0.0064 0.0200 0.0357 0.0467 0.0332 0.0138 0.0315 0.0173 0.0071 0.0098 0.0022 0.0024 0.0061 0.1891 0.1980 0.0035 0.0010 0.1234 0.1523 0.2132 0.1242 0.1913 0.1971 0.2188 0.2550 0.3528 0.2382 0.1707 0.3491 0.3734 0.4147 0.3750 0.2959 0.2171 0.1795 0.2294 0.1752 0.1339 0.1514 0.1353 0.0773 0.0640 0.1130 0.1098 0.1405 0.1198 0.2615 0.1978 0.2129 0.2512 0.2399 0.3394 0.2863 0.2378 0.2963 0.2532 0.2345 0.1871 0.1898 0.2488
0.2717 0.2764 0.1755 0.2377 0.2163 0.1564 0.1138 0.0877 0.1112 0.2145 0.2010 0.2550 0.2553 0.2283 0.1318 0.1181 0.1243 0.1695 0.0394 0.1418 0.0535 0.0223 0.0314 0.0861 0.0081 0.0216 0.0379 0.0345 0.0383 0.0248 0.0299 0.0175 0.0082 0.0082 0.0029 0.0035 0.0065 0.1990 0.2694 0.0063 0.0012 0.2721 0.2802 0.3276 0.2480 0.3847 0.3738 0.4612 0.4216 0.4176 0.3650 0.2345 0.2490 0.2787 0.4165 0.6272 0.6660 0.4257 0.3508 0.3489 0.3290 0.3585 0.2735 0.2819 0.1787 0.1516 0.2449 0.1999 0.2342 0.2275
1.5601 1.7947 1.4268 2.3482 2.5096 1.9488 1.3850 1.0874 1.5887 1.6459 1.7938 2.0577 1.6536 2.0626 1.4025 1.4170 1.6096 1.6516 0.9664 1.1228 0.7669 0.7135 0.6850 0.9489 0.8663 1.3589 1.5147 0.8639 0.8366 1.0034 0.6709 0.9742 0.2526 0.6527 0.3944 0.1780 0.1849 0.4390 0.0767 0.1725 0.1586 0.2683 0.2872 0.1351 0.2116 0.1247 0.0549 0.0611 0.0196 0.0175 0.0430 0.6748 0.9543 0.0323 0.0106 1.0271 1.5329 1.3909 0.9662 1.3220 1.4010 2.4662 1.5198 1.7366 1.6832 1.1621 1.5822 1.5245 1.9046 2.4720
6.8542 5.7748 2.7196 5.0809 4.1143 2.4450 2.6799 2.2125 2.0986 1.4043 2.2790 2.2289 2.8757 3.3687 4.0611 4.0722 5.7920 7.2292 5.9749 6.8288 3.8783 3.4445 4.0173 3.9103 4.0629 4.9081 4.6412 4.0364 3.4607 4.6765 3.3760 3.6908 2.4082 1.8179 1.7881 1.8004 1.2736 1.5501 2.1700 2.8373 2.1165 2.2417 1.5740 1.3717 1.1909 1.7414 0.4262 1.2257 0.6680 0.2222 0.3067 0.7210 0.0917 0.2214 0.3513 0.3341 0.7016 0.2558 0.3677 0.1910 0.0918 0.1456 0.0315 0.0325 0.0885 2.2067 1.9286 0.0523 0.0161 3.0627
0.4021 0.6190 0.3120 0.6052 0.7644 0.7284 0.5753 0.5916 0.6965 0.4449 0.4693 0.5425 0.5363 0.8481 0.8024 1.0343 0.7383 1.0849 0.5917 0.5609 0.4427 0.4904 0.2966 0.2274 0.3594 0.3729 0.4761 0.3893 0.5911 0.7809 0.7058 0.9386 0.6970 0.5645 0.5143 0.5018 0.4302 0.4532 0.7385 0.8316 0.5753 0.8278 0.5493 0.5700 0.5410 0.6024 0.3592 0.3094 0.2765 0.2052 0.1929 0.2363 0.2408 0.3539 0.4521 0.2688 0.4170 0.2817 0.2244 0.2894 0.0773 0.3166 0.1164 0.0447 0.0684 0.1479 0.0192 0.0382 0.0514 0.0619
0.3924 0.2176 0.2293 0.1658 0.0956 0.0917 0.0254 0.0236 0.0781 1.2771 1.4202 0.0540 0.0131 1.9129 1.4292 2.0524 2.0231 2.7192 3.2633 3.2567 2.0553 2.5494 2.2784 1.4023 1.3344 1.5939 1.8942 2.2635 2.0899 3.0567 4.0931 3.7580 3.2081 1.9029 2.7625 2.8882 1.2425 1.0390 2.5210 2.2844 1.7650 2.6772 2.9505 2.5202 2.3830 2.7415 1.9219 1.7322 1.4233 1.1430 1.1672 1.2162 1.4425 1.7411 2.3709 1.6890 3.0545 2.5544 2.4905 2.4492 1.5925 1.9550 1.2324 1.0562 1.0997 1.0510 0.9794 1.2101 1.4485 1.0928
0.1103 0.1217 0.0716 0.1287 0.0409 0.1012 0.0444 0.0154 0.0307 0.0462 0.0078 0.0144 0.0153 0.0200 0.0339 0.0164 0.0309 0.0169 0.0071 0.0100 0.0022 0.0025 0.0062 0.0645 0.0818 0.0043 0.0012 0.0741 0.0937 0.1792 0.1123 0.1608 0.2152 0.1548 0.1566 0.2107 0.1384 0.0899 0.1478 0.1583 0.1232 0.2415 0.2182 0.2402 0.2449 0.3975 0.2217 0.1462 0.1916 0.1477 0.0977 0.0699 0.1233 0.1199 0.1961 0.1672 0.3646 0.2645 0.2298 0.2332 0.1783 0.2287 0.1270 0.1053 0.1331 0.1422 0.1543 0.1565 0.1997 0.1781
0.4454 0.5875 0.3948 0.5402 0.4180 0.3103 0.2396 0.1846 0.2340 0.1841 0.1726 0.2555 0.2420 0.1980 0.2186 0.2100 0.2210 0.3015 0.0701 0.2522 0.0887 0.0369 0.0559 0.0817 0.0134 0.0262 0.0329 0.0299 0.0636 0.0412 0.0492 0.0288 0.0135 0.0136 0.0048 0.0059 0.0108 0.1454 0.2313 0.0105 0.0020 0.3071 0.2334 0.3258 0.2653 0.3826 0.5626 0.3847 0.3512 0.3483 0.3040 0.1954 0.2077 0.2325 0.3162 0.3939 0.5088 0.4001 0.5253 0.5205 0.7163 0.5395 0.5453 0.4243 0.2843 0.2282 0.3681 0.3009 0.4214 0.4440
0.6981 0.6193 0.3972 0.5615 0.5104 0.3963 0.2817 0.2415 0.3231 0.3347 0.3648 0.4439 0.4478 0.4394 0.4382 0.4859 0.6258 0.8582 0.4861 0.5377 0.3322 0.3087 0.2967 0.2107 0.1924 0.3017 0.3364 0.1916 0.2684 0.4016 0.2685 0.3903 0.1012 0.2615 0.1264 0.0570 0.0740 0.0975 0.0246 0.0419 0.0352 0.0596 0.0941 0.0443 0.0673 0.0396 0.0180 0.0200 0.0064 0.0057 0.0141 0.1498 0.2119 0.0104 0.0035 0.2089 0.3387 0.3669 0.2896 0.3487 0.5592 0.5449 0.3358 0.3842 0.3719 0.2451 0.2380 0.2240 0.2855 0.4513
0.2499 0.3284 0.2773 0.3828 0.5027 0.7490 0.3233 0.4456 0.4580 0.3364 0.5458 0.5345 0.4591 0.3690 0.2995 0.2529 0.2898 0.3300 0.2267 0.2559 0.1567 0.1668 0.1622 0.1524 0.1619 0.2021 0.2261 0.1617 0.1946 0.2885 0.2362 0.3164 0.2791 0.2887 0.3820 0.3846 0.2721 0.1111 0.1555 0.2132 0.1590 0.1685 0.2612 0.3285 0.2852 0.4176 0.1022 0.2936 0.1279 0.0425 0.0734 0.0542 0.0176 0.0184 0.0261 0.0248 0.1375 0.0502 0.0573 0.0221 0.0180 0.0285 0.0062 0.0064 0.0174 0.1068 0.1382 0.0100 0.0032 0.1228
0.1257 0.2070 0.1142 0.2024 0.3864 0.2276 0.1796 0.1849 0.2177 0.1389 0.1357 0.1531 0.1545 0.2647 0.1912 0.1966 0.3414 0.3574 0.3924 0.2836 0.4278 0.2479 0.2016 0.1194 0.1817 0.1885 0.3237 0.2565 0.2593 0.2685 0.1958 0.2234 0.1659 0.1345 0.1224 0.1356 0.1025 0.1079 0.1758 0.1979 0.1574 0.1997 0.1823 0.1965 0.2088 0.3072 0.2367 0.2104 0.1880 0.1395 0.1311 0.0738 0.0753 0.1105 0.1411 0.0839 0.1688 0.1424 0.1134 0.1463 0.0391 0.1601 0.0471 0.0181 0.0346 0.0461 0.0078 0.0119 0.0161 0.0194
0.0495 0.0275 0.0283 0.0205 0.0121 0.0116 0.0032 0.0030 0.0099 0.1040 0.1354 0.0067 0.0017 0.1390 0.1590 0.2283 0.2253 0.3028 0.4231 0.3622 0.2286 0.2839 0.2534 0.1560 0.1486 0.1775 0.2107 0.2518 0.2040 0.3121 0.3000 0.3347 0.3586 0.3664 0.3084 0.6756 0.2393 0.2001 0.4848 0.4398 0.3208 0.3338 0.2735 0.2242 0.2122 0.2590 0.1876 0.1689 0.1496 0.1273 0.1210 0.1187 0.1408 0.1645 0.2112 0.1574 0.2720 0.2275 0.2218 0.2640 0.2171 0.3557 0.2373 0.2034 0.2117 0.1170 0.1091 0.1346 0.1613 0.1215
0.7269 1.0803 0.6346 1.1418 0.3628 0.8978 0.3380 0.1166 0.2721 0.2367 0.0594 0.0737 0.0785 0.1027 0.2639 0.1276 0.1925 0.0868 0.0557 0.0776 0.0172 0.0193 0.0483 0.3312 0.4197 0.0325 0.0095 0.3334 0.3063 0.5875 0.3894 0.5277 0.8221 0.5057 0.5120 0.6882 0.4526 0.2936 0.4285 0.4474 0.3554 0.7897 0.5707 0.5343 0.6438 0.8365 0.7731 1.1074 0.8796 0.8390 1.6902 0.8972 1.1533 1.1202 1.3988 0.8161 1.1847 0.6918 0.6009 0.6090 0.4656 0.5980 0.3317 0.2850 0.3484 0.3724 0.4040 0.4088 0.5217 0.4984
0.1624 0.1956 0.1409 0.2547 0.2788 0.2762 0.3070 0.2365 0.2998 0.0751 0.0704 0.1041 0.0987 0.0807 0.1369 0.3055 0.3068 0.4386 0.0855 0.3077 0.0740 0.0308 0.0682 0.0333 0.0112 0.0108 0.0134 0.0122 0.0514 0.0333 0.0319 0.0138 0.0110 0.0110 0.0039 0.0047 0.0087 0.0486 0.0943 0.0088 0.0016 0.1019 0.0784 0.1094 0.0940 0.1285 0.1890 0.1292 0.1180 0.1170 0.1021 0.0656 0.0697 0.0781 0.1062 0.1323 0.1540 0.1329 0.1522 0.1508 0.1663 0.3205 0.1436 0.2117 0.3032 0.5575 0.3148 0.2573 0.2156 0.1596
0.2752 0.2444 0.1568 0.2337 0.2197 0.1704 0.1304 0.1152 0.1477 0.1439 0.1568 0.1847 0.1767 0.1831 0.1826 0.1918 0.2470 0.3388 0.2713 0.3907 0.3474 0.3811 0.3663 0.1004 0.0918 0.1438 0.1605 0.0914 0.1958 0.6405 0.3883 0.6265 0.1286 0.3323 0.1279 0.0577 0.0940 0.0465 0.0249 0.0203 0.0168 0.0284 0.0903 0.0425 0.0529 0.0230 0.0173 0.0192 0.0062 0.0055 0.0135 0.0714 0.1011 0.0105 0.0033 0.0899 0.3236 0.3505 0.2768 0.3332 0.5344 0.5206 0.3209 0.3671 0.3554 0.2342 0.2275 0.2140 0.2728 0.4312
1.1604 1.5249 1.2877 1.7775 2.3342 2.7193 1.5015 2.0691 2.6264 2.2480 4.0642 3.5725 1.9329 1.5516 1.3925 1.1741 1.3455 1.5323 1.0530 1.1885 0.7278 0.7745 0.7529 0.7076 0.7520 0.9385 1.0501 0.7508 0.9036 1.3399 1.0967 1.4695 1.1737 1.2142 1.5823 1.5932 1.1270 0.5157 0.7220 0.9901 0.7386 0.7823 1.2131 2.1986 1.9087 2.7911 0.6831 1.9621 0.6864 0.2283 0.4915 0.2516 0.0943 0.0855 0.1214 0.1153 0.7173 0.2616 0.2987 0.1147 0.0938 0.1488 0.0322 0.0332 0.0905 0.4962 0.6416 0.0538 0.0165 0.5704
0.0797 0.1313 0.0765 0.1284 0.2452 0.1444 0.1139 0.1172 0.1381 0.0881 0.0861 0.0970 0.0980 0.1679 0.1079 0.1235 0.1868 0.1953 0.1877 0.3182 0.1404 0.2336 0.2246 0.1856 0.2934 0.3685 0.1936 0.1084 0.1226 0.1383 0.1008 0.1222 0.0936 0.0759 0.0745 0.0859 0.0614 0.0610 0.0992 0.1083 0.0811 0.1078 0.0939 0.1012 0.1077 0.1451 0.1096 0.1258 0.1482 0.1100 0.1033 0.0468 0.0477 0.0701 0.0895 0.0532 0.1635 0.2300 0.1832 0.2366 0.0632 0.2585 0.0610 0.0234 0.0559 0.0293 0.0100 0.0077 0.0102 0.0123
0.1717 0.0953 0.0804 0.0429 0.0418 0.0401 0.0111 0.0103 0.0342 0.1816 0.2362 0.0237 0.0057 0.2161 0.2705 0.3885 0.3834 0.5153 0.7200 0.6164 0.3890 0.4832 0.4313 0.2658 0.2580 0.3156 0.3672 0.4284 0.4836 0.6231 0.5410 0.7461 0.7303 0.6885 0.8280 0.9464 0.6695 0.4178 0.8261 0.7485 1.1125 1.0564 0.7751 0.5824 0.5514 0.6344 0.4442 0.4003 0.3294 0.2371 0.2701 0.2818 0.3342 0.4024 0.5479 0.4125 0.7451 0.5903 0.5756 0.7471 0.6870 1.1258 0.6791 0.5813 0.6052 0.1992 0.1856 0.2293 0.2745 0.2071
0.1758 0.2904 0.1631 0.3070 0.0876 0.2172 0.0817 0.0282 0.0657 0.0573 0.0144 0.0178 0.0190 0.0248 0.0638 0.0308 0.0465 0.0210 0.0134 0.0187 0.0042 0.0047 0.0117 0.0906 0.1014 0.0078 0.0023 0.1141 0.1081 0.2077 0.1303 0.1865 0.2906 0.1788 0.1810 0.2433 0.1598 0.1038 0.1817 0.1879 0.1462 0.2848 0.2590 0.2428 0.2734 0.3801 0.3422 0.2519 0.3874 0.2304 0.2166 0.1339 0.1926 0.1871 0.4350 0.6237 0.5250 0.3650 0.3031 0.3018 0.2375 0.3043 0.1799 0.1682 0.2124 0.2270 0.2460 0.2220 0.2968 0.3038
0.2640 0.3044 0.2192 0.4295 0.4533 0.3281 0.2385 0.1837 0.2329 0.0708 0.0663 0.0982 0.0930 0.0761 0.0844 0.1215 0.1221 0.1743 0.0364 0.1311 0.0395 0.0164 0.0291 0.0314 0.0060 0.0101 0.0126 0.0115 0.0290 0.0188 0.0190 0.0111 0.0062 0.0062 0.0022 0.0027 0.0049 0.0790 0.0889 0.0047 0.0009 0.1654 0.1260 0.1759 0.1432 0.2066 0.2721 0.2077 0.1899 0.1881 0.1642 0.1056 0.1351 0.1551 0.2067 0.2259 0.4071 0.2957 0.3059 0.3748 0.3172 0.2609 0.2667 0.2049 0.1908 0.1209 0.1780 0.1453 0.2831 0.2983
0.8365 0.6653 0.4267 0.6032 0.5483 0.4258 0.3026 0.2257 0.3471 0.3596 0.3919 0.4769 0.4810 0.4721 0.4708 0.5220 0.6731 0.7743 0.4385 0.4851 0.2993 0.2785 0.2673 0.1528 0.1395 0.2188 0.2439 0.1391 0.1946 0.2607 0.1743 0.2531 0.0656 0.1698 0.0917 0.0414 0.0480 0.0707 0.0178 0.0304 0.0255 0.0432 0.0668 0.0314 0.0488 0.0287 0.0128 0.0142 0.0046 0.0041 0.0100 0.1416 0.1537 0.0075 0.0025 0.2247 0.2837 0.3005 0.2245 0.2856 0.3935 0.4565 0.2813 0.3214 0.3115 0.2051 0.2679 0.2585 0.3229 0.4479
0.5131 0.5586 0.3796 0.7091 0.5742 0.3113 0.3740 0.2821 0.2929 0.1797 0.2902 0.2842 0.4014 0.5466 0.5668 0.7741 0.8053 0.8357 0.5293 0.5959 0.3026 0.3067 0.3577 0.3575 0.3794 0.5042 0.6277 0.4183 0.5267 0.8213 0.5974 0.5989 0.4083 0.3082 0.2872 0.2896 0.2046 0.1242 0.1739 0.2384 0.1779 0.1884 0.1871 0.1747 0.1517 0.2220 0.0543 0.1561 0.0794 0.0264 0.0391 0.0606 0.0109 0.0203 0.0292 0.0278 0.0833 0.0304 0.0433 0.0225 0.0109 0.0173 0.0037 0.0039 0.0105 0.1987 0.1545 0.0062 0.0019 0.2922
0.0749 0.1153 0.0580 0.1127 0.1560 0.1356 0.1070 0.1100 0.1297 0.0827 0.1087 0.1257 0.1243 0.1869 0.1859 0.1764 0.1728 0.2451 0.1452 0.1145 0.1100 0.1001 0.0788 0.0466 0.0734 0.0761 0.1265 0.1148 0.1570 0.2601 0.2389 0.2599 0.1836 0.1485 0.1204 0.1322 0.1134 0.1195 0.1945 0.2268 0.1890 0.2310 0.1804 0.1872 0.1762 0.1778 0.1145 0.0960 0.0808 0.0600 0.0564 0.0440 0.0448 0.0658 0.0841 0.0500 0.0793 0.0575 0.0458 0.0591 0.0158 0.0646 0.0222 0.0085 0.0140 0.0275 0.0037 0.0071 0.0096 0.0115
0.0082 0.0046 0.0048 0.0035 0.0020 0.0019 0.0005 0.0005 0.0016 0.0370 0.0291 0.0011 0.0003 0.0557 0.0360 0.0483 0.0436 0.0641 0.0592 0.0820 0.0519 0.0643 0.0574 0.0354 0.0453 0.0555 0.0644 0.0676 0.0849 0.1077 0.0576 0.0870 0.0575 0.0345 0.0501 0.0524 0.0286 0.0188 0.0457 0.0415 0.0435 0.0719 0.0727 0.0847 0.0993 0.1361 0.0887 0.0797 0.0584 0.0472 0.0539 0.0561 0.0666 0.0831 0.1001 0.0795 0.1062 0.0855 0.0738 0.0657 0.0461 0.0551 0.0313 0.0268 0.0280 0.0265 0.0247 0.0305 0.0365 0.0276
0.6665 0.6847 0.4027 0.7237 0.2302 0.5697 0.2685 0.0926 0.1724 0.3614 0.0472 0.1125 0.1198 0.1565 0.2045 0.0989 0.1863 0.1023 0.0431 0.0601 0.0133 0.0149 0.0375 0.8366 0.6399 0.0258 0.0074 1.0611 0.7650 1.2324 0.7178 1.1056 1.1394 1.2647 1.2788 1.7210 1.1304 0.7645 1.5657 1.6724 1.3019 2.3872 2.1710 1.7048 1.1836 1.8016 1.1224 0.7742 0.9823 0.7820 0.5492 0.3701 0.6529 0.6349 1.1031 1.0556 2.0506 1.7651 1.9005 2.2450 2.6439 3.2457 1.5502 1.4488 1.8303 1.9270 2.0876 1.9347 1.9647 2.2603
1.2535 1.4529 0.9226 1.0642 0.9981 0.7224 0.5252 0.4046 0.5130 0.4879 0.4574 0.6504 0.6161 0.5033 0.3871 0.3466 0.3647 0.4977 0.1157 0.4162 0.1570 0.0653 0.0922 0.2078 0.0237 0.0609 0.0839 0.0765 0.1126 0.0728 0.0879 0.0514 0.0240 0.0240 0.0085 0.0103 0.0191 0.6152 0.6129 0.0186 0.0036 1.2552 0.5434 0.6354 0.4810 0.7462 0.7260 0.8957 0.8178 0.8110 0.7079 0.5222 0.7765 0.8912 1.1880 1.1100 2.1403 1.2173 0.7763 1.0411 0.7082 0.6961 0.5962 0.5475 0.4265 0.2945 0.4750 0.3877 0.6322 0.7658
0.2163 0.2824 0.2246 0.3696 0.4964 0.4538 0.2573 0.2164 0.3329 0.3376 0.3408 0.3751 0.3014 0.3760 0.2557 0.2583 0.2934 0.2564 0.1762 0.1851 0.1078 0.1002 0.0962 0.0976 0.0891 0.1217 0.1356 0.0774 0.0750 0.0899 0.0601 0.0872 0.0226 0.0585 0.0353 0.0159 0.0166 0.0393 0.0069 0.0155 0.0157 0.0266 0.0257 0.0121 0.0190 0.0112 0.0049 0.0055 0.0018 0.0016 0.0039 0.1343 0.0981 0.0029 0.0010 0.1872 0.1670 0.1316 0.0919 0.1251 0.1328 0.2334 0.1656 0.1950 0.2191 0.1698 0.2726 0.2228 0.2783 0.2172
4.8536 4.2038 1.9773 3.6987 2.9950 1.9168 1.9485 1.7366 1.5257 1.1009 1.7866 1.7496 2.0934 2.9273 2.9563 3.0057 4.2589 5.3157 5.0064 6.2241 7.1504 5.6720 6.6069 5.2406 4.7544 4.6980 4.5100 4.5090 3.8659 4.1151 3.1237 2.9079 2.6902 2.0333 1.8948 1.9078 1.3496 1.8789 2.6302 2.5634 2.2855 2.6431 1.2354 1.0754 0.9336 1.3651 0.3341 0.9609 0.5236 0.1741 0.2404 0.7785 0.0720 0.2043 0.4259 0.4044 0.6021 0.2005 0.3260 0.1692 0.0795 0.1259 0.0272 0.0281 0.0765 3.6337 2.3377 0.0411 0.0126 3.4256
0.1127 0.1346 0.0758 0.1316 0.1662 0.1767 0.1610 0.1705 0.2538 0.1859 0.3078 0.2940 0.2312 0.2055 0.2049 0.1569 0.1474 0.1873 0.1274 0.1220 0.0952 0.1066 0.0623 0.0495 0.0782 0.0811 0.0968 0.1062 0.1198 0.1836 0.1653 0.2198 0.2312 0.2065 0.2971 0.4749 0.2800 0.2365 0.3265 0.2810 0.1808 0.3352 0.2084 0.1612 0.1588 0.1489 0.1302 0.1093 0.0919 0.0683 0.0641 0.0987 0.1006 0.0991 0.1647 0.1069 0.0907 0.0613 0.0488 0.0629 0.0168 0.0689 0.0254 0.0097 0.0149 0.0539 0.0042 0.0109 0.0207 0.0250
0.0323 0.0154 0.0197 0.0142 0.0080 0.0076 0.0021 0.0020 0.0065 0.3441 0.1880 0.0037 0.0009 0.2535 0.1391 0.1455 0.1341 0.1928 0.1782 0.2753 0.2003 0.2557 0.2650 0.1922 0.3023 0.3137 0.3650 0.2180 0.2887 0.2952 0.1581 0.2386 0.1577 0.1039 0.1375 0.1577 0.0786 0.0568 0.1375 0.1247 0.1193 0.2431 0.1992 0.2218 0.2593 0.3473 0.3447 0.3422 0.4442 0.3598 0.4354 0.3394 0.3437 0.3182 0.3500 0.3648 0.4493 0.2697 0.2439 0.2017 0.1921 0.2299 0.1306 0.1118 0.1166 0.1441 0.1343 0.1179 0.1687 0.1390
0.1094 0.1124 0.0661 0.1190 0.0378 0.0936 0.0441 0.0152 0.0283 0.0911 0.0078 0.0221 0.0342 0.0447 0.0367 0.0163 0.0348 0.0191 0.0078 0.0109 0.0024 0.0027 0.0068 0.3441 0.1899 0.0042 0.0012 0.2840 0.1464 0.2359 0.1376 0.2119 0.2181 0.2421 0.2448 0.3319 0.2513 0.2069 0.5254 0.4236 0.3298 0.4575 0.4277 0.3263 0.2265 0.3449 0.2151 0.1482 0.1880 0.1497 0.1054 0.0708 0.1250 0.1215 0.2117 0.2421 0.3930 0.3396 0.3642 0.4297 0.4560 0.6451 0.4582 0.4326 0.5410 0.6774 0.6063 0.4162 0.4296 0.5682
2.8926 2.6410 1.7656 2.0315 2.4433 1.6670 1.2118 0.9349 1.1837 1.1574 1.1380 1.1442 1.2586 1.1241 0.6810 0.6099 0.6417 0.8756 0.2036 0.7322 0.2761 0.1149 0.1624 0.4241 0.0417 0.1072 0.2087 0.1901 0.1981 0.1282 0.1547 0.0905 0.0422 0.0422 0.0150 0.0182 0.0336 1.9287 1.5248 0.0327 0.0063 2.8963 1.0922 1.2770 0.9668 1.4997 1.4591 1.8001 1.6436 1.6300 1.4227 1.1417 2.1095 1.8368 2.4484 2.2310 4.0195 2.4495 1.5603 2.0950 1.4234 1.3992 1.1982 1.1003 0.8593 0.5918 0.9546 0.7803 1.2738 1.8464
0.3180 0.4180 0.3311 0.5448 0.6753 0.5445 0.4568 0.3852 0.5903 0.6925 0.7896 0.6215 0.5070 0.7270 0.4943 0.3934 0.4700 0.4106 0.3609 0.3584 0.2084 0.1937 0.1862 0.1488 0.1425 0.1792 0.1997 0.1233 0.1103 0.1321 0.0883 0.1285 0.0333 0.0861 0.0520 0.0234 0.0244 0.0579 0.0101 0.0227 0.0251 0.0425 0.0379 0.0178 0.0279 0.0164 0.0072 0.0080 0.0026 0.0023 0.0057 0.2731 0.1569 0.0043 0.0014 0.3625 0.2826 0.2633 0.1797 0.2503 0.2655 0.4547 0.2802 0.3206 0.3103 0.2043 0.3110 0.2630 0.3285 0.4558
0.2529 0.2483 0.1168 0.2185 0.1769 0.1018 0.1151 0.0922 0.0901 0.0585 0.0949 0.0929 0.1235 0.1731 0.1746 0.2062 0.2932 0.3656 0.3021 0.3401 0.1934 0.1960 0.2286 0.2282 0.2425 0.3401 0.3133 0.2654 0.2275 0.2823 0.2038 0.1897 0.1585 0.1197 0.1115 0.1123 0.0794 0.0599 0.0839 0.1150 0.0858 0.0909 0.0656 0.0571 0.0496 0.0725 0.0177 0.0510 0.0278 0.0093 0.0128 0.0292 0.0038 0.0091 0.0141 0.0134 0.0292 0.0106 0.0152 0.0079 0.0038 0.0061 0.0013 0.0014 0.0037 0.1270 0.0745 0.0022 0.0007 0.1853
0.1275 0.1963 0.0989 0.1920 0.2624 0.2310 0.1824 0.1876 0.2209 0.1411 0.2178 0.2170 0.2146 0.3231 0.3215 0.3008 0.2910 0.4128 0.2443 0.1925 0.1851 0.1683 0.1325 0.0785 0.1234 0.1280 0.2127 0.2178 0.2641 0.4380 0.3954 0.4433 0.3676 0.2973 0.2750 0.3023 0.2592 0.2730 0.4444 0.5229 0.4433 0.5331 0.4165 0.3841 0.3600 0.3375 0.2599 0.2181 0.1837 0.1364 0.1280 0.0749 0.0764 0.1122 0.1434 0.0852 0.1334 0.0967 0.0770 0.0995 0.0265 0.1087 0.0373 0.0143 0.0235 0.0469 0.0061 0.0121 0.0163 0.0197
0.0083 0.0046 0.0048 0.0035 0.0020 0.0019 0.0005 0.0005 0.0016 0.0507 0.0297 0.0011 0.0003 0.0770 0.0346 0.0417 0.0383 0.0553 0.0511 0.0789 0.0499 0.0619 0.0553 0.0380 0.0592 0.0620 0.0721 0.0665 0.0834 0.0930 0.0504 0.0751 0.0503 0.0298 0.0438 0.0453 0.0265 0.0165 0.0395 0.0357 0.0401 0.0818 0.0636 0.0747 0.0865 0.1130 0.1009 0.0907 0.0871 0.0705 0.0804 0.0839 0.0994 0.1062 0.1178 0.1334 0.1510 0.0906 0.0821 0.0678 0.0646 0.0773 0.0439 0.0376 0.0392 0.0285 0.0265 0.0293 0.0351 0.0273
0.0435 0.0447 0.0263 0.0472 0.0150 0.0372 0.0175 0.0061 0.0113 0.0263 0.0031 0.0075 0.0094 0.0122 0.0133 0.0065 0.0122 0.0067 0.0028 0.0039 0.0009 0.0010 0.0024 0.0945 0.0520 0.0017 0.0005 0.1216 0.0491 0.0855 0.0536 0.0768 0.1027 0.0813 0.0821 0.1105 0.0726 0.0527 0.1259 0.1153 0.0897 0.1533 0.1396 0.1208 0.1170 0.1680 0.1109 0.0698 0.0971 0.0705 0.0573 0.0354 0.0589 0.0572 0.1151 0.1316 0.2027 0.1846 0.1679 0.1673 0.1502 0.1922 0.1247 0.1164 0.1472 0.1571 0.1705 0.1531 0.2001 0.2103
0.1414 0.1257 0.0840 0.0967 0.1096 0.0794 0.0577 0.0444 0.0563 0.0270 0.0253 0.0336 0.0318 0.0267 0.0261 0.0251 0.0264 0.0361 0.0084 0.0302 0.0106 0.0044 0.0067 0.0107 0.0016 0.0033 0.0046 0.0042 0.0076 0.0049 0.0059 0.0035 0.0016 0.0016 0.0006 0.0007 0.0013 0.0402 0.0340 0.0013 0.0002 0.0863 0.0313 0.0429 0.0349 0.0504 0.0636 0.0516 0.0471 0.0467 0.0408 0.0262 0.0397 0.0433 0.0578 0.0632 0.1139 0.0808 0.0746 0.0980 0.0680 0.0610 0.0573 0.0480 0.0410 0.0259 0.0416 0.0340 0.0607 0.0843
0.2543 0.3704 0.2279 0.3158 0.3198 0.2477 0.1618 0.1360 0.2092 0.2164 0.2362 0.2962 0.3133 0.2995 0.2991 0.3652 0.3960 0.3460 0.2276 0.2394 0.1392 0.1294 0.1244 0.0600 0.0548 0.0859 0.0958 0.0546 0.0750 0.0964 0.0644 0.0937 0.0243 0.0628 0.0354 0.0160 0.0178 0.0278 0.0069 0.0119 0.0100 0.0169 0.0257 0.0121 0.0188 0.0111 0.0049 0.0055 0.0018 0.0016 0.0039 0.0853 0.0604 0.0029 0.0010 0.1373 0.1245 0.1348 0.1006 0.1279 0.1763 0.2002 0.1234 0.1410 0.1366 0.0900 0.1175 0.1026 0.1282 0.1781
0.2199 0.2403 0.1833 0.3129 0.2773 0.1504 0.1807 0.1362 0.1415 0.0868 0.1403 0.1373 0.1938 0.2919 0.2741 0.3089 0.3388 0.3560 0.2628 0.2959 0.1626 0.1648 0.1922 0.1921 0.2039 0.2577 0.3208 0.2248 0.2830 0.4197 0.3700 0.3198 0.2348 0.1773 0.1652 0.1665 0.1177 0.0587 0.0822 0.1127 0.0841 0.0891 0.0903 0.0845 0.0733 0.1072 0.0263 0.0754 0.0383 0.0127 0.0189 0.0286 0.0053 0.0096 0.0138 0.0131 0.0403 0.0147 0.0209 0.0109 0.0053 0.0084 0.0018 0.0019 0.0051 0.1088 0.0730 0.0030 0.0009 0.1570
0.3580 0.5897 0.3253 0.5766 1.1008 0.6485 0.5115 0.5267 0.6201 0.3956 0.4483 0.5181 0.5122 0.7704 0.7664 0.7382 1.0086 1.3056 1.1177 0.8078 0.8467 0.7062 0.6063 0.3589 0.5175 0.5370 0.9733 1.1074 1.0148 1.2513 0.8721 0.9764 0.7473 0.6037 0.5317 0.5837 0.5011 0.5272 0.8591 0.9493 0.7909 1.0293 0.9396 1.0124 1.0759 1.8546 1.0229 0.8582 0.7222 0.5365 0.5037 0.2104 0.2144 0.3151 0.4024 0.2390 0.4808 0.4057 0.3231 0.4173 0.1114 0.4559 0.1343 0.0515 0.0985 0.1315 0.0221 0.0340 0.0457 0.0551
0.0300 0.0167 0.0172 0.0124 0.0073 0.0070 0.0019 0.0018 0.0060 0.0982 0.0821 0.0040 0.0010 0.1467 0.0662 0.0950 0.0937 0.1261 0.1761 0.1508 0.0952 0.1182 0.1055 0.0649 0.1062 0.1032 0.1200 0.1106 0.1388 0.1730 0.1502 0.2072 0.1978 0.1434 0.2228 0.1971 0.1393 0.0869 0.1718 0.1559 0.2114 0.4308 0.2099 0.2030 0.1837 0.2071 0.1680 0.1510 0.1450 0.1175 0.1338 0.1477 0.1752 0.1769 0.2465 0.2044 0.3692 0.2447 0.2389 0.2890 0.4022 0.4075 0.2314 0.1981 0.2065 0.0487 0.0453 0.0560 0.0671 0.0506
2.0414 3.3758 1.8930 3.5679 1.0188 2.5214 0.9492 0.3274 0.7641 0.7807 0.1667 0.2431 0.2588 0.3386 0.7412 0.3583 0.5406 0.2862 0.1563 0.2178 0.0482 0.0540 0.1358 2.6946 1.3824 0.0911 0.0267 3.1537 1.7598 3.3802 2.1200 3.0360 4.7297 2.9094 2.9456 3.9590 2.6005 1.6893 3.3699 3.0844 2.4011 4.5431 3.7367 3.4763 3.9189 5.4428 5.0298 5.2772 5.7230 4.8268 4.5314 2.8003 4.0300 3.9142 9.1007 7.6042 7.7177 5.5027 4.5684 4.5436 4.0237 5.1486 3.3364 3.1182 3.9443 4.2104 4.5672 4.1018 5.3545 5.6349
0.7222 0.7282 0.5243 0.8836 1.2402 1.3740 0.9240 0.7119 0.9014 0.1697 0.1591 0.2355 0.2230 0.1824 0.2602 0.3747 0.3763 0.5373 0.1123 0.4043 0.1216 0.0507 0.0896 0.0753 0.0184 0.0242 0.0303 0.0276 0.0895 0.0579 0.0555 0.0267 0.0191 0.0191 0.0068 0.0082 0.0152 0.2159 0.2131 0.0144 0.0028 0.4527 0.1977 0.2760 0.2375 0.3241 0.4766 0.3259 0.2976 0.2951 0.2576 0.1657 0.2048 0.2010 0.2679 0.3337 0.4887 0.3551 0.3837 0.4499 0.4534 0.9062 0.4963 0.5339 0.7236 0.4581 0.5515 0.4508 0.7451 0.7439
0.3532 0.3611 0.2214 0.3067 0.3233 0.2501 0.2077 0.1745 0.2684 0.2777 0.3031 0.3261 0.3369 0.3843 0.3838 0.3373 0.4345 0.5554 0.5704 0.8497 0.8229 0.7065 0.6782 0.0941 0.0859 0.1348 0.1503 0.0856 0.1833 0.3859 0.2463 0.3752 0.0816 0.2108 0.0996 0.0450 0.0597 0.0436 0.0194 0.0190 0.0157 0.0266 0.0744 0.0350 0.0436 0.0191 0.0142 0.0158 0.0051 0.0045 0.0111 0.1120 0.0947 0.0082 0.0027 0.1762 0.1625 0.1760 0.1390 0.1673 0.2684 0.2615 0.1613 0.1844 0.1785 0.1176 0.1330 0.1097 0.1370 0.2168
0.2981 0.3294 0.2629 0.4294 0.5151 0.6223 0.4362 0.4229 0.6962 0.5042 0.5174 0.5067 0.6628 0.7174 0.4270 0.3805 0.4168 0.4385 0.3378 0.3803 0.2524 0.2561 0.2983 0.2981 0.3164 0.3608 0.4391 0.3493 0.4393 0.5164 0.4227 0.5764 0.6593 0.7056 1.0115 1.4938 0.9557 0.1053 0.1474 0.2021 0.1508 0.1597 0.2476 0.4684 0.4011 0.5843 0.1039 0.2986 0.1213 0.0403 0.0747 0.0514 0.0167 0.0175 0.0248 0.0235 0.1305 0.0476 0.0543 0.0210 0.0171 0.0271 0.0059 0.0061 0.0165 0.1697 0.1310 0.0095 0.0030 0.2437
0.0832 0.1371 0.0799 0.1341 0.2560 0.1508 0.1190 0.1225 0.1442 0.0920 0.1048 0.1034 0.1023 0.1754 0.1418 0.1366 0.1950 0.2416 0.2121 0.3724 0.2088 0.2439 0.3048 0.2130 0.2129 0.2206 0.3396 0.2566 0.1923 0.2292 0.1598 0.1789 0.1539 0.1243 0.1323 0.1453 0.1247 0.1312 0.2138 0.2131 0.1734 0.2561 0.2338 0.1997 0.2122 0.2911 0.3147 0.3739 0.4841 0.4771 0.5319 0.0489 0.0498 0.0732 0.0936 0.0556 0.1709 0.2506 0.1969 0.2533 0.0491 0.2009 0.0551 0.0211 0.0435 0.0306 0.0091 0.0080 0.0106 0.0128
0.6037 0.3352 0.2823 0.1520 0.1471 0.1410 0.0390 0.0363 0.1201 1.2007 0.9335 0.0811 0.0202 1.7850 2.4004 1.9713 2.5646 2.6150 2.3129 3.5733 2.6056 3.3266 3.7552 4.8304 3.1457 3.5779 2.7919 2.4836 2.1107 2.7641 1.9096 2.1408 1.9582 1.3487 1.6862 2.0471 0.8796 0.7364 1.7845 1.6170 1.1807 1.5777 1.6723 1.4593 1.7125 2.2934 1.9264 1.9125 2.3934 2.1629 1.9335 1.6437 1.6518 1.5804 1.7253 1.7339 2.1352 1.4735 1.4116 1.4415 0.9372 1.3078 0.8734 0.7476 0.7784 8.2723 6.2499 2.0323 3.2597 6.1819
0.1223 0.0954 0.0561 0.1008 0.0321 0.0794 0.0487 0.0168 0.0240 0.1930 0.0085 0.0426 0.0959 0.1253 0.0474 0.0191 0.0632 0.0354 0.0101 0.0140 0.0031 0.0035 0.0088 0.1440 0.2134 0.0047 0.0014 0.0883 0.1540 0.1840 0.1404 0.1653 0.1703 0.1891 0.2209 0.3056 0.2538 0.3606 0.3605 0.3418 0.1785 0.2949 0.1817 0.1729 0.1551 0.1751 0.1514 0.1157 0.1307 0.1169 0.0668 0.0553 0.0976 0.0949 0.1185 0.0889 0.1867 0.1264 0.1361 0.1608 0.1473 0.2084 0.1760 0.1835 0.1819 0.1662 0.1527 0.1171 0.1198 0.1528
0.0659 0.0692 0.0489 0.0696 0.0539 0.0455 0.0389 0.0299 0.0379 0.3164 0.4275 0.1017 0.1322 0.2901 0.0523 0.0403 0.0424 0.0578 0.0134 0.0484 0.0210 0.0087 0.0107 0.0776 0.0032 0.0207 0.0666 0.0608 0.0203 0.0104 0.0230 0.0137 0.0044 0.0044 0.0016 0.0019 0.0035 0.0678 0.1540 0.0025 0.0005 0.0660 0.3437 0.1781 0.1588 0.2092 0.1296 0.1733 0.2102 0.1673 0.1461 0.0965 0.0998 0.1117 0.1515 0.1640 0.1909 0.1478 0.1217 0.1210 0.1141 0.1245 0.0949 0.0978 0.0620 0.0527 0.0849 0.0693 0.0813 0.0773
0.2272 0.2343 0.1863 0.3066 0.3208 0.2491 0.2194 0.1944 0.2486 0.2104 0.2293 0.2630 0.2129 0.2636 0.1793 0.1832 0.2318 0.2501 0.1417 0.1737 0.1186 0.1104 0.1060 0.2247 0.1805 0.8378 0.4861 0.2248 0.2207 0.1552 0.1038 0.1507 0.0391 0.1011 0.1040 0.0469 0.0307 0.1409 0.0202 0.0493 0.0426 0.0720 0.0795 0.0356 0.0604 0.0356 0.0153 0.0170 0.0054 0.0049 0.0120 0.1206 0.1706 0.0085 0.0028 0.1313 0.6323 0.3922 0.3986 0.3727 0.2789 0.4904 0.3959 0.4107 0.5028 0.3467 0.3219 0.3028 0.3126 0.4062
0.3691 0.4348 0.2642 0.3666 0.4114 0.2710 0.2643 0.2456 0.1891 0.1557 0.2526 0.2474 0.2291 0.2364 0.2741 0.2461 0.3501 0.4369 0.3349 0.3775 0.3185 0.3700 0.3294 0.2613 0.2389 0.2904 0.2767 0.2388 0.2048 0.2802 0.2250 0.2587 0.1634 0.1439 0.1577 0.1588 0.1123 0.3360 0.4238 0.6532 0.8781 0.5837 0.3220 0.1521 0.1320 0.1930 0.0472 0.1359 0.1349 0.0449 0.0390 0.2339 0.0185 0.0596 0.0944 0.0898 0.1757 0.0552 0.0950 0.0494 0.0232 0.0367 0.0080 0.0082 0.0223 0.2371 0.3066 0.0106 0.0035 0.1814
0.3216 0.3034 0.2251 0.2962 0.3255 0.3464 0.3157 0.3342 0.4975 0.5298 0.3606 0.4044 0.3126 0.4028 0.2589 0.2658 0.2890 0.3037 0.2494 0.2391 0.1866 0.2088 0.1221 0.0969 0.1532 0.1588 0.1733 0.1247 0.1820 0.2189 0.1978 0.2631 0.2246 0.1821 0.2687 0.3383 0.2217 0.1854 0.2579 0.2529 0.1612 0.2657 0.1652 0.1596 0.1666 0.1929 0.1150 0.1126 0.1113 0.0827 0.0776 0.5786 0.5670 0.2827 0.5043 1.0329 0.2627 0.1201 0.0957 0.1234 0.0329 0.1350 0.0725 0.0278 0.0292 0.2870 0.0119 0.0526 0.1537 0.1854
0.0208 0.0091 0.0178 0.0131 0.0051 0.0049 0.0014 0.0013 0.0042 0.0535 0.0741 0.0021 0.0005 0.0399 0.0788 0.1259 0.1904 0.1670 0.0985 0.1054 0.0709 0.0825 0.0737 0.0464 0.0432 0.0516 0.0612 0.0733 0.0593 0.0908 0.0814 0.0906 0.0834 0.0878 0.0719 0.1120 0.0573 0.0479 0.1163 0.1053 0.0646 0.0672 0.0712 0.0608 0.0576 0.0754 0.0545 0.0491 0.0435 0.0370 0.0352 0.0345 0.0409 0.0479 0.0572 0.0458 0.0737 0.0616 0.0602 0.0614 0.0437 0.0716 0.0568 0.0487 0.0507 0.0448 0.0369 0.0667 0.0864 0.0523
1.6425 0.4250 0.2500 0.4492 0.1584 0.3532 0.3710 0.1190 0.1395 0.2763 0.0605 0.1040 0.0910 0.1015 0.3985 0.1926 0.2906 0.1371 0.0840 0.1171 0.0259 0.0291 0.0730 0.1581 0.2003 0.0331 0.0144 0.1592 0.2292 0.4403 0.2918 0.3954 0.6160 0.3789 0.3832 0.5156 0.3387 0.2200 0.3211 0.3353 0.2663 0.5910 0.3472 0.3865 0.4818 0.5412 0.5474 0.7402 0.4731 0.6279 0.7362 0.6689 0.8996 0.8738 0.7092 0.4138 0.6045 0.3844 0.3335 0.3595 0.2836 0.3643 0.2178 0.2135 0.2251 0.2263 0.2454 0.2413 0.2899 0.2742
0.3575 0.4548 0.3274 0.5429 0.5920 0.5858 0.6510 0.6202 0.7852 0.2352 0.2205 0.3264 0.3092 0.2529 0.4291 1.8029 1.3498 2.0494 0.3525 1.2679 0.3047 0.1269 0.2808 0.1043 0.0460 0.0339 0.0420 0.0382 0.2117 0.1371 0.1314 0.0567 0.0451 0.0451 0.0160 0.0195 0.0359 0.1521 0.2955 0.0361 0.0067 0.2551 0.2482 0.3464 0.3292 0.4069 0.5984 0.4091 0.3735 0.3705 0.3234 0.2080 0.2209 0.2473 0.3363 0.4189 0.4876 0.4213 0.4817 0.4773 0.5266 1.0147 0.4378 0.6702 0.8319 0.7356 0.9977 0.8145 0.5915 0.4379
