19.6844 1.3093 0.0396 1.2750 0.5502 0.6563 0.6226 0.1835 0.8487 0.0981 0.0791 0.1506 0.1234 1.4337 0.0898 0.0951 0.2477 0.4535 0.0938 0.1226 0.0152 0.0327 0.0023 0.0006 0.0056 0.0084 0.0157 0.0019 0.0129 0.0641 0.0200 0.1374 0.0463 0.0110 0.0296 0.0930 0.0076 0.0035 0.1177 0.1359 0.0062 0.2078 0.0087 0.0073 0.0092 0.0329 0.0016 0.0013 0.0014 0.0002 0.0002 0.0068 0.0051 4.1132 1.7575 0.0337 0.4938 0.0023 0.0006 0.0026 0.0000 0.0074 0.0003 0.0000 0.0000 0.0052 0.0000 0.0000 0.0000 0.0000
0.0002 0.0000 0.0000 0.0000 0.0000 0.0000 0.0000 0.0000 0.0000 0.0091 0.0343 0.0000 0.0000 0.0150 0.6233 17.5409 5.4914 86.2772 1.3665 7.9162 0.3439 1.2320 0.6963 0.0534 0.0407 0.1202 0.3434 0.5148 0.1875 3.0762 0.3595 1.0333 0.5012 0.0532 0.2369 0.9349 0.0064 0.0026 0.6074 0.3221 0.0288 0.3919 0.2249 0.0892 0.1619 1.1652 0.1490 0.0788 0.0491 0.0149 0.0108 0.0092 0.0276 0.0615 0.2506 0.0612 0.6712 0.1217 0.0886 0.1208 0.0115 0.1351 0.0072 0.0034 0.0050 0.0181 0.0105 0.1771 0.3871 0.0456
0.1338 0.0089 0.0002 0.0127 0.0001 0.0029 0.0013 0.0000 0.0000 0.0016 0.0000 0.0000 0.0000 0.0000 0.0004 0.0000 0.0004 0.0000 0.0000 0.0000 0.0000 0.0000 0.0000 0.0008 0.0026 0.0000 0.0000 0.0008 0.0363 1.1541 2.6158 0.5900 0.0550 0.0267 0.0573 0.1845 0.0161 0.0023 0.0359 0.0383 0.0033 0.5446 0.0172 0.0230 0.0302 0.0922 0.0289 0.0090 0.0140 0.0054 0.0004 0.0002 0.0033 0.0030 0.0121 0.0020 0.2131 0.0123 0.0074 0.0207 0.0055 0.0434 0.0014 0.0019 0.0020 0.0020 0.0030 0.0017 0.0041 0.0067
0.0358 0.1568 0.0113 0.1931 0.0688 0.0176 0.0081 0.0017 0.0112 0.0942 0.0385 1.5215 1.6468 0.3388 2.7235 0.0101 0.0366 0.1468 0.0004 0.0881 0.0253 0.0004 0.0002 0.0215 0.0000 0.0002 0.0003 0.0001 0.0077 0.0012 0.0028 0.0003 0.0000 0.0000 0.0000 0.0000 0.0000 0.0013 0.1024 0.0000 0.0000 0.0372 0.8792 9.9165 1.4484 132.8034 0.9090 0.9537 0.6849 0.4442 0.2118 0.0225 0.0392 0.0713 0.5726 1.1771 6.7101 1.4196 0.6228 0.7324 0.4433 1.5471 0.1603 0.1843 0.0241 0.0107 0.1148 0.0277 0.0894 0.0926
1.1820 1.6520 0.1558 5.3649 4.9492 0.8488 0.1730 0.0703 0.4948 0.4001 0.6330 1.4955 0.6291 1.7325 0.2088 0.3224 1.9329 4.0295 0.1339 0.5912 0.0379 0.0328 0.0265 0.0572 0.0284 2.9471 3.7482 0.0527 1.2880 0.2731 0.0193 0.2060 0.0003 0.0140 0.0402 0.0012 0.0001 0.0053 0.0000 0.0005 0.0000 0.0007 0.0084 0.0002 0.0016 0.0002 0.0000 0.0000 0.0000 0.0000 0.0000 0.0057 0.0405 0.0000 0.0000 0.0293 8.7626 5.6701 1.1076 4.4524 87.2501 72.2080 2.6186 5.0273 5.2625 0.6770 0.5979 0.2885 1.4159 17.7754
0.6236 3.2083 0.5084 7.4182 35.6044 2.7187 1.8363 0.9494 0.5477 0.1924 2.1568 2.0551 1.1206 2.1435 1.4210 0.5707 1.9266 5.2058 0.4479 1.3153 0.0493 0.0826 0.0710 0.0437 0.0569 0.2089 0.4463 0.0535 0.1364 1.9169 0.3672 2.6165 0.1990 0.0708 0.1640 0.2594 0.0206 0.0070 0.1107 0.4508 0.0447 0.1943 0.0904 0.1173 0.0604 0.6784 0.0004 0.0664 0.0013 0.0000 0.0001 0.0002 0.0000 0.0000 0.0000 0.0000 0.0048 0.0000 0.0001 0.0000 0.0000 0.0000 0.0000 0.0000 0.0000 0.0086 0.0309 0.0000 0.0000 0.0222
0.1407 0.6240 0.0126 0.6076 2.3933 6.9479 0.6747 0.3923 1.8145 0.1841 0.1702 0.3240 0.2689 6.2367 0.3930 0.4137 1.0774 1.9728 0.4081 0.5335 0.0662 0.1421 0.0100 0.0027 0.0245 0.0363 0.0682 0.0084 0.0560 0.2789 0.0876 0.5975 0.2013 0.0480 0.0645 0.1988 0.0167 0.0153 0.5120 0.5949 0.0271 0.9040 0.0378 0.0317 0.0402 0.1430 0.0070 0.0056 0.0059 0.0009 0.0006 0.0037 0.0052 0.0532 0.2113 0.0114 0.1565 0.0099 0.0027 0.0115 0.0000 0.0321 0.0001 0.0000 0.0000 0.0006 0.0000 0.0000 0.0000 0.0000
0.0000 0.0000 0.0000 0.0000 0.0000 0.0000 0.0000 0.0000 0.0000 0.0094 0.0356 0.0000 0.0000 0.0315 0.1554 0.0601 0.1384 0.5944 0.2184 4.4599 1.7684 0.9511 0.5375 0.0415 0.0314 0.0928 0.2619 0.1965 0.0716 0.6862 0.0575 0.1693 0.0801 0.0085 0.0379 0.1494 0.0010 0.0004 0.0971 0.0515 0.0046 0.0626 0.0359 0.0159 0.0361 0.2599 0.0565 0.0301 0.0372 0.0115 0.0082 0.0035 0.0105 0.0206 0.0559 0.0232 0.1747 0.0213 0.0142 0.0193 0.0018 0.0216 0.0012 0.0005 0.0008 0.0113 0.0081 0.0439 0.1001 0.0178
0.0236 0.0264 0.0007 0.0377 0.0002 0.0087 0.0002 0.0000 0.0000 0.0064 0.0000 0.0000 0.0000 0.0001 0.0001 0.0000 0.0001 0.0000 0.0000 0.0000 0.0000 0.0000 0.0000 0.0122 0.0376 0.0000 0.0000 0.0057 0.2102 2.1693 0.0784 1.1090 0.9379 1.0467 3.3203 37.4485 1.3881 0.1590 3.0917 3.2947 0.4398 31.5460 0.9991 0.8523 0.5154 1.6110 0.4922 0.1166 0.2377 0.0929 0.0055 0.0020 0.0432 0.0391 0.2063 0.0350 3.6337 0.2334 0.2751 0.7681 0.3229 2.5155 0.1822 0.1657 0.2607 0.1204 0.1765 0.0923 0.1537 0.3896
0.4113 1.2137 0.0800 1.3623 0.4825 0.1244 0.0436 0.0091 0.0602 0.7657 0.5773 3.6416 2.5579 1.5606 0.1008 0.0545 0.1208 0.7943 0.0003 0.2907 0.0010 0.0000 0.0001 0.0095 0.0000 0.0000 0.0002 0.0001 0.0002 0.0000 0.0001 0.0000 0.0000 0.0000 0.0000 0.0000 0.0000 0.0458 3.6437 0.0000 0.0000 0.8969 0.8593 0.7894 0.3275 3.0928 1.6785 4.1813 6.1099 4.5677 9.4744 0.7356 1.2805 2.3120 6.6208 5.1607 29.6020 3.6590 1.1501 1.3862 0.8185 2.8567 0.2961 0.3404 0.0444 0.0198 0.2120 0.0512 0.1651 0.1709
0.8237 1.2787 0.1516 5.2190 8.2401 1.4132 1.3827 0.8604 3.9309 1.3807 1.0540 2.1870 0.6120 2.8668 0.2371 0.2465 1.3471 2.8082 0.0933 0.4120 0.0264 0.0227 0.0185 0.5674 0.3500 1.0871 8.2913 0.3269 0.0387 0.1903 0.0135 0.1436 0.0001 0.0098 0.0012 0.0000 0.0000 0.0097 0.0000 0.0001 0.0001 0.0031 0.0006 0.0000 0.0001 0.0000 0.0000 0.0000 0.0000 0.0000 0.0000 0.0701 0.4991 0.0000 0.0000 0.0485 2.0976 0.2453 0.0665 0.1926 0.2020 7.4620 0.5506 1.2109 4.0234 43.1201 3.3407 1.0017 0.6247 1.8369
0.6313 1.5007 0.0471 0.7007 1.5540 0.1194 0.0801 0.0414 0.0239 0.0084 0.0947 0.0897 0.0492 0.0941 0.1068 0.0588 0.5741 2.4351 0.4370 2.0646 0.4201 0.9588 0.6093 0.2345 0.1351 0.1460 0.1415 0.0737 0.0355 0.1938 0.0341 0.1142 0.0087 0.0031 0.0072 0.0114 0.0009 1.5437 30.7611 0.8308 0.3309 14.2169 0.0132 0.0052 0.0027 0.0296 0.0000 0.0029 0.0002 0.0000 0.0000 0.0018 0.0000 0.0000 0.0027 0.0015 0.0017 0.0000 0.0000 0.0000 0.0000 0.0000 0.0000 0.0000 0.0000 0.1712 1.3385 0.0000 0.0000 0.0306
0.0358 0.1153 0.0025 0.1123 0.4451 0.3575 0.1719 0.1700 2.4964 1.8514 27.9178 10.5975 1.1245 1.1598 0.4838 0.1121 0.2004 0.6597 0.0754 0.0992 0.0122 0.0264 0.0019 0.0005 0.0046 0.0067 0.0140 0.0038 0.0260 0.2228 0.0695 0.4774 0.2388 0.0915 1.5109 7.1772 0.3926 0.2905 4.3034 1.0035 0.0478 3.2802 0.1372 0.0334 0.0321 0.0548 0.0186 0.0049 0.0023 0.0004 0.0002 0.0291 0.0522 0.0135 0.2907 0.0328 0.0291 0.0019 0.0005 0.0021 0.0000 0.0060 0.0000 0.0000 0.0000 0.0009 0.0000 0.0000 0.0000 0.0001
0.0001 0.0000 0.0000 0.0000 0.0000 0.0000 0.0000 0.0000 0.0000 5.8684 3.1503 0.0000 0.0000 1.0048 0.2720 0.3083 0.5510 3.0480 1.1267 15.4976 1.3699 5.6217 10.0843 3.5372 14.0018 78.2132 17.0024 1.0077 2.7500 5.8392 0.2946 1.7767 0.4132 0.0438 0.1941 0.7708 0.0053 0.0021 0.4977 0.2656 0.0293 0.7485 0.5233 0.3970 0.9003 6.4786 2.1057 1.8019 6.0616 2.5045 1.3431 0.5164 0.7109 0.5714 1.4916 1.2216 9.1952 0.5552 0.2166 0.2322 0.0489 0.2694 0.0066 0.0030 0.0046 0.9615 0.6926 0.0768 1.0131 0.6806
0.0023 0.0036 0.0001 0.0051 0.0000 0.0012 0.0000 0.0000 0.0000 0.0017 0.0000 0.0000 0.0000 0.0002 0.0000 0.0000 0.0000 0.0000 0.0000 0.0000 0.0000 0.0000 0.0000 0.0699 0.0845 0.0000 0.0000 0.0078 0.0226 0.2391 0.0086 0.1215 0.1027 0.1147 0.3592 2.7119 0.1710 0.0319 3.2678 3.9159 2.7532 5.4916 0.7426 0.1395 0.0565 0.3252 0.0539 0.0128 0.0262 0.0102 0.0006 0.0002 0.0047 0.0043 0.0254 0.0081 1.0178 0.1126 0.1327 0.3682 0.2313 2.9168 0.4955 0.1969 0.7133 0.3296 0.2302 0.0495 0.0789 0.3944
0.1093 0.1595 0.0062 0.0827 0.0654 0.0079 0.0013 0.0003 0.0017 0.0403 0.0304 0.1034 0.0827 0.0782 0.0029 0.0016 0.0035 0.0228 0.0000 0.0084 0.0000 0.0000 0.0000 0.0003 0.0000 0.0000 0.0000 0.0000 0.0000 0.0000 0.0000 0.0000 0.0000 0.0000 0.0000 0.0000 0.0000 0.0143 0.1919 0.0000 0.0000 0.2383 0.1194 0.2218 0.0582 0.8688 0.4715 1.1745 0.8488 0.5471 0.2625 0.0279 0.0486 0.0878 1.1207 5.8548 21.2628 1.0278 0.3251 0.3894 0.2299 0.8025 0.0832 0.0956 0.0125 0.0056 0.0599 0.0144 0.0467 0.0533
1.8678 4.9931 0.5882 20.3792 35.5187 6.0915 0.8622 0.1960 2.6236 2.8714 4.5431 9.4269 2.5577 12.4336 1.0281 1.0049 3.2490 5.2578 0.2052 0.6945 0.0445 0.0385 0.0312 0.1293 0.0797 0.9007 1.8892 0.0745 0.0652 0.3228 0.0229 0.2420 0.0002 0.0164 0.0020 0.0001 0.0000 0.0022 0.0000 0.0001 0.0000 0.0007 0.0004 0.0000 0.0001 0.0000 0.0000 0.0000 0.0000 0.0000 0.0000 0.0160 0.1137 0.0000 0.0000 0.2092 4.0506 1.0971 0.1498 0.8615 0.9035 33.3791 1.2105 2.3096 2.4326 0.3933 1.8298 0.9927 4.4140 21.0112
47.8104 27.6250 0.2477 16.0120 7.1265 0.3279 0.3910 0.1138 0.1819 0.0232 0.2602 0.2464 0.6861 2.4489 3.3857 3.1889 31.1481 132.1157 28.1841 88.0366 2.2764 1.5675 3.3016 2.4152 2.8141 8.7959 8.2146 2.5805 1.2414 11.0475 1.1412 2.9893 0.2669 0.0447 0.0609 0.0963 0.0076 0.0193 0.3060 0.9851 0.0978 0.4246 0.0323 0.0142 0.0073 0.0813 0.0001 0.0080 0.0005 0.0000 0.0000 0.0004 0.0000 0.0000 0.0000 0.0000 0.0015 0.0000 0.0000 0.0000 0.0000 0.0000 0.0000 0.0000 0.0000 0.1626 0.0855 0.0000 0.0000 1.0633
0.0842 0.9435 0.0118 0.9187 3.6411 1.7091 0.4064 0.3487 1.6129 0.1637 0.2206 0.4750 0.3571 5.5783 2.3413 7.5849 2.4948 23.6204 0.6523 0.8117 0.1059 0.2162 0.0180 0.0041 0.0374 0.0553 0.2260 0.0525 0.4193 3.3390 1.0420 7.1541 1.2068 0.2858 0.2668 0.3617 0.0737 0.0917 3.0692 4.7380 0.3246 6.3633 0.3669 0.3791 0.3026 0.8839 0.0434 0.0185 0.0119 0.0019 0.0013 0.0032 0.0046 0.0318 0.1878 0.0102 0.2382 0.0151 0.0040 0.0174 0.0000 0.0488 0.0001 0.0000 0.0000 0.0006 0.0000 0.0000 0.0000 0.0000
0.0005 0.0000 0.0000 0.0000 0.0000 0.0000 0.0000 0.0000 0.0000 0.1893 0.3307 0.0000 0.0000 1.9708 0.2590 1.4271 2.2959 14.0202 18.7288 30.0232 1.3043 4.6438 2.6406 0.2027 0.1533 0.4531 1.3024 1.9523 1.3521 17.7570 38.3054 42.5207 14.2377 0.7287 6.7294 12.8136 0.0880 0.0351 8.3252 4.4146 0.5208 13.2343 9.2537 3.6699 2.8764 9.8640 1.0744 0.5714 0.2443 0.0561 0.0579 0.0665 0.1992 0.5211 4.2120 0.5543 27.6192 5.0069 3.6230 4.1054 0.3895 2.4445 0.0991 0.0459 0.0688 0.0551 0.0397 0.0732 0.2636 0.0871
0.0099 0.0216 0.0006 0.0308 0.0001 0.0071 0.0001 0.0000 0.0000 0.0002 0.0000 0.0000 0.0000 0.0000 0.0000 0.0000 0.0000 0.0000 0.0000 0.0000 0.0000 0.0000 0.0000 0.0006 0.0018 0.0000 0.0000 0.0010 0.0033 0.1632 0.0084 0.0829 0.2534 0.0336 0.0524 0.3450 0.0190 0.0022 0.0765 0.0923 0.0113 1.0120 0.2667 0.3683 0.4181 7.7897 0.2757 0.0315 0.1340 0.0251 0.0031 0.0006 0.0117 0.0106 0.2103 0.0669 8.3732 0.7553 0.3096 0.4094 0.0862 0.6714 0.0146 0.0058 0.0223 0.0310 0.0471 0.0329 0.1626 0.1221
1.0156 5.3229 0.2741 3.8298 1.3647 0.1874 0.0399 0.0083 0.0550 0.0156 0.0117 0.0854 0.0520 0.0317 0.0285 0.0217 0.0482 0.3171 0.0001 0.1161 0.0003 0.0000 0.0000 0.0002 0.0000 0.0000 0.0000 0.0000 0.0001 0.0000 0.0000 0.0000 0.0000 0.0000 0.0000 0.0000 0.0000 0.0025 0.0741 0.0000 0.0000 0.3537 0.0397 0.1764 0.0663 0.6909 2.8788 0.3934 0.2825 0.1832 0.0874 0.0093 0.0163 0.0294 0.2362 0.4855 4.6217 0.6190 1.9363 2.2770 8.6293 4.8996 2.0256 0.5838 0.1000 0.0339 0.3635 0.0878 0.6849 1.1695
4.2063 3.1309 0.1283 2.1047 1.6535 0.2836 0.0401 0.0141 0.1221 0.1337 0.2115 0.5867 0.4869 0.7275 0.3957 0.6110 3.6634 24.6945 0.8208 2.1834 0.0854 0.0734 0.0598 0.0093 0.0057 0.0646 0.1355 0.0053 0.0286 0.4196 0.0297 0.3165 0.0003 0.0215 0.0009 0.0000 0.0000 0.0002 0.0000 0.0000 0.0000 0.0001 0.0002 0.0000 0.0000 0.0000 0.0000 0.0000 0.0000 0.0000 0.0000 0.0011 0.0082 0.0000 0.0000 0.0097 0.2835 0.1834 0.0470 0.1440 1.1598 2.3360 0.0847 0.1626 0.1702 0.0219 0.0193 0.0093 0.0458 0.5751
0.0691 0.3553 0.0563 0.8216 3.9434 16.6866 0.2034 0.7359 1.7468 0.3519 3.9450 3.7589 1.4149 0.7918 0.1564 0.0632 0.2134 0.5766 0.0496 0.1457 0.0055 0.0091 0.0079 0.0048 0.0063 0.0231 0.0494 0.0059 0.0151 0.2123 0.0407 0.2898 0.1139 0.0900 0.5261 0.8323 0.0660 0.0008 0.0123 0.0499 0.0049 0.0215 0.0807 0.2146 0.1105 1.2408 0.0008 0.1215 0.0023 0.0000 0.0001 0.0000 0.0000 0.0000 0.0000 0.0000 0.0086 0.0000 0.0000 0.0000 0.0000 0.0000 0.0000 0.0000 0.0000 0.0010 0.0034 0.0000 0.0000 0.0025
0.0128 0.2000 0.0039 0.1948 5.8899 0.2596 0.0613 0.0530 0.2449 0.0247 0.0228 0.0437 0.0363 0.8419 0.0937 0.0998 2.6028 4.6496 4.0060 1.3130 4.1481 0.3497 0.1251 0.0079 0.0604 0.0894 1.5706 0.3124 0.3375 0.8109 0.0880 0.2844 0.0480 0.0114 0.0106 0.0268 0.0029 0.0036 0.1220 0.1884 0.0256 0.2707 0.0750 0.0932 0.1297 1.4929 0.2584 0.1284 0.0830 0.0129 0.0089 0.0005 0.0007 0.0048 0.0283 0.0015 0.1291 0.0244 0.0065 0.0281 0.0000 0.0790 0.0001 0.0000 0.0000 0.0001 0.0000 0.0000 0.0000 0.0000
0.0000 0.0000 0.0000 0.0000 0.0000 0.0000 0.0000 0.0000 0.0000 0.0016 0.0062 0.0000 0.0000 0.0097 0.0103 0.0568 0.0920 0.5615 1.5837 1.1950 0.0519 0.1860 0.1051 0.0081 0.0061 0.0181 0.0518 0.0777 0.0283 0.4644 0.1961 0.5671 0.5808 0.4312 0.2729 19.7522 0.0521 0.0208 4.8963 2.6124 0.2320 0.9241 0.1504 0.0486 0.0384 0.1759 0.0225 0.0119 0.0074 0.0023 0.0016 0.0014 0.0042 0.0093 0.0562 0.0092 0.3684 0.0668 0.0483 0.1400 0.0422 1.0956 0.0586 0.0272 0.0407 0.0022 0.0016 0.0029 0.0106 0.0035
0.5929 5.5879 0.1486 7.9806 0.0356 1.8291 0.0114 0.0000 0.0061 0.0028 0.0000 0.0000 0.0000 0.0001 0.0038 0.0001 0.0013 0.0000 0.0000 0.0000 0.0000 0.0000 0.0000 0.0099 0.0307 0.0000 0.0000 0.0094 0.0063 0.3154 0.0214 0.1612 1.0404 0.0637 0.0999 0.6544 0.0362 0.0041 0.0807 0.0860 0.0116 1.9316 0.1695 0.1055 0.2725 1.7010 0.7210 3.7461 1.3554 0.7259 21.1757 0.8811 3.9219 3.5233 18.5974 0.9166 15.4959 0.4802 0.1968 0.2587 0.0544 0.4268 0.0092 0.0043 0.0143 0.0198 0.0301 0.0208 0.1027 0.1084
0.0257 0.0863 0.0062 0.3437 0.6737 0.3829 0.4886 0.1013 0.6744 0.0007 0.0005 0.0037 0.0023 0.0014 0.0103 0.4972 0.8774 7.2519 0.0013 1.1179 0.0004 0.0000 0.0003 0.0000 0.0000 0.0000 0.0000 0.0000 0.0001 0.0000 0.0000 0.0000 0.0000 0.0000 0.0000 0.0000 0.0000 0.0000 0.0032 0.0000 0.0000 0.0056 0.0007 0.0030 0.0015 0.0117 0.0487 0.0067 0.0048 0.0031 0.0015 0.0002 0.0003 0.0005 0.0040 0.0082 0.0469 0.0099 0.0158 0.0186 0.0238 1.3702 0.0104 0.0692 0.4975 9.9505 0.6096 0.1472 0.0918 0.0276
0.1194 0.0894 0.0037 0.0779 0.0723 0.0123 0.0025 0.0010 0.0072 0.0058 0.0092 0.0217 0.0139 0.0271 0.0147 0.0174 0.1046 0.7052 0.1289 1.2546 0.2943 0.5720 0.4654 0.0007 0.0004 0.0047 0.0098 0.0004 0.0167 11.5202 0.5043 8.9634 0.0027 0.1931 0.0026 0.0001 0.0004 0.0000 0.0000 0.0000 0.0000 0.0000 0.0005 0.0000 0.0000 0.0000 0.0000 0.0000 0.0000 0.0000 0.0000 0.0001 0.0006 0.0000 0.0000 0.0004 0.6262 0.4052 0.1039 0.3182 2.5618 5.1600 0.1871 0.3593 0.3761 0.0484 0.0427 0.0206 0.1012 1.2702
0.1452 0.7473 0.1184 1.7280 8.2934 10.4582 0.4277 1.5477 10.3697 4.4383 84.6319 47.4083 1.8380 1.0222 0.3310 0.1329 0.4488 1.2126 0.1043 0.3064 0.0115 0.0192 0.0165 0.0102 0.0133 0.0486 0.1039 0.0125 0.0318 0.4465 0.0855 0.6095 0.1471 0.1162 0.6307 0.9978 0.0791 0.0016 0.0258 0.1050 0.0104 0.0453 0.1698 2.7236 1.4025 15.6489 0.0096 1.5324 0.0098 0.0000 0.0012 0.0000 0.0000 0.0000 0.0000 0.0000 0.0322 0.0001 0.0002 0.0000 0.0000 0.0000 0.0000 0.0000 0.0000 0.0020 0.0072 0.0000 0.0000 0.0052
0.0034 0.0536 0.0014 0.0522 1.5777 0.0695 0.0164 0.0141 0.0656 0.0066 0.0061 0.0116 0.0097 0.2255 0.0141 0.0254 0.3364 0.5972 0.2673 5.8081 0.0434 0.6556 0.5334 0.1748 1.6029 6.0675 0.3147 0.0113 0.0213 0.0779 0.0085 0.0367 0.0072 0.0017 0.0023 0.0071 0.0006 0.0006 0.0184 0.0243 0.0025 0.0327 0.0072 0.0090 0.0125 0.0937 0.0147 0.0257 0.0648 0.0101 0.0069 0.0001 0.0002 0.0013 0.0076 0.0004 0.2772 0.6483 0.1735 0.7513 0.0009 2.0954 0.0007 0.0000 0.0005 0.0000 0.0000 0.0000 0.0000 0.0000
0.0011 0.0001 0.0000 0.0000 0.0000 0.0000 0.0000 0.0000 0.0000 0.0016 0.0062 0.0000 0.0000 0.0055 0.0092 0.0508 0.0823 0.5027 1.4178 1.0698 0.0465 0.1665 0.0941 0.0073 0.0061 0.0202 0.0522 0.0696 0.1294 0.9109 0.2333 1.9159 1.2578 0.6289 2.2994 6.7885 0.5379 0.0509 4.4106 2.3388 6.8920 17.4911 1.6531 0.3492 0.2754 0.9443 0.1022 0.0544 0.0234 0.0031 0.0055 0.0064 0.0192 0.0496 0.4007 0.0692 3.4271 0.4764 0.3447 1.5295 0.7982 20.7372 0.6771 0.3121 0.4674 0.0020 0.0014 0.0026 0.0095 0.0031
0.0232 0.3669 0.0078 0.5240 0.0014 0.0715 0.0004 0.0000 0.0002 0.0001 0.0000 0.0000 0.0000 0.0000 0.0002 0.0000 0.0001 0.0000 0.0000 0.0000 0.0000 0.0000 0.0000 0.0007 0.0012 0.0000 0.0000 0.0020 0.0016 0.0796 0.0041 0.0407 0.2626 0.0161 0.0252 0.1652 0.0091 0.0011 0.0499 0.0506 0.0062 0.5382 0.1463 0.0916 0.1694 1.4767 0.5498 0.1082 1.0083 0.0529 0.0363 0.0032 0.0248 0.0223 2.4999 10.2640 11.8893 0.8693 0.2853 0.3439 0.0834 0.6460 0.0191 0.0136 0.0526 0.0730 0.1103 0.0434 0.2695 0.3992
0.3018 0.8170 0.0591 4.8302 7.9142 0.9604 0.1519 0.0315 0.2097 0.0006 0.0004 0.0030 0.0018 0.0011 0.0010 0.0057 0.0101 0.0833 0.0000 0.0181 0.0000 0.0000 0.0000 0.0000 0.0000 0.0000 0.0000 0.0000 0.0000 0.0000 0.0000 0.0000 0.0000 0.0000 0.0000 0.0000 0.0000 0.0005 0.0026 0.0000 0.0000 0.0657 0.0075 0.0332 0.0125 0.1300 0.3146 0.0740 0.0535 0.0345 0.0164 0.0018 0.0076 0.0156 0.1136 0.1229 6.0118 0.5457 0.5278 1.7629 0.6119 0.5354 0.2340 0.0634 0.0548 0.0058 0.0397 0.0095 0.3776 0.6446
10.0151 4.3555 0.1784 2.9279 2.3003 0.3945 0.0558 0.0099 0.1699 0.1860 0.2942 0.8162 0.6773 1.0120 0.5506 0.8500 5.1280 14.5582 0.4839 1.2872 0.0500 0.0433 0.0350 0.0019 0.0011 0.0130 0.0273 0.0011 0.0057 0.0490 0.0035 0.0368 0.0000 0.0025 0.0002 0.0000 0.0000 0.0000 0.0000 0.0000 0.0000 0.0000 0.0000 0.0000 0.0000 0.0000 0.0000 0.0000 0.0000 0.0000 0.0000 0.0008 0.0016 0.0000 0.0000 0.0136 0.1161 0.0672 0.0131 0.0528 0.2013 0.9566 0.0347 0.0662 0.0697 0.0089 0.0338 0.0185 0.0821 0.5421
0.5772 1.1759 0.0640 4.1381 1.8418 0.0540 0.1010 0.0189 0.0470 0.0039 0.0428 0.0408 0.1773 1.3281 0.8750 3.7661 7.9020 13.5186 0.7786 2.2582 0.0337 0.0444 0.0935 0.0779 0.1008 0.5036 1.8192 0.1543 0.4913 8.8413 0.9478 1.6211 0.1797 0.0301 0.0314 0.0500 0.0039 0.0003 0.0052 0.0210 0.0021 0.0091 0.0038 0.0023 0.0012 0.0135 0.0000 0.0013 0.0001 0.0000 0.0000 0.0000 0.0000 0.0000 0.0000 0.0000 0.0002 0.0000 0.0000 0.0000 0.0000 0.0000 0.0000 0.0000 0.0000 0.0049 0.0014 0.0000 0.0000 0.0423
0.0046 0.0511 0.0006 0.0497 0.3094 0.0925 0.0219 0.0188 0.0873 0.0088 0.0350 0.0753 0.0566 0.6910 0.3713 0.2665 0.4157 3.3106 0.1374 0.0690 0.0237 0.0184 0.0056 0.0004 0.0032 0.0047 0.0703 0.0272 0.1304 3.1559 1.0672 2.7273 0.3594 0.0846 0.0445 0.1077 0.0221 0.0275 0.9139 1.6772 0.2866 2.5175 0.3240 0.3347 0.2559 0.4617 0.0330 0.0124 0.0059 0.0009 0.0006 0.0002 0.0002 0.0017 0.0101 0.0006 0.0143 0.0013 0.0003 0.0015 0.0000 0.0041 0.0000 0.0000 0.0000 0.0000 0.0000 0.0000 0.0000 0.0000
0.0000 0.0000 0.0000 0.0000 0.0000 0.0000 0.0000 0.0000 0.0000 0.0040 0.0013 0.0000 0.0000 0.0433 0.0028 0.0110 0.0114 0.1085 0.0401 0.3225 0.0141 0.0502 0.0284 0.0022 0.0071 0.0238 0.0612 0.0486 0.1518 0.9922 0.0234 0.3019 0.0287 0.0016 0.0143 0.0274 0.0006 0.0001 0.0177 0.0095 0.0050 0.1948 0.0889 0.1622 0.3677 2.9759 0.2265 0.1190 0.0288 0.0069 0.0122 0.0140 0.0420 0.1298 0.5728 0.1290 1.4508 0.2172 0.0863 0.0601 0.0083 0.0458 0.0011 0.0005 0.0008 0.0006 0.0004 0.0008 0.0028 0.0009
0.0181 0.0277 0.0007 0.0395 0.0002 0.0091 0.0002 0.0000 0.0000 0.0011 0.0000 0.0000 0.0000 0.0000 0.0001 0.0000 0.0001 0.0000 0.0000 0.0000 0.0000 0.0000 0.0000 0.0441 0.0114 0.0000 0.0000 0.1298 0.0266 0.5624 0.0202 0.2857 0.2417 0.2697 0.4205 2.7710 0.1525 0.0214 2.2074 2.6289 0.3218 20.7851 5.6486 1.4810 0.2540 3.4534 0.2105 0.0300 0.1088 0.0239 0.0039 0.0005 0.0111 0.0101 0.2698 0.1516 10.7402 2.2442 2.6454 7.3862 13.0139 81.6754 0.8453 0.6004 2.3278 2.9987 4.5330 2.0306 3.2586 8.5731
2.2762 6.3147 0.2462 1.4854 1.3619 0.1653 0.0261 0.0054 0.0361 0.0259 0.0196 0.1167 0.0711 0.0431 0.0065 0.0035 0.0078 0.0515 0.0000 0.0188 0.0001 0.0000 0.0000 0.0003 0.0000 0.0000 0.0000 0.0000 0.0000 0.0000 0.0000 0.0000 0.0000 0.0000 0.0000 0.0000 0.0000 0.0415 0.1235 0.0000 0.0000 4.9637 0.0350 0.0651 0.0171 0.2551 0.1393 0.3470 0.2492 0.1616 0.0771 0.0162 0.1474 0.3011 2.1916 1.0950 74.7680 2.0349 0.1825 0.9511 0.1127 0.2370 0.0434 0.0282 0.0102 0.0016 0.0176 0.0042 0.0695 0.2357
0.0952 0.4750 0.0560 1.9387 10.3991 3.9810 0.1854 0.0592 1.0205 1.0056 1.0916 1.8473 0.5012 2.4365 0.2015 0.1969 0.6367 0.4673 0.0402 0.0830 0.0024 0.0021 0.0017 0.0015 0.0009 0.0053 0.0112 0.0004 0.0004 0.0019 0.0001 0.0014 0.0000 0.0001 0.0000 0.0000 0.0000 0.0000 0.0000 0.0000 0.0000 0.0000 0.0000 0.0000 0.0000 0.0000 0.0000 0.0000 0.0000 0.0000 0.0000 0.0048 0.0013 0.0000 0.0000 0.0410 0.0631 0.0086 0.0012 0.0067 0.0071 0.2602 0.0189 0.0417 0.0911 0.0260 0.2716 0.0656 0.2917 0.1138
13.3642 8.8458 0.0788 5.1272 2.2820 0.1512 0.1244 0.0528 0.0579 0.0107 0.1199 0.1143 0.2197 1.8734 1.0841 1.0929 10.4792 44.4478 18.0253 85.1666 70.4292 27.8143 58.2254 15.5630 9.3062 10.8269 10.8893 6.7901 3.2664 8.9900 1.1889 1.4125 0.7023 0.1184 0.1236 0.1955 0.0155 0.0759 1.2029 0.9127 0.2177 1.4572 0.0150 0.0065 0.0034 0.0375 0.0000 0.0037 0.0002 0.0000 0.0000 0.0009 0.0000 0.0000 0.0001 0.0001 0.0011 0.0000 0.0000 0.0000 0.0000 0.0000 0.0000 0.0000 0.0000 2.8846 0.3360 0.0000 0.0000 2.8153
0.0075 0.0241 0.0005 0.0235 0.0931 0.0748 0.0360 0.0356 0.5221 0.1039 1.2855 1.0825 0.2644 0.2425 0.1319 0.0329 0.0419 0.1938 0.0159 0.0207 0.0026 0.0055 0.0004 0.0001 0.0010 0.0014 0.0041 0.0041 0.0076 0.1252 0.0384 0.2633 0.2458 0.0942 0.8333 12.7995 0.4142 0.1736 2.5718 1.0586 0.0507 3.4603 0.1447 0.0352 0.0339 0.0424 0.0137 0.0051 0.0025 0.0004 0.0003 0.0021 0.0029 0.0028 0.0608 0.0051 0.0061 0.0004 0.0001 0.0004 0.0000 0.0012 0.0000 0.0000 0.0000 0.0002 0.0000 0.0000 0.0000 0.0000
0.0000 0.0000 0.0000 0.0000 0.0000 0.0000 0.0000 0.0000 0.0000 1.4111 0.0747 0.0000 0.0000 0.4481 0.0129 0.0150 0.0173 0.1471 0.0544 0.7479 0.0653 0.2680 0.3158 0.0545 0.4871 0.7210 1.8658 0.0924 0.3769 0.8514 0.0202 0.2590 0.0246 0.0021 0.0124 0.0372 0.0005 0.0001 0.0240 0.0128 0.0043 0.4688 0.0763 0.1114 0.2480 1.7956 1.0824 0.9262 3.7502 0.8998 2.1379 0.5889 0.8106 0.5759 1.6290 1.3930 10.4856 0.3722 0.1859 0.0898 0.0557 0.3091 0.0075 0.0035 0.0052 0.0148 0.0107 0.0037 0.0317 0.0161
0.0009 0.0014 0.0000 0.0020 0.0000 0.0005 0.0000 0.0000 0.0000 0.0004 0.0000 0.0000 0.0000 0.0000 0.0000 0.0000 0.0000 0.0000 0.0000 0.0000 0.0000 0.0000 0.0000 0.1994 0.0103 0.0000 0.0000 0.0710 0.0028 0.0591 0.0021 0.0302 0.0254 0.0283 0.0442 0.3023 0.0334 0.0124 3.6696 1.0956 0.1341 2.1983 0.6844 0.1557 0.0267 0.3630 0.0223 0.0032 0.0114 0.0025 0.0004 0.0001 0.0012 0.0011 0.0287 0.0388 1.1359 0.2418 0.2798 0.7764 0.8192 10.3328 0.7531 0.5619 2.0737 6.2651 3.7037 0.3791 0.6592 3.4427
10.5626 9.0621 0.4552 2.7123 8.4483 0.7669 0.1213 0.0253 0.1674 0.1379 0.1315 0.1427 0.1813 0.1705 0.0080 0.0043 0.0096 0.0629 0.0000 0.0230 0.0001 0.0000 0.0000 0.0007 0.0000 0.0000 0.0000 0.0000 0.0000 0.0000 0.0000 0.0000 0.0000 0.0000 0.0000 0.0000 0.0000 0.8698 0.8299 0.0000 0.0000 23.0335 0.0824 0.1531 0.0402 0.5999 0.3276 0.8161 0.5861 0.3801 0.1813 0.0576 1.5269 0.8015 5.8330 2.5757 125.9913 4.8162 0.4294 2.2510 0.2651 0.5576 0.1020 0.0664 0.0242 0.0039 0.0414 0.0100 0.1656 1.3575
0.0897 0.4616 0.0534 1.8496 6.6817 1.3792 0.4412 0.1426 2.4140 4.8696 9.6234 3.1303 0.9147 8.8261 0.7298 0.2206 0.9132 0.6703 0.1935 0.3026 0.0088 0.0076 0.0062 0.0017 0.0013 0.0051 0.0106 0.0006 0.0004 0.0018 0.0001 0.0014 0.0000 0.0001 0.0000 0.0000 0.0000 0.0000 0.0000 0.0000 0.0000 0.0000 0.0000 0.0000 0.0000 0.0000 0.0000 0.0000 0.0000 0.0000 0.0000 0.0224 0.0019 0.0000 0.0000 0.1494 0.1187 0.0366 0.0046 0.0287 0.0303 0.9783 0.0355 0.0681 0.0713 0.0091 0.0735 0.0210 0.0932 0.6158
0.4953 0.6080 0.0054 0.3524 0.1569 0.0062 0.0086 0.0021 0.0040 0.0004 0.0049 0.0046 0.0150 0.1296 0.0745 0.1567 1.5302 6.4506 1.3761 3.9913 0.1038 0.1368 0.2881 0.2385 0.3105 2.0241 1.6604 0.4581 0.2204 1.2887 0.1331 0.1582 0.0477 0.0080 0.0083 0.0132 0.0011 0.0002 0.0040 0.0162 0.0016 0.0070 0.0006 0.0003 0.0001 0.0015 0.0000 0.0002 0.0000 0.0000 0.0000 0.0000 0.0000 0.0000 0.0000 0.0000 0.0000 0.0000 0.0000 0.0000 0.0000 0.0000 0.0000 0.0000 0.0000 0.0150 0.0011 0.0000 0.0000 0.1256
0.0042 0.0470 0.0006 0.0457 0.2674 0.0851 0.0202 0.0174 0.0803 0.0082 0.0713 0.0741 0.0557 0.6841 0.3676 0.2465 0.3615 2.8790 0.1188 0.0596 0.0205 0.0159 0.0048 0.0003 0.0028 0.0041 0.0607 0.0426 0.1127 2.7445 0.8512 2.5229 0.7329 0.1725 0.1734 0.4228 0.0862 0.1072 3.5654 6.8322 1.2730 10.3186 1.3281 0.7677 0.5762 0.7221 0.1250 0.0467 0.0226 0.0035 0.0024 0.0002 0.0002 0.0016 0.0093 0.0005 0.0124 0.0011 0.0003 0.0013 0.0000 0.0036 0.0000 0.0000 0.0000 0.0000 0.0000 0.0000 0.0000 0.0000
0.0000 0.0000 0.0000 0.0000 0.0000 0.0000 0.0000 0.0000 0.0000 0.0111 0.0008 0.0000 0.0000 0.1231 0.0013 0.0031 0.0035 0.0306 0.0113 0.1547 0.0068 0.0241 0.0137 0.0018 0.0155 0.0240 0.0620 0.0259 0.0809 0.2798 0.0071 0.0851 0.0087 0.0004 0.0043 0.0077 0.0002 0.0000 0.0050 0.0027 0.0020 0.2138 0.0268 0.0508 0.1083 0.6929 0.2486 0.1306 0.1201 0.0286 0.0509 0.0588 0.1750 0.2515 0.7427 0.9548 4.7513 0.1687 0.0848 0.0407 0.0254 0.1401 0.0034 0.0016 0.0024 0.0005 0.0004 0.0004 0.0014 0.0005
0.0007 0.0011 0.0000 0.0015 0.0000 0.0004 0.0000 0.0000 0.0000 0.0001 0.0000 0.0000 0.0000 0.0000 0.0000 0.0000 0.0000 0.0000 0.0000 0.0000 0.0000 0.0000 0.0000 0.0254 0.0013 0.0000 0.0000 0.0806 0.0010 0.0295 0.0015 0.0151 0.0461 0.0097 0.0151 0.0999 0.0055 0.0011 0.2403 0.1339 0.0164 0.7490 0.2048 0.0864 0.0762 0.7792 0.0631 0.0057 0.0326 0.0046 0.0015 0.0001 0.0021 0.0019 0.1055 0.1425 3.2198 0.8884 0.4577 0.5517 0.2560 1.9699 0.0920 0.0650 0.2534 0.3494 0.5315 0.2040 1.1330 1.9107
1.8217 1.3728 0.0685 0.4109 0.9573 0.1162 0.0184 0.0038 0.0254 0.0006 0.0005 0.0020 0.0012 0.0009 0.0004 0.0003 0.0007 0.0047 0.0000 0.0017 0.0000 0.0000 0.0000 0.0000 0.0000 0.0000 0.0000 0.0000 0.0000 0.0000 0.0000 0.0000 0.0000 0.0000 0.0000 0.0000 0.0000 0.0023 0.0030 0.0000 0.0000 0.3485 0.0010 0.0042 0.0016 0.0163 0.0322 0.0102 0.0073 0.0048 0.0023 0.0002 0.0024 0.0038 0.0280 0.0304 1.4888 0.1202 0.0663 0.3127 0.0409 0.0548 0.0157 0.0065 0.0037 0.0004 0.0041 0.0010 0.0252 0.1677
0.3672 3.1353 0.1048 1.5573 2.0811 0.3525 0.0330 0.0105 0.1805 0.1963 0.3126 1.0055 1.0553 1.3849 0.7581 1.8830 4.8442 3.5556 0.2465 0.5121 0.0149 0.0128 0.0104 0.0002 0.0002 0.0017 0.0035 0.0001 0.0007 0.0047 0.0003 0.0036 0.0000 0.0002 0.0000 0.0000 0.0000 0.0000 0.0000 0.0000 0.0000 0.0000 0.0000 0.0000 0.0000 0.0000 0.0000 0.0000 0.0000 0.0000 0.0000 0.0009 0.0002 0.0000 0.0000 0.0155 0.0258 0.0167 0.0032 0.0130 0.0498 0.2130 0.0077 0.0147 0.0155 0.0020 0.0075 0.0025 0.0112 0.0745
0.1767 0.3668 0.0352 1.4604 1.0140 0.0297 0.0556 0.0104 0.0259 0.0022 0.0237 0.0225 0.0976 1.1985 0.4847 0.8109 2.2053 4.0132 0.4910 1.4242 0.0314 0.0413 0.0870 0.0725 0.0938 0.3661 1.3225 0.1436 0.4573 6.4274 1.7728 1.4630 0.2334 0.0391 0.0408 0.0650 0.0051 0.0002 0.0026 0.0104 0.0010 0.0045 0.0021 0.0013 0.0007 0.0074 0.0000 0.0007 0.0000 0.0000 0.0000 0.0000 0.0000 0.0000 0.0000 0.0000 0.0001 0.0000 0.0000 0.0000 0.0000 0.0000 0.0000 0.0000 0.0000 0.0050 0.0007 0.0000 0.0000 0.0394
0.0111 0.1732 0.0034 0.1687 5.1017 0.2248 0.0531 0.0459 0.2122 0.0214 0.0410 0.0883 0.0664 0.8100 0.4352 0.3364 2.6968 13.6823 3.4699 1.1373 0.5991 0.3029 0.1414 0.0090 0.0523 0.0775 1.7742 2.0902 1.3949 7.9085 0.6872 2.0242 0.3960 0.0926 0.0732 0.1773 0.0364 0.0449 1.5048 2.1174 0.3618 4.3282 1.1982 1.4899 2.0740 51.9741 1.7400 0.6507 0.3128 0.0490 0.0334 0.0004 0.0006 0.0042 0.0247 0.0013 0.1118 0.0212 0.0057 0.0245 0.0000 0.0684 0.0001 0.0000 0.0000 0.0001 0.0000 0.0000 0.0000 0.0000
0.0000 0.0000 0.0000 0.0000 0.0000 0.0000 0.0000 0.0000 0.0000 0.0035 0.0015 0.0000 0.0000 0.0364 0.0004 0.0022 0.0035 0.0218 0.0614 0.0464 0.0020 0.0072 0.0041 0.0003 0.0034 0.0036 0.0094 0.0039 0.0123 0.0737 0.0189 0.1549 0.0899 0.0124 0.1593 0.1334 0.0105 0.0010 0.0861 0.0460 0.0863 9.3615 0.1181 0.0863 0.0545 0.1694 0.0378 0.0198 0.0182 0.0044 0.0077 0.0118 0.0353 0.0384 0.3472 0.0965 4.7779 0.2763 0.2011 0.6316 2.5303 6.1722 0.1498 0.0690 0.1041 0.0001 0.0001 0.0001 0.0004 0.0001
0.0907 1.4452 0.0306 2.0640 0.0055 0.2798 0.0017 0.0000 0.0009 0.0010 0.0000 0.0000 0.0000 0.0000 0.0006 0.0000 0.0002 0.0000 0.0000 0.0000 0.0000 0.0000 0.0000 0.2838 0.0103 0.0000 0.0000 0.5623 0.0327 1.6415 0.0849 0.8391 5.4150 0.3315 0.5201 3.4060 0.1875 0.0216 1.9558 1.0896 0.1334 10.0532 1.6668 1.0061 1.8723 16.2170 6.8744 7.7195 12.9221 3.7779 2.5778 0.2265 1.7576 1.5790 177.3047 51.1251 148.6515 12.2984 4.0364 4.8352 2.0964 16.1316 0.7490 0.5319 2.0753 2.8613 4.3521 1.6706 9.2212 15.6470
0.8373 1.1701 0.0846 3.2969 21.9521 21.6219 2.3322 0.4834 3.1988 0.0008 0.0006 0.0044 0.0027 0.0016 0.0051 0.0287 0.0506 0.4155 0.0001 0.0905 0.0001 0.0000 0.0000 0.0000 0.0000 0.0000 0.0000 0.0000 0.0000 0.0000 0.0000 0.0000 0.0000 0.0000 0.0000 0.0000 0.0000 0.0013 0.0038 0.0000 0.0000 0.1823 0.0013 0.0060 0.0029 0.0234 0.0974 0.0133 0.0096 0.0062 0.0030 0.0003 0.0012 0.0011 0.0080 0.0164 0.2900 0.0263 0.0316 0.0850 0.0696 4.8020 0.0974 0.1382 0.7574 0.0800 0.2031 0.0491 0.8648 1.1321
0.1333 0.1994 0.0065 0.0972 0.1583 0.0266 0.0081 0.0026 0.0444 0.0483 0.0769 0.1164 0.1086 0.3406 0.1864 0.0918 0.5505 2.6255 1.6306 18.7505 6.6938 3.9011 3.1545 0.0002 0.0001 0.0011 0.0023 0.0001 0.0040 0.3122 0.0176 0.2355 0.0001 0.0067 0.0002 0.0000 0.0000 0.0000 0.0000 0.0000 0.0000 0.0000 0.0001 0.0000 0.0000 0.0000 0.0000 0.0000 0.0000 0.0000 0.0000 0.0002 0.0001 0.0000 0.0000 0.0038 0.0069 0.0045 0.0011 0.0035 0.0283 0.0571 0.0021 0.0040 0.0042 0.0005 0.0010 0.0002 0.0011 0.0141
0.0116 0.0254 0.0031 0.1018 0.3132 0.4725 0.0625 0.0401 0.9651 0.1816 0.2137 0.2036 0.6068 1.4679 0.0631 0.0332 0.0898 0.1645 0.0248 0.0720 0.0040 0.0053 0.0111 0.0093 0.0120 0.0282 0.0911 0.0185 0.0584 0.2618 0.0502 0.3897 0.5503 0.5134 4.4572 46.3923 2.2427 0.0000 0.0007 0.0027 0.0003 0.0012 0.0044 0.0865 0.0416 0.4560 0.0001 0.0093 0.0001 0.0000 0.0000 0.0000 0.0000 0.0000 0.0000 0.0000 0.0005 0.0000 0.0000 0.0000 0.0000 0.0000 0.0000 0.0000 0.0000 0.0006 0.0002 0.0000 0.0000 0.0050
0.0013 0.0202 0.0005 0.0197 0.5963 0.0263 0.0062 0.0054 0.0248 0.0025 0.0049 0.0049 0.0037 0.0852 0.0165 0.0128 0.1271 0.5196 0.1491 3.8509 0.0936 0.2478 0.7330 0.1050 0.1010 0.1486 1.5247 0.2398 0.0596 0.2859 0.0248 0.0732 0.0254 0.0059 0.0119 0.0289 0.0059 0.0073 0.2455 0.2082 0.0316 0.7061 0.1955 0.0775 0.1079 0.8788 0.8063 1.6688 6.6738 4.1968 6.6747 0.0001 0.0001 0.0005 0.0029 0.0002 0.1054 0.3023 0.0756 0.3213 0.0001 0.1855 0.0001 0.0000 0.0000 0.0000 0.0000 0.0000 0.0000 0.0000
0.0006 0.0000 0.0000 0.0000 0.0000 0.0000 0.0000 0.0000 0.0000 0.0196 0.0059 0.0000 0.0000 0.1964 0.4646 0.1639 1.0326 1.6201 0.4825 6.6362 0.5866 2.4073 4.3182 12.4467 1.4573 3.3863 1.2291 0.4315 0.1988 1.5161 0.1262 0.3739 0.1759 0.0188 0.0831 0.3301 0.0023 0.0009 0.2131 0.1130 0.0101 0.1375 0.0794 0.0350 0.0793 0.5742 0.1522 0.1303 0.4409 0.1811 0.0971 0.0410 0.0543 0.0453 0.1235 0.0883 0.6647 0.0468 0.0311 0.0424 0.0040 0.0474 0.0026 0.0012 0.0018 196.9941 50.5852 0.1312 1.9948 61.3245
0.0189 0.0075 0.0002 0.0107 0.0000 0.0025 0.0002 0.0000 0.0000 0.2111 0.0000 0.0001 0.0059 0.0359 0.0002 0.0000 0.0011 0.0001 0.0000 0.0000 0.0000 0.0000 0.0000 0.0337 0.2257 0.0000 0.0000 0.0028 0.0440 0.2140 0.0290 0.1094 0.0925 0.1033 0.3275 2.4727 0.4320 2.3357 7.0745 4.6855 0.0805 3.1120 0.1246 0.0841 0.0508 0.1589 0.0486 0.0115 0.0235 0.0092 0.0005 0.0002 0.0043 0.0039 0.0203 0.0035 0.3585 0.0230 0.0271 0.0758 0.0388 0.4895 0.0837 0.1017 0.1197 0.0767 0.0516 0.0091 0.0152 0.0662
0.0008 0.0013 0.0001 0.0015 0.0005 0.0001 0.0000 0.0000 0.0001 2.0116 9.1521 0.0083 0.0239 1.8712 0.0002 0.0001 0.0001 0.0008 0.0000 0.0003 0.0000 0.0000 0.0000 0.0014 0.0000 0.0000 0.0009 0.0004 0.0000 0.0000 0.0000 0.0000 0.0000 0.0000 0.0000 0.0000 0.0000 0.0005 0.0903 0.0000 0.0000 0.0016 2.4014 0.0815 0.0478 0.3193 0.0190 0.0702 0.2037 0.0448 0.0214 0.0026 0.0040 0.0072 0.0571 0.0587 0.3348 0.0416 0.0131 0.0157 0.0093 0.0325 0.0033 0.0039 0.0005 0.0002 0.0024 0.0006 0.0019 0.0019
0.0302 0.0472 0.0056 0.1925 0.3020 0.0518 0.0211 0.0087 0.0603 0.0244 0.0386 0.0802 0.0226 0.1057 0.0087 0.0090 0.0497 0.1029 0.0034 0.0151 0.0010 0.0008 0.0007 0.0228 0.0075 17.5939 1.4865 0.0209 0.0196 0.0070 0.0005 0.0053 0.0000 0.0004 0.0006 0.0000 0.0000 0.0017 0.0000 0.0000 0.0000 0.0002 0.0002 0.0000 0.0000 0.0000 0.0000 0.0000 0.0000 0.0000 0.0000 0.0007 0.0050 0.0000 0.0000 0.0018 10.9628 0.4569 0.4054 0.3588 0.0680 2.4965 0.3416 0.4051 1.3461 0.2163 0.1530 0.0738 0.1283 0.6146
0.3432 1.0316 0.0324 0.4847 1.0748 0.0821 0.0551 0.0287 0.0164 0.0058 0.0651 0.0620 0.0338 0.0647 0.0739 0.0404 0.3946 1.6739 0.2465 0.7194 0.1302 0.3362 0.1876 0.0502 0.0311 0.1003 0.0972 0.0294 0.0142 0.1340 0.0234 0.0785 0.0060 0.0021 0.0049 0.0078 0.0006 0.1307 1.2415 8.9772 16.1396 7.0881 0.1648 0.0035 0.0018 0.0204 0.0000 0.0020 0.0022 0.0000 0.0000 0.0192 0.0000 0.0000 0.0005 0.0003 0.0211 0.0000 0.0004 0.0000 0.0000 0.0000 0.0000 0.0000 0.0000 0.0349 0.1259 0.0000 0.0000 0.0122
0.1228 0.1237 0.0104 0.1197 0.2391 0.1932 0.0929 0.0919 1.3493 1.6916 0.2640 0.4902 0.1098 0.6269 0.0393 0.0416 0.1083 0.1971 0.0408 0.0536 0.0066 0.0142 0.0010 0.0003 0.0025 0.0036 0.0069 0.0008 0.0056 0.0280 0.0087 0.0601 0.0201 0.0048 0.0479 0.2278 0.0124 0.0049 0.0759 0.0594 0.0027 0.1041 0.0044 0.0032 0.0040 0.0143 0.0007 0.0006 0.0006 0.0001 0.0001 1.1642 1.3649 0.0461 1.4076 33.3979 0.1074 0.0010 0.0003 0.0011 0.0000 0.0032 0.0001 0.0000 0.0000 0.0629 0.0000 0.0000 0.0029 0.0096
0.0001 0.0000 0.0000 0.0000 0.0000 0.0000 0.0000 0.0000 0.0000 0.0072 0.0367 0.0000 0.0000 0.0024 0.0378 0.3519 4.6522 3.4785 0.1409 0.3192 0.0190 0.0494 0.0281 0.0024 0.0016 0.0048 0.0138 0.0208 0.0076 0.1240 0.0371 0.1065 0.0517 0.0442 0.0244 0.3315 0.0053 0.0021 0.5052 0.2679 0.0101 0.0404 0.0232 0.0092 0.0073 0.0470 0.0060 0.0032 0.0020 0.0006 0.0004 0.0004 0.0011 0.0025 0.0105 0.0025 0.0692 0.0125 0.0091 0.0125 0.0018 0.0476 0.0060 0.0028 0.0042 0.0023 0.0009 0.0107 0.0567 0.0064
53.7985 0.0935 0.0025 0.1336 0.0010 0.0306 0.0296 0.0001 0.0004 0.0099 0.0000 0.0001 0.0000 0.0001 0.0472 0.0012 0.0160 0.0006 0.0000 0.0002 0.0000 0.0000 0.0000 0.0004 0.0013 0.0000 0.0000 0.0004 0.0025 0.1255 0.0085 0.0642 0.4141 0.0253 0.0395 0.2605 0.0143 0.0017 0.0321 0.0342 0.0046 0.7640 0.0242 0.0353 0.1078 0.3286 0.2173 0.8499 0.1056 0.2871 0.5846 0.3421 1.9020 1.7087 1.0841 0.0534 0.9316 0.0439 0.0179 0.0318 0.0078 0.0613 0.0019 0.0017 0.0027 0.0028 0.0043 0.0026 0.0094 0.0094
0.0048 0.0208 0.0015 0.0542 0.1043 0.0589 0.0752 0.0442 0.2928 0.0007 0.0005 0.0039 0.0024 0.0015 0.0108 11.7420 4.8839 54.2950 0.0051 4.5130 0.0017 0.0000 0.0014 0.0000 0.0000 0.0000 0.0000 0.0000 0.0003 0.0001 0.0000 0.0000 0.0000 0.0000 0.0000 0.0000 0.0000 0.0000 0.0034 0.0000 0.0000 0.0020 0.0007 0.0033 0.0027 0.0129 0.0538 0.0074 0.0053 0.0034 0.0016 0.0002 0.0003 0.0006 0.0044 0.0091 0.0517 0.0110 0.0175 0.0205 0.0262 1.5118 0.0095 0.0763 0.2715 0.1482 0.6768 0.1625 0.0501 0.0151
