18.6811 1.2425 0.0376 1.2100 0.5222 0.6228 0.5909 0.1741 0.8054 0.0931 0.0751 0.1429 0.1172 1.3607 0.0852 0.0903 0.2351 0.4304 0.0890 0.1164 0.0145 0.0310 0.0022 0.0006 0.0054 0.0079 0.0149 0.0018 0.0122 0.0608 0.0190 0.1304 0.0439 0.0104 0.0281 0.0882 0.0073 0.0033 0.1117 0.1290 0.0059 0.1972 0.0083 0.0069 0.0088 0.0312 0.0015 0.0012 0.0013 0.0002 0.0001 0.0064 0.0049 3.9035 1.6679 0.0320 0.4686 0.0022 0.0006 0.0025 0.0000 0.0070 0.0003 0.0000 0.0000 0.0049 0.0000 0.0000 0.0000 0.0000
0.0002 0.0000 0.0000 0.0000 0.0000 0.0000 0.0000 0.0000 0.0000 0.0086 0.0326 0.0000 0.0000 0.0142 0.5915 16.6468 5.2115 81.8796 1.2968 7.5127 0.3264 1.1692 0.6608 0.0507 0.0386 0.1141 0.3259 0.4885 0.1780 2.9194 0.3412 0.9806 0.4756 0.0505 0.2248 0.8872 0.0061 0.0024 0.5765 0.3057 0.0273 0.3719 0.2134 0.0846 0.1537 1.1058 0.1414 0.0748 0.0466 0.0141 0.0103 0.0087 0.0262 0.0584 0.2379 0.0581 0.6369 0.1155 0.0841 0.1147 0.0109 0.1282 0.0069 0.0032 0.0048 0.0172 0.0100 0.1681 0.3674 0.0432
0.1270 0.0084 0.0002 0.0121 0.0001 0.0028 0.0012 0.0000 0.0000 0.0015 0.0000 0.0000 0.0000 0.0000 0.0004 0.0000 0.0004 0.0000 0.0000 0.0000 0.0000 0.0000 0.0000 0.0008 0.0025 0.0000 0.0000 0.0008 0.0345 1.0953 2.4825 0.5599 0.0522 0.0253 0.0544 0.1751 0.0153 0.0022 0.0341 0.0364 0.0031 0.5169 0.0164 0.0218 0.0287 0.0875 0.0274 0.0085 0.0133 0.0052 0.0004 0.0001 0.0032 0.0029 0.0115 0.0019 0.2023 0.0117 0.0070 0.0196 0.0053 0.0412 0.0013 0.0018 0.0019 0.0019 0.0029 0.0016 0.0039 0.0064
0.0340 0.1488 0.0108 0.1833 0.0653 0.0167 0.0077 0.0016 0.0106 0.0894 0.0366 1.4439 1.5629 0.3215 2.5847 0.0096 0.0347 0.1394 0.0004 0.0836 0.0240 0.0004 0.0002 0.0204 0.0000 0.0002 0.0003 0.0001 0.0073 0.0011 0.0026 0.0003 0.0000 0.0000 0.0000 0.0000 0.0000 0.0012 0.0972 0.0000 0.0000 0.0353 0.8344 9.4111 1.3746 126.0343 0.8627 0.9051 0.6500 0.4216 0.2010 0.0214 0.0372 0.0676 0.5434 1.1171 6.3681 1.3472 0.5911 0.6951 0.4207 1.4682 0.1522 0.1749 0.0228 0.0102 0.1089 0.0263 0.0849 0.0878
1.1218 1.5678 0.1479 5.0914 4.6969 0.8055 0.1642 0.0667 0.4696 0.3797 0.6008 1.4192 0.5970 1.6442 0.1982 0.3059 1.8344 3.8241 0.1271 0.5611 0.0360 0.0311 0.0252 0.0543 0.0270 2.7969 3.5572 0.0500 1.2223 0.2592 0.0184 0.1955 0.0003 0.0133 0.0382 0.0012 0.0001 0.0050 0.0000 0.0004 0.0000 0.0007 0.0080 0.0002 0.0015 0.0002 0.0000 0.0000 0.0000 0.0000 0.0000 0.0054 0.0385 0.0000 0.0000 0.0278 8.3160 5.3811 1.0512 4.2255 82.8029 68.5275 2.4852 4.7711 4.9942 0.6425 0.5675 0.2738 1.3438 16.8694
0.5918 3.0448 0.4825 7.0401 33.7896 2.5801 1.7427 0.9010 0.5198 0.1826 2.0469 1.9503 1.0635 2.0343 1.3485 0.5416 1.8284 4.9405 0.4251 1.2483 0.0468 0.0784 0.0674 0.0415 0.0540 0.1982 0.4235 0.0508 0.1294 1.8192 0.3485 2.4831 0.1888 0.0672 0.1556 0.2462 0.0195 0.0066 0.1051 0.4278 0.0425 0.1844 0.0858 0.1114 0.0573 0.6438 0.0004 0.0630 0.0012 0.0000 0.0001 0.0002 0.0000 0.0000 0.0000 0.0000 0.0045 0.0000 0.0001 0.0000 0.0000 0.0000 0.0000 0.0000 0.0000 0.0081 0.0294 0.0000 0.0000 0.0211
0.1335 0.5922 0.0119 0.5766 2.2713 6.5938 0.6403 0.3723 1.7220 0.1748 0.1616 0.3075 0.2552 5.9188 0.3730 0.3926 1.0225 1.8722 0.3873 0.5063 0.0629 0.1349 0.0095 0.0025 0.0233 0.0345 0.0647 0.0080 0.0531 0.2647 0.0831 0.5671 0.1911 0.0455 0.0612 0.1886 0.0158 0.0145 0.4859 0.5646 0.0257 0.8579 0.0359 0.0300 0.0381 0.1357 0.0067 0.0053 0.0056 0.0009 0.0006 0.0035 0.0049 0.0505 0.2005 0.0108 0.1486 0.0094 0.0025 0.0109 0.0000 0.0305 0.0001 0.0000 0.0000 0.0006 0.0000 0.0000 0.0000 0.0000
0.0000 0.0000 0.0000 0.0000 0.0000 0.0000 0.0000 0.0000 0.0000 0.0089 0.0338 0.0000 0.0000 0.0299 0.1475 0.0571 0.1314 0.5641 0.2072 4.2326 1.6783 0.9026 0.5101 0.0394 0.0298 0.0881 0.2485 0.1865 0.0679 0.6512 0.0545 0.1606 0.0760 0.0081 0.0359 0.1418 0.0010 0.0004 0.0921 0.0488 0.0044 0.0594 0.0341 0.0151 0.0343 0.2467 0.0537 0.0285 0.0353 0.0109 0.0078 0.0033 0.0100 0.0196 0.0531 0.0220 0.1658 0.0202 0.0134 0.0183 0.0017 0.0205 0.0011 0.0005 0.0008 0.0107 0.0077 0.0416 0.0950 0.0169
0.0224 0.0251 0.0007 0.0358 0.0002 0.0082 0.0002 0.0000 0.0000 0.0061 0.0000 0.0000 0.0000 0.0001 0.0001 0.0000 0.0001 0.0000 0.0000 0.0000 0.0000 0.0000 0.0000 0.0116 0.0357 0.0000 0.0000 0.0054 0.1995 2.0587 0.0744 1.0524 0.8901 0.9934 3.1510 35.5397 1.3173 0.1509 2.9341 3.1268 0.4174 29.9380 0.9482 0.8088 0.4891 1.5288 0.4672 0.1106 0.2256 0.0882 0.0052 0.0019 0.0410 0.0371 0.1957 0.0332 3.4485 0.2215 0.2611 0.7289 0.3064 2.3872 0.1729 0.1572 0.2474 0.1143 0.1675 0.0876 0.1459 0.3698
0.3903 1.1518 0.0759 1.2929 0.4579 0.1180 0.0414 0.0086 0.0572 0.7267 0.5479 3.4560 2.4275 1.4811 0.0957 0.0517 0.1146 0.7538 0.0003 0.2759 0.0010 0.0000 0.0001 0.0090 0.0000 0.0000 0.0001 0.0001 0.0002 0.0000 0.0001 0.0000 0.0000 0.0000 0.0000 0.0000 0.0000 0.0435 3.4580 0.0000 0.0000 0.8511 0.8155 0.7492 0.3108 2.9351 1.5929 3.9682 5.7985 4.3349 8.9915 0.6981 1.2153 2.1941 6.2833 4.8977 28.0932 3.4725 1.0915 1.3156 0.7768 2.7111 0.2810 0.3231 0.0422 0.0188 0.2012 0.0486 0.1567 0.1622
0.7818 1.2135 0.1438 4.9530 7.8201 1.3412 1.3122 0.8166 3.7306 1.3103 1.0003 2.0755 0.5808 2.7206 0.2250 0.2339 1.2784 2.6650 0.0886 0.3910 0.0251 0.0216 0.0175 0.5385 0.3321 1.0317 7.8687 0.3102 0.0367 0.1806 0.0128 0.1363 0.0001 0.0093 0.0011 0.0000 0.0000 0.0092 0.0000 0.0001 0.0001 0.0029 0.0006 0.0000 0.0001 0.0000 0.0000 0.0000 0.0000 0.0000 0.0000 0.0665 0.4736 0.0000 0.0000 0.0461 1.9907 0.2328 0.0631 0.1828 0.1917 7.0817 0.5225 1.1492 3.8183 40.9223 3.1705 0.9506 0.5929 1.7433
0.5991 1.4242 0.0447 0.6650 1.4748 0.1133 0.0761 0.0393 0.0227 0.0080 0.0899 0.0851 0.0467 0.0893 0.1014 0.0558 0.5448 2.3110 0.4147 1.9594 0.3987 0.9100 0.5783 0.2225 0.1282 0.1385 0.1342 0.0700 0.0337 0.1839 0.0323 0.1084 0.0082 0.0030 0.0068 0.0108 0.0009 1.4650 29.1932 0.7885 0.3141 13.4922 0.0125 0.0049 0.0025 0.0281 0.0000 0.0028 0.0002 0.0000 0.0000 0.0017 0.0000 0.0000 0.0026 0.0014 0.0016 0.0000 0.0000 0.0000 0.0000 0.0000 0.0000 0.0000 0.0000 0.1625 1.2703 0.0000 0.0000 0.0290
0.0340 0.1094 0.0024 0.1066 0.4224 0.3393 0.1632 0.1614 2.3691 1.7570 26.4948 10.0573 1.0672 1.1007 0.4591 0.1064 0.1901 0.6261 0.0716 0.0942 0.0116 0.0251 0.0018 0.0005 0.0043 0.0064 0.0133 0.0036 0.0247 0.2114 0.0660 0.4530 0.2266 0.0869 1.4339 6.8114 0.3726 0.2757 4.0840 0.9524 0.0453 3.1130 0.1302 0.0317 0.0305 0.0520 0.0176 0.0046 0.0022 0.0003 0.0002 0.0276 0.0495 0.0128 0.2759 0.0311 0.0276 0.0018 0.0005 0.0020 0.0000 0.0057 0.0000 0.0000 0.0000 0.0008 0.0000 0.0000 0.0000 0.0001
0.0001 0.0000 0.0000 0.0000 0.0000 0.0000 0.0000 0.0000 0.0000 5.5693 2.9897 0.0000 0.0000 0.9536 0.2581 0.2926 0.5229 2.8926 1.0692 14.7077 1.3000 5.3351 9.5703 3.3569 13.2882 74.2266 16.1357 0.9564 2.6098 5.5416 0.2796 1.6862 0.3922 0.0416 0.1842 0.7315 0.0050 0.0020 0.4724 0.2520 0.0278 0.7103 0.4967 0.3768 0.8544 6.1484 1.9984 1.7100 5.7526 2.3769 1.2747 0.4901 0.6746 0.5423 1.4156 1.1593 8.7265 0.5269 0.2056 0.2203 0.0464 0.2557 0.0062 0.0029 0.0043 0.9125 0.6573 0.0729 0.9615 0.6459
0.0022 0.0034 0.0001 0.0048 0.0000 0.0011 0.0000 0.0000 0.0000 0.0016 0.0000 0.0000 0.0000 0.0001 0.0000 0.0000 0.0000 0.0000 0.0000 0.0000 0.0000 0.0000 0.0000 0.0663 0.0802 0.0000 0.0000 0.0074 0.0214 0.2269 0.0081 0.1153 0.0975 0.1088 0.3409 2.5737 0.1623 0.0303 3.1012 3.7163 2.6129 5.2117 0.7048 0.1324 0.0536 0.3087 0.0512 0.0121 0.0249 0.0097 0.0006 0.0002 0.0045 0.0041 0.0241 0.0077 0.9659 0.1068 0.1259 0.3494 0.2195 2.7681 0.4702 0.1869 0.6770 0.3128 0.2185 0.0469 0.0748 0.3743
0.1037 0.1514 0.0059 0.0785 0.0621 0.0075 0.0012 0.0002 0.0016 0.0383 0.0289 0.0982 0.0785 0.0743 0.0028 0.0015 0.0033 0.0217 0.0000 0.0079 0.0000 0.0000 0.0000 0.0003 0.0000 0.0000 0.0000 0.0000 0.0000 0.0000 0.0000 0.0000 0.0000 0.0000 0.0000 0.0000 0.0000 0.0136 0.1821 0.0000 0.0000 0.2262 0.1133 0.2105 0.0553 0.8245 0.4475 1.1147 0.8055 0.5192 0.2491 0.0265 0.0461 0.0833 1.0636 5.5564 20.1790 0.9754 0.3085 0.3695 0.2182 0.7616 0.0789 0.0908 0.0118 0.0053 0.0569 0.0137 0.0443 0.0506
1.7726 4.7386 0.5582 19.3405 33.7083 5.7810 0.8183 0.1861 2.4899 2.7250 4.3115 8.9464 2.4274 11.7999 0.9757 0.9537 3.0834 4.9898 0.1947 0.6591 0.0423 0.0366 0.0296 0.1227 0.0757 0.8547 1.7929 0.0707 0.0619 0.3064 0.0217 0.2297 0.0002 0.0156 0.0019 0.0001 0.0000 0.0021 0.0000 0.0001 0.0000 0.0007 0.0004 0.0000 0.0001 0.0000 0.0000 0.0000 0.0000 0.0000 0.0000 0.0152 0.1079 0.0000 0.0000 0.1985 3.8442 1.0412 0.1422 0.8176 0.8574 31.6777 1.1488 2.1919 2.3086 0.3733 1.7365 0.9421 4.1890 19.9403
45.3735 26.2169 0.2350 15.1958 6.7633 0.3112 0.3710 0.1080 0.1727 0.0220 0.2469 0.2338 0.6511 2.3241 3.2131 3.0264 29.5604 125.3816 26.7475 83.5493 2.1604 1.4876 3.1333 2.2921 2.6707 8.3476 7.7959 2.4490 1.1781 10.4844 1.0830 2.8369 0.2533 0.0424 0.0578 0.0914 0.0072 0.0183 0.2904 0.9349 0.0928 0.4030 0.0307 0.0134 0.0069 0.0772 0.0001 0.0076 0.0004 0.0000 0.0000 0.0004 0.0000 0.0000 0.0000 0.0000 0.0015 0.0000 0.0000 0.0000 0.0000 0.0000 0.0000 0.0000 0.0000 0.1543 0.0811 0.0000 0.0000 1.0091
0.0799 0.8954 0.0112 0.8719 3.4556 1.6219 0.3857 0.3309 1.5307 0.1554 0.2093 0.4508 0.3389 5.2940 2.2219 7.1983 2.3676 22.4164 0.6190 0.7703 0.1005 0.2052 0.0171 0.0039 0.0355 0.0525 0.2145 0.0498 0.3979 3.1688 0.9889 6.7895 1.1453 0.2712 0.2532 0.3433 0.0700 0.0870 2.9128 4.4965 0.3080 6.0390 0.3482 0.3597 0.2872 0.8388 0.0412 0.0175 0.0113 0.0018 0.0012 0.0031 0.0044 0.0302 0.1782 0.0096 0.2260 0.0143 0.0038 0.0165 0.0000 0.0463 0.0001 0.0000 0.0000 0.0005 0.0000 0.0000 0.0000 0.0000
0.0005 0.0000 0.0000 0.0000 0.0000 0.0000 0.0000 0.0000 0.0000 0.1797 0.3138 0.0000 0.0000 1.8703 0.2458 1.3544 2.1789 13.3055 17.7742 28.4929 1.2378 4.4071 2.5060 0.1924 0.1454 0.4300 1.2360 1.8528 1.2832 16.8519 36.3529 40.3533 13.5120 0.6916 6.3864 12.1604 0.0835 0.0333 7.9009 4.1895 0.4942 12.5598 8.7820 3.4829 2.7297 9.3613 1.0196 0.5423 0.2318 0.0533 0.0550 0.0631 0.1891 0.4945 3.9973 0.5260 26.2114 4.7517 3.4384 3.8961 0.3696 2.3199 0.0940 0.0436 0.0653 0.0523 0.0377 0.0694 0.2502 0.0826
0.0094 0.0205 0.0006 0.0292 0.0001 0.0067 0.0001 0.0000 0.0000 0.0002 0.0000 0.0000 0.0000 0.0000 0.0000 0.0000 0.0000 0.0000 0.0000 0.0000 0.0000 0.0000 0.0000 0.0005 0.0017 0.0000 0.0000 0.0010 0.0031 0.1549 0.0080 0.0787 0.2405 0.0319 0.0497 0.3274 0.0180 0.0021 0.0726 0.0876 0.0107 0.9604 0.2531 0.3495 0.3968 7.3927 0.2616 0.0299 0.1272 0.0238 0.0029 0.0005 0.0111 0.0100 0.1996 0.0635 7.9464 0.7168 0.2938 0.3886 0.0818 0.6371 0.0138 0.0055 0.0212 0.0294 0.0447 0.0312 0.1543 0.1159
0.9638 5.0516 0.2601 3.6346 1.2952 0.1778 0.0378 0.0078 0.0522 0.0148 0.0111 0.0810 0.0494 0.0301 0.0270 0.0206 0.0458 0.3009 0.0001 0.1102 0.0003 0.0000 0.0000 0.0002 0.0000 0.0000 0.0000 0.0000 0.0001 0.0000 0.0000 0.0000 0.0000 0.0000 0.0000 0.0000 0.0000 0.0024 0.0703 0.0000 0.0000 0.3356 0.0377 0.1674 0.0629 0.6557 2.7321 0.3733 0.2681 0.1739 0.0829 0.0088 0.0155 0.0279 0.2242 0.4608 4.3862 0.5875 1.8376 2.1609 8.1895 4.6499 1.9224 0.5541 0.0949 0.0322 0.3450 0.0833 0.6500 1.1098
3.9919 2.9713 0.1217 1.9974 1.5692 0.2691 0.0381 0.0134 0.1159 0.1269 0.2007 0.5568 0.4621 0.6904 0.3756 0.5798 3.4767 23.4358 0.7789 2.0721 0.0810 0.0697 0.0567 0.0088 0.0054 0.0613 0.1286 0.0050 0.0271 0.3982 0.0282 0.3004 0.0003 0.0204 0.0008 0.0000 0.0000 0.0001 0.0000 0.0000 0.0000 0.0001 0.0002 0.0000 0.0000 0.0000 0.0000 0.0000 0.0000 0.0000 0.0000 0.0011 0.0077 0.0000 0.0000 0.0092 0.2690 0.1741 0.0446 0.1367 1.1007 2.2169 0.0804 0.1544 0.1616 0.0208 0.0184 0.0089 0.0435 0.5457
0.0655 0.3372 0.0534 0.7797 3.7424 15.8361 0.1930 0.6984 1.6578 0.3340 3.7439 3.5673 1.3428 0.7514 0.1484 0.0600 0.2025 0.5472 0.0471 0.1383 0.0052 0.0087 0.0075 0.0046 0.0060 0.0220 0.0469 0.0056 0.0143 0.2015 0.0386 0.2750 0.1081 0.0854 0.4993 0.7899 0.0626 0.0007 0.0116 0.0474 0.0047 0.0204 0.0766 0.2037 0.1049 1.1775 0.0007 0.1153 0.0022 0.0000 0.0001 0.0000 0.0000 0.0000 0.0000 0.0000 0.0082 0.0000 0.0000 0.0000 0.0000 0.0000 0.0000 0.0000 0.0000 0.0009 0.0033 0.0000 0.0000 0.0023
0.0121 0.1898 0.0037 0.1848 5.5897 0.2463 0.0582 0.0503 0.2325 0.0235 0.0217 0.0415 0.0344 0.7990 0.0889 0.0947 2.4702 4.4126 3.8018 1.2460 3.9366 0.3319 0.1188 0.0075 0.0573 0.0849 1.4905 0.2964 0.3203 0.7695 0.0835 0.2699 0.0455 0.0108 0.0101 0.0255 0.0028 0.0035 0.1158 0.1788 0.0243 0.2569 0.0711 0.0884 0.1231 1.4168 0.2453 0.1219 0.0788 0.0123 0.0084 0.0005 0.0007 0.0046 0.0269 0.0015 0.1225 0.0232 0.0062 0.0267 0.0000 0.0750 0.0001 0.0000 0.0000 0.0001 0.0000 0.0000 0.0000 0.0000
0.0000 0.0000 0.0000 0.0000 0.0000 0.0000 0.0000 0.0000 0.0000 0.0015 0.0058 0.0000 0.0000 0.0092 0.0098 0.0539 0.0873 0.5329 1.5030 1.1341 0.0493 0.1765 0.0997 0.0077 0.0058 0.0172 0.0492 0.0737 0.0269 0.4407 0.1861 0.5382 0.5512 0.4093 0.2589 18.7454 0.0494 0.0197 4.6467 2.4793 0.2201 0.8770 0.1427 0.0462 0.0364 0.1669 0.0214 0.0113 0.0070 0.0021 0.0015 0.0013 0.0040 0.0088 0.0533 0.0088 0.3496 0.0634 0.0459 0.1329 0.0400 1.0397 0.0556 0.0258 0.0387 0.0021 0.0015 0.0028 0.0100 0.0033
0.5627 5.3030 0.1410 7.5738 0.0338 1.7358 0.0108 0.0000 0.0058 0.0027 0.0000 0.0000 0.0000 0.0001 0.0036 0.0001 0.0012 0.0000 0.0000 0.0000 0.0000 0.0000 0.0000 0.0094 0.0291 0.0000 0.0000 0.0089 0.0060 0.2993 0.0203 0.1530 0.9874 0.0605 0.0948 0.6211 0.0344 0.0039 0.0766 0.0816 0.0110 1.8332 0.1609 0.1002 0.2586 1.6143 0.6843 3.5552 1.2863 0.6889 20.0964 0.8361 3.7220 3.3437 17.6495 0.8699 14.7061 0.4557 0.1868 0.2455 0.0517 0.4050 0.0087 0.0041 0.0135 0.0188 0.0286 0.0197 0.0975 0.1028
0.0244 0.0819 0.0059 0.3262 0.6393 0.3634 0.4637 0.0961 0.6400 0.0006 0.0005 0.0036 0.0022 0.0013 0.0098 0.4718 0.8327 6.8823 0.0012 1.0609 0.0004 0.0000 0.0003 0.0000 0.0000 0.0000 0.0000 0.0000 0.0001 0.0000 0.0000 0.0000 0.0000 0.0000 0.0000 0.0000 0.0000 0.0000 0.0031 0.0000 0.0000 0.0053 0.0006 0.0028 0.0014 0.0111 0.0463 0.0063 0.0045 0.0030 0.0014 0.0001 0.0003 0.0005 0.0038 0.0078 0.0445 0.0094 0.0150 0.0177 0.0226 1.3003 0.0098 0.0657 0.4722 9.4433 0.5786 0.1397 0.0872 0.0262
0.1133 0.0849 0.0035 0.0739 0.0686 0.0117 0.0024 0.0010 0.0068 0.0055 0.0087 0.0206 0.0132 0.0257 0.0140 0.0166 0.0993 0.6692 0.1223 1.1907 0.2793 0.5428 0.4416 0.0006 0.0004 0.0044 0.0093 0.0004 0.0159 10.9330 0.4786 8.5066 0.0026 0.1832 0.0025 0.0001 0.0004 0.0000 0.0000 0.0000 0.0000 0.0000 0.0004 0.0000 0.0000 0.0000 0.0000 0.0000 0.0000 0.0000 0.0000 0.0001 0.0006 0.0000 0.0000 0.0004 0.5943 0.3845 0.0986 0.3020 2.4312 4.8970 0.1776 0.3409 0.3569 0.0459 0.0406 0.0196 0.0960 1.2055
0.1378 0.7092 0.1124 1.6399 7.8707 9.9251 0.4059 1.4688 9.8412 4.2120 80.3181 44.9919 1.7443 0.9701 0.3141 0.1262 0.4259 1.1508 0.0990 0.2908 0.0109 0.0183 0.0157 0.0097 0.0126 0.0462 0.0986 0.0118 0.0301 0.4238 0.0812 0.5784 0.1396 0.1102 0.5985 0.9469 0.0750 0.0015 0.0245 0.0997 0.0099 0.0430 0.1612 2.5848 1.3310 14.8513 0.0091 1.4543 0.0093 0.0000 0.0011 0.0000 0.0000 0.0000 0.0000 0.0000 0.0306 0.0001 0.0001 0.0000 0.0000 0.0000 0.0000 0.0000 0.0000 0.0019 0.0068 0.0000 0.0000 0.0049
0.0033 0.0508 0.0013 0.0495 1.4973 0.0660 0.0156 0.0134 0.0623 0.0063 0.0058 0.0110 0.0092 0.2140 0.0134 0.0241 0.3192 0.5668 0.2537 5.5121 0.0412 0.6222 0.5062 0.1659 1.5212 5.7582 0.2987 0.0107 0.0202 0.0739 0.0080 0.0349 0.0069 0.0016 0.0022 0.0068 0.0006 0.0005 0.0175 0.0231 0.0023 0.0310 0.0068 0.0085 0.0119 0.0889 0.0139 0.0244 0.0615 0.0096 0.0065 0.0001 0.0002 0.0012 0.0072 0.0004 0.2631 0.6153 0.1647 0.7130 0.0009 1.9886 0.0006 0.0000 0.0005 0.0000 0.0000 0.0000 0.0000 0.0000
0.0010 0.0001 0.0000 0.0000 0.0000 0.0000 0.0000 0.0000 0.0000 0.0016 0.0059 0.0000 0.0000 0.0053 0.0088 0.0483 0.0781 0.4770 1.3455 1.0153 0.0441 0.1580 0.0893 0.0069 0.0058 0.0191 0.0495 0.0660 0.1228 0.8645 0.2214 1.8183 1.1937 0.5968 2.1822 6.4425 0.5105 0.0483 4.1858 2.2196 6.5407 16.5996 1.5688 0.3314 0.2613 0.8962 0.0970 0.0516 0.0222 0.0030 0.0053 0.0061 0.0182 0.0470 0.3803 0.0657 3.2524 0.4521 0.3271 1.4516 0.7575 19.6802 0.6426 0.2962 0.4436 0.0019 0.0014 0.0025 0.0090 0.0030
0.0220 0.3482 0.0074 0.4973 0.0013 0.0678 0.0004 0.0000 0.0002 0.0001 0.0000 0.0000 0.0000 0.0000 0.0001 0.0000 0.0001 0.0000 0.0000 0.0000 0.0000 0.0000 0.0000 0.0007 0.0011 0.0000 0.0000 0.0019 0.0015 0.0756 0.0039 0.0386 0.2492 0.0153 0.0239 0.1568 0.0086 0.0010 0.0474 0.0480 0.0059 0.5108 0.1388 0.0869 0.1608 1.4014 0.5218 0.1027 0.9569 0.0502 0.0345 0.0030 0.0235 0.0211 2.3725 9.7408 11.2833 0.8250 0.2708 0.3264 0.0792 0.6131 0.0181 0.0129 0.0499 0.0693 0.1047 0.0412 0.2557 0.3788
0.2865 0.7753 0.0561 4.5840 7.5108 0.9115 0.1442 0.0299 0.1990 0.0005 0.0004 0.0029 0.0017 0.0011 0.0010 0.0055 0.0096 0.0791 0.0000 0.0172 0.0000 0.0000 0.0000 0.0000 0.0000 0.0000 0.0000 0.0000 0.0000 0.0000 0.0000 0.0000 0.0000 0.0000 0.0000 0.0000 0.0000 0.0005 0.0025 0.0000 0.0000 0.0624 0.0071 0.0315 0.0118 0.1234 0.2985 0.0703 0.0508 0.0327 0.0156 0.0017 0.0073 0.0148 0.1079 0.1166 5.7054 0.5178 0.5009 1.6730 0.5808 0.5081 0.2221 0.0602 0.0520 0.0055 0.0377 0.0091 0.3583 0.6118
9.5046 4.1335 0.1693 2.7787 2.1831 0.3744 0.0530 0.0094 0.1613 0.1765 0.2792 0.7746 0.6428 0.9604 0.5225 0.8066 4.8666 13.8161 0.4592 1.2216 0.0475 0.0411 0.0332 0.0018 0.0011 0.0123 0.0259 0.0010 0.0055 0.0465 0.0033 0.0349 0.0000 0.0024 0.0002 0.0000 0.0000 0.0000 0.0000 0.0000 0.0000 0.0000 0.0000 0.0000 0.0000 0.0000 0.0000 0.0000 0.0000 0.0000 0.0000 0.0008 0.0016 0.0000 0.0000 0.0129 0.1102 0.0638 0.0125 0.0501 0.1910 0.9078 0.0329 0.0628 0.0662 0.0085 0.0321 0.0175 0.0779 0.5145
0.5478 1.1159 0.0607 3.9272 1.7479 0.0512 0.0959 0.0179 0.0446 0.0037 0.0406 0.0387 0.1683 1.2604 0.8304 3.5742 7.4992 12.8295 0.7389 2.1431 0.0320 0.0421 0.0887 0.0739 0.0956 0.4779 1.7264 0.1464 0.4663 8.3907 0.8995 1.5385 0.1705 0.0286 0.0298 0.0475 0.0037 0.0003 0.0049 0.0199 0.0020 0.0086 0.0036 0.0022 0.0011 0.0128 0.0000 0.0012 0.0001 0.0000 0.0000 0.0000 0.0000 0.0000 0.0000 0.0000 0.0002 0.0000 0.0000 0.0000 0.0000 0.0000 0.0000 0.0000 0.0000 0.0046 0.0014 0.0000 0.0000 0.0401
0.0043 0.0485 0.0006 0.0472 0.2937 0.0878 0.0208 0.0178 0.0829 0.0084 0.0332 0.0715 0.0537 0.6558 0.3524 0.2529 0.3945 3.1418 0.1304 0.0655 0.0225 0.0174 0.0053 0.0003 0.0030 0.0045 0.0667 0.0258 0.1237 2.9950 1.0128 2.5883 0.3410 0.0803 0.0422 0.1022 0.0210 0.0261 0.8673 1.5917 0.2720 2.3892 0.3075 0.3177 0.2429 0.4382 0.0314 0.0117 0.0056 0.0009 0.0006 0.0002 0.0002 0.0016 0.0096 0.0005 0.0136 0.0012 0.0003 0.0014 0.0000 0.0039 0.0000 0.0000 0.0000 0.0000 0.0000 0.0000 0.0000 0.0000
0.0000 0.0000 0.0000 0.0000 0.0000 0.0000 0.0000 0.0000 0.0000 0.0038 0.0012 0.0000 0.0000 0.0411 0.0026 0.0104 0.0108 0.1030 0.0381 0.3060 0.0134 0.0476 0.0269 0.0021 0.0068 0.0226 0.0581 0.0461 0.1441 0.9416 0.0222 0.2865 0.0272 0.0015 0.0136 0.0260 0.0006 0.0001 0.0168 0.0090 0.0047 0.1848 0.0844 0.1539 0.3490 2.8242 0.2150 0.1129 0.0273 0.0065 0.0116 0.0133 0.0399 0.1232 0.5436 0.1224 1.3769 0.2061 0.0819 0.0570 0.0079 0.0434 0.0010 0.0005 0.0007 0.0006 0.0004 0.0007 0.0027 0.0009
0.0171 0.0263 0.0007 0.0375 0.0002 0.0086 0.0002 0.0000 0.0000 0.0010 0.0000 0.0000 0.0000 0.0000 0.0001 0.0000 0.0001 0.0000 0.0000 0.0000 0.0000 0.0000 0.0000 0.0419 0.0108 0.0000 0.0000 0.1231 0.0253 0.5338 0.0192 0.2712 0.2293 0.2560 0.3991 2.6297 0.1447 0.0203 2.0949 2.4949 0.3054 19.7256 5.3607 1.4055 0.2411 3.2774 0.1997 0.0285 0.1033 0.0227 0.0037 0.0005 0.0106 0.0096 0.2560 0.1438 10.1927 2.1298 2.5106 7.0097 12.3506 77.5124 0.8023 0.5698 2.2092 2.8459 4.3020 1.9271 3.0925 8.1361
2.1602 5.9928 0.2337 1.4097 1.2925 0.1568 0.0248 0.0051 0.0342 0.0246 0.0186 0.1108 0.0675 0.0409 0.0062 0.0033 0.0074 0.0489 0.0000 0.0179 0.0001 0.0000 0.0000 0.0002 0.0000 0.0000 0.0000 0.0000 0.0000 0.0000 0.0000 0.0000 0.0000 0.0000 0.0000 0.0000 0.0000 0.0394 0.1172 0.0000 0.0000 4.7107 0.0333 0.0618 0.0162 0.2421 0.1322 0.3293 0.2365 0.1534 0.0731 0.0153 0.1399 0.2858 2.0799 1.0392 70.9570 1.9312 0.1732 0.9026 0.1070 0.2250 0.0412 0.0268 0.0096 0.0016 0.0167 0.0040 0.0660 0.2237
0.0904 0.4508 0.0531 1.8399 9.8690 3.7780 0.1759 0.0562 0.9685 0.9543 1.0359 1.7532 0.4757 2.3123 0.1912 0.1869 0.6042 0.4435 0.0382 0.0788 0.0023 0.0020 0.0016 0.0014 0.0009 0.0051 0.0107 0.0004 0.0004 0.0018 0.0001 0.0014 0.0000 0.0001 0.0000 0.0000 0.0000 0.0000 0.0000 0.0000 0.0000 0.0000 0.0000 0.0000 0.0000 0.0000 0.0000 0.0000 0.0000 0.0000 0.0000 0.0046 0.0013 0.0000 0.0000 0.0389 0.0599 0.0081 0.0011 0.0064 0.0067 0.2470 0.0179 0.0396 0.0864 0.0247 0.2577 0.0623 0.2768 0.1080
12.6830 8.3949 0.0748 4.8659 2.1657 0.1435 0.1181 0.0501 0.0549 0.0102 0.1138 0.1084 0.2085 1.7780 1.0289 1.0372 9.9451 42.1823 17.1065 80.8256 66.8393 26.3966 55.2576 14.7697 8.8318 10.2751 10.3342 6.4440 3.0999 8.5318 1.1283 1.3405 0.6665 0.1124 0.1173 0.1855 0.0147 0.0720 1.1416 0.8661 0.2066 1.3829 0.0142 0.0062 0.0032 0.0356 0.0000 0.0035 0.0002 0.0000 0.0000 0.0008 0.0000 0.0000 0.0001 0.0001 0.0010 0.0000 0.0000 0.0000 0.0000 0.0000 0.0000 0.0000 0.0000 2.7376 0.3188 0.0000 0.0000 2.6718
0.0071 0.0229 0.0005 0.0223 0.0883 0.0710 0.0341 0.0337 0.4954 0.0986 1.2200 1.0273 0.2510 0.2302 0.1252 0.0313 0.0398 0.1839 0.0151 0.0197 0.0024 0.0052 0.0004 0.0001 0.0009 0.0013 0.0039 0.0039 0.0072 0.1188 0.0364 0.2499 0.2332 0.0894 0.7908 12.1471 0.3930 0.1648 2.4407 1.0047 0.0481 3.2840 0.1373 0.0334 0.0321 0.0403 0.0130 0.0049 0.0023 0.0004 0.0002 0.0020 0.0028 0.0027 0.0577 0.0048 0.0058 0.0004 0.0001 0.0004 0.0000 0.0012 0.0000 0.0000 0.0000 0.0002 0.0000 0.0000 0.0000 0.0000
0.0000 0.0000 0.0000 0.0000 0.0000 0.0000 0.0000 0.0000 0.0000 1.3392 0.0709 0.0000 0.0000 0.4252 0.0122 0.0142 0.0164 0.1396 0.0516 0.7098 0.0620 0.2543 0.2997 0.0517 0.4622 0.6843 1.7707 0.0877 0.3577 0.8080 0.0192 0.2458 0.0233 0.0020 0.0117 0.0353 0.0005 0.0001 0.0228 0.0122 0.0041 0.4449 0.0724 0.1057 0.2353 1.7041 1.0272 0.8790 3.5590 0.8539 2.0290 0.5588 0.7693 0.5465 1.5459 1.3220 9.9511 0.3532 0.1764 0.0852 0.0529 0.2933 0.0071 0.0033 0.0049 0.0140 0.0101 0.0035 0.0301 0.0153
0.0009 0.0013 0.0000 0.0019 0.0000 0.0004 0.0000 0.0000 0.0000 0.0004 0.0000 0.0000 0.0000 0.0000 0.0000 0.0000 0.0000 0.0000 0.0000 0.0000 0.0000 0.0000 0.0000 0.1893 0.0098 0.0000 0.0000 0.0673 0.0026 0.0561 0.0020 0.0287 0.0241 0.0269 0.0419 0.2869 0.0317 0.0118 3.4825 1.0397 0.1273 2.0862 0.6495 0.1477 0.0253 0.3445 0.0211 0.0030 0.0109 0.0024 0.0004 0.0001 0.0011 0.0010 0.0272 0.0368 1.0780 0.2295 0.2655 0.7368 0.7775 9.8061 0.7147 0.5333 1.9680 5.9457 3.5149 0.3598 0.6256 3.2672
10.0242 8.6002 0.4320 2.5741 8.0177 0.7278 0.1151 0.0240 0.1589 0.1309 0.1248 0.1354 0.1721 0.1618 0.0076 0.0041 0.0091 0.0597 0.0000 0.0219 0.0001 0.0000 0.0000 0.0006 0.0000 0.0000 0.0000 0.0000 0.0000 0.0000 0.0000 0.0000 0.0000 0.0000 0.0000 0.0000 0.0000 0.8254 0.7876 0.0000 0.0000 21.8594 0.0782 0.1453 0.0382 0.5694 0.3109 0.7745 0.5563 0.3608 0.1720 0.0546 1.4491 0.7606 5.5356 2.4444 119.5694 4.5707 0.4075 2.1363 0.2516 0.5292 0.0968 0.0631 0.0230 0.0037 0.0393 0.0095 0.1572 1.2883
0.0852 0.4381 0.0507 1.7553 6.3411 1.3089 0.4187 0.1354 2.2910 4.6214 9.1329 2.9708 0.8681 8.3762 0.6926 0.2094 0.8666 0.6361 0.1837 0.2872 0.0084 0.0072 0.0058 0.0016 0.0013 0.0048 0.0101 0.0006 0.0004 0.0017 0.0001 0.0013 0.0000 0.0001 0.0000 0.0000 0.0000 0.0000 0.0000 0.0000 0.0000 0.0000 0.0000 0.0000 0.0000 0.0000 0.0000 0.0000 0.0000 0.0000 0.0000 0.0212 0.0018 0.0000 0.0000 0.1418 0.1127 0.0347 0.0044 0.0273 0.0288 0.9284 0.0337 0.0646 0.0677 0.0087 0.0697 0.0199 0.0885 0.5844
0.4700 0.5770 0.0051 0.3344 0.1489 0.0058 0.0081 0.0020 0.0038 0.0004 0.0046 0.0044 0.0142 0.1230 0.0707 0.1487 1.4522 6.1218 1.3059 3.7879 0.0986 0.1298 0.2734 0.2263 0.2947 1.9209 1.5757 0.4348 0.2092 1.2230 0.1263 0.1501 0.0453 0.0076 0.0079 0.0125 0.0010 0.0002 0.0038 0.0154 0.0015 0.0066 0.0006 0.0002 0.0001 0.0014 0.0000 0.0001 0.0000 0.0000 0.0000 0.0000 0.0000 0.0000 0.0000 0.0000 0.0000 0.0000 0.0000 0.0000 0.0000 0.0000 0.0000 0.0000 0.0000 0.0142 0.0011 0.0000 0.0000 0.1192
0.0040 0.0446 0.0006 0.0434 0.2538 0.0807 0.0192 0.0165 0.0762 0.0077 0.0677 0.0703 0.0529 0.6493 0.3489 0.2340 0.3431 2.7323 0.1127 0.0566 0.0195 0.0151 0.0046 0.0003 0.0026 0.0039 0.0576 0.0404 0.1069 2.6046 0.8078 2.3943 0.6955 0.1637 0.1646 0.4013 0.0818 0.1017 3.3837 6.4840 1.2081 9.7926 1.2604 0.7286 0.5469 0.6853 0.1186 0.0444 0.0215 0.0033 0.0023 0.0002 0.0002 0.0015 0.0089 0.0005 0.0118 0.0010 0.0003 0.0012 0.0000 0.0034 0.0000 0.0000 0.0000 0.0000 0.0000 0.0000 0.0000 0.0000
0.0000 0.0000 0.0000 0.0000 0.0000 0.0000 0.0000 0.0000 0.0000 0.0105 0.0008 0.0000 0.0000 0.1168 0.0013 0.0029 0.0033 0.0291 0.0107 0.1468 0.0064 0.0228 0.0130 0.0017 0.0147 0.0227 0.0588 0.0246 0.0768 0.2655 0.0067 0.0808 0.0082 0.0004 0.0041 0.0073 0.0002 0.0000 0.0047 0.0025 0.0019 0.2029 0.0255 0.0482 0.1028 0.6576 0.2359 0.1239 0.1140 0.0272 0.0483 0.0558 0.1661 0.2386 0.7048 0.9061 4.5091 0.1601 0.0804 0.0386 0.0241 0.1329 0.0032 0.0015 0.0022 0.0005 0.0003 0.0004 0.0013 0.0005
0.0007 0.0010 0.0000 0.0015 0.0000 0.0003 0.0000 0.0000 0.0000 0.0001 0.0000 0.0000 0.0000 0.0000 0.0000 0.0000 0.0000 0.0000 0.0000 0.0000 0.0000 0.0000 0.0000 0.0241 0.0012 0.0000 0.0000 0.0765 0.0009 0.0280 0.0015 0.0143 0.0438 0.0092 0.0144 0.0948 0.0052 0.0010 0.2281 0.1271 0.0156 0.7108 0.1944 0.0820 0.0723 0.7395 0.0599 0.0054 0.0310 0.0043 0.0015 0.0001 0.0020 0.0018 0.1001 0.1352 3.0557 0.8431 0.4344 0.5235 0.2430 1.8695 0.0873 0.0616 0.2405 0.3316 0.5044 0.1936 1.0753 1.8133
1.7288 1.3028 0.0650 0.3899 0.9085 0.1103 0.0174 0.0036 0.0241 0.0006 0.0004 0.0019 0.0012 0.0008 0.0004 0.0003 0.0007 0.0044 0.0000 0.0016 0.0000 0.0000 0.0000 0.0000 0.0000 0.0000 0.0000 0.0000 0.0000 0.0000 0.0000 0.0000 0.0000 0.0000 0.0000 0.0000 0.0000 0.0022 0.0028 0.0000 0.0000 0.3307 0.0010 0.0039 0.0015 0.0155 0.0306 0.0097 0.0070 0.0045 0.0022 0.0002 0.0023 0.0036 0.0265 0.0289 1.4129 0.1140 0.0629 0.2968 0.0388 0.0520 0.0149 0.0062 0.0035 0.0004 0.0039 0.0009 0.0240 0.1592
0.3485 2.9755 0.0994 1.4779 1.9750 0.3346 0.0313 0.0099 0.1713 0.1863 0.2966 0.9543 1.0015 1.3143 0.7194 1.7870 4.5973 3.3744 0.2339 0.4860 0.0141 0.0122 0.0099 0.0002 0.0001 0.0016 0.0033 0.0001 0.0006 0.0045 0.0003 0.0034 0.0000 0.0002 0.0000 0.0000 0.0000 0.0000 0.0000 0.0000 0.0000 0.0000 0.0000 0.0000 0.0000 0.0000 0.0000 0.0000 0.0000 0.0000 0.0000 0.0009 0.0002 0.0000 0.0000 0.0147 0.0245 0.0159 0.0031 0.0124 0.0472 0.2021 0.0073 0.0140 0.0147 0.0019 0.0071 0.0024 0.0107 0.0707
0.1677 0.3481 0.0334 1.3859 0.9623 0.0282 0.0528 0.0099 0.0246 0.0020 0.0225 0.0213 0.0926 1.1374 0.4600 0.7696 2.0929 3.8086 0.4660 1.3516 0.0298 0.0392 0.0826 0.0688 0.0890 0.3475 1.2551 0.1363 0.4340 6.0998 1.6824 1.3884 0.2215 0.0371 0.0387 0.0617 0.0049 0.0002 0.0024 0.0099 0.0010 0.0043 0.0020 0.0012 0.0006 0.0070 0.0000 0.0007 0.0000 0.0000 0.0000 0.0000 0.0000 0.0000 0.0000 0.0000 0.0001 0.0000 0.0000 0.0000 0.0000 0.0000 0.0000 0.0000 0.0000 0.0047 0.0007 0.0000 0.0000 0.0374
0.0105 0.1644 0.0032 0.1601 4.8416 0.2134 0.0504 0.0435 0.2013 0.0203 0.0389 0.0838 0.0630 0.7687 0.4131 0.3193 2.5593 12.9849 3.2931 1.0793 0.5686 0.2875 0.1342 0.0085 0.0497 0.0735 1.6838 1.9837 1.3238 7.5054 0.6522 1.9210 0.3758 0.0879 0.0695 0.1683 0.0345 0.0427 1.4281 2.0095 0.3434 4.1075 1.1372 1.4139 1.9683 49.3249 1.6513 0.6176 0.2969 0.0465 0.0317 0.0004 0.0006 0.0040 0.0234 0.0013 0.1061 0.0201 0.0054 0.0233 0.0000 0.0649 0.0001 0.0000 0.0000 0.0001 0.0000 0.0000 0.0000 0.0000
0.0000 0.0000 0.0000 0.0000 0.0000 0.0000 0.0000 0.0000 0.0000 0.0034 0.0014 0.0000 0.0000 0.0346 0.0004 0.0021 0.0034 0.0207 0.0583 0.0440 0.0019 0.0068 0.0039 0.0003 0.0032 0.0034 0.0089 0.0037 0.0117 0.0699 0.0179 0.1470 0.0853 0.0117 0.1512 0.1266 0.0100 0.0009 0.0818 0.0436 0.0819 8.8843 0.1121 0.0819 0.0517 0.1607 0.0358 0.0188 0.0173 0.0042 0.0073 0.0112 0.0335 0.0365 0.3295 0.0916 4.5344 0.2622 0.1909 0.5994 2.4014 5.8576 0.1422 0.0655 0.0988 0.0001 0.0001 0.0001 0.0004 0.0001
0.0861 1.3715 0.0290 1.9588 0.0052 0.2656 0.0017 0.0000 0.0009 0.0009 0.0000 0.0000 0.0000 0.0000 0.0006 0.0000 0.0002 0.0000 0.0000 0.0000 0.0000 0.0000 0.0000 0.2693 0.0097 0.0000 0.0000 0.5337 0.0310 1.5578 0.0806 0.7964 5.1390 0.3146 0.4935 3.2324 0.1779 0.0205 1.8561 1.0341 0.1266 9.5408 1.5819 0.9548 1.7769 15.3904 6.5240 7.3260 12.2634 3.5853 2.4464 0.2149 1.6680 1.4985 168.2674 48.5192 141.0746 11.6715 3.8306 4.5887 1.9895 15.3094 0.7108 0.5048 1.9695 2.7155 4.1303 1.5854 8.7512 14.8495
0.7946 1.1105 0.0803 3.1288 20.8332 20.5199 2.2133 0.4587 3.0358 0.0008 0.0006 0.0041 0.0025 0.0015 0.0049 0.0272 0.0480 0.3943 0.0001 0.0859 0.0001 0.0000 0.0000 0.0000 0.0000 0.0000 0.0000 0.0000 0.0000 0.0000 0.0000 0.0000 0.0000 0.0000 0.0000 0.0000 0.0000 0.0013 0.0036 0.0000 0.0000 0.1730 0.0013 0.0057 0.0028 0.0222 0.0924 0.0126 0.0091 0.0059 0.0028 0.0003 0.0011 0.0010 0.0076 0.0156 0.2752 0.0250 0.0300 0.0807 0.0661 4.5572 0.0925 0.1312 0.7188 0.0759 0.1927 0.0466 0.8207 1.0744
0.1265 0.1892 0.0062 0.0922 0.1502 0.0253 0.0077 0.0024 0.0421 0.0458 0.0730 0.1105 0.1031 0.3232 0.1769 0.0871 0.5224 2.4917 1.5475 17.7948 6.3526 3.7023 2.9937 0.0002 0.0001 0.0010 0.0022 0.0001 0.0038 0.2963 0.0167 0.2235 0.0001 0.0064 0.0002 0.0000 0.0000 0.0000 0.0000 0.0000 0.0000 0.0000 0.0001 0.0000 0.0000 0.0000 0.0000 0.0000 0.0000 0.0000 0.0000 0.0002 0.0001 0.0000 0.0000 0.0036 0.0066 0.0042 0.0011 0.0033 0.0269 0.0542 0.0020 0.0038 0.0039 0.0005 0.0009 0.0002 0.0011 0.0134
0.0110 0.0241 0.0029 0.0966 0.2973 0.4484 0.0593 0.0381 0.9159 0.1724 0.2028 0.1932 0.5759 1.3931 0.0599 0.0315 0.0853 0.1561 0.0236 0.0683 0.0038 0.0050 0.0105 0.0088 0.0114 0.0267 0.0864 0.0175 0.0554 0.2485 0.0476 0.3698 0.5222 0.4872 4.2300 44.0277 2.1284 0.0000 0.0006 0.0026 0.0002 0.0011 0.0041 0.0821 0.0395 0.4328 0.0001 0.0088 0.0001 0.0000 0.0000 0.0000 0.0000 0.0000 0.0000 0.0000 0.0004 0.0000 0.0000 0.0000 0.0000 0.0000 0.0000 0.0000 0.0000 0.0006 0.0002 0.0000 0.0000 0.0048
0.0012 0.0192 0.0005 0.0187 0.5659 0.0249 0.0059 0.0051 0.0235 0.0024 0.0047 0.0046 0.0035 0.0809 0.0157 0.0121 0.1206 0.4931 0.1415 3.6546 0.0888 0.2352 0.6957 0.0996 0.0959 0.1410 1.4470 0.2276 0.0565 0.2713 0.0236 0.0694 0.0241 0.0056 0.0113 0.0275 0.0056 0.0070 0.2330 0.1976 0.0300 0.6701 0.1855 0.0736 0.1024 0.8340 0.7652 1.5837 6.3336 3.9829 6.3344 0.0001 0.0001 0.0005 0.0027 0.0001 0.1001 0.2869 0.0717 0.3049 0.0001 0.1760 0.0001 0.0000 0.0000 0.0000 0.0000 0.0000 0.0000 0.0000
0.0005 0.0000 0.0000 0.0000 0.0000 0.0000 0.0000 0.0000 0.0000 0.0186 0.0056 0.0000 0.0000 0.1864 0.4409 0.1555 0.9799 1.5376 0.4579 6.2980 0.5567 2.2846 4.0981 11.8123 1.3830 3.2137 1.1665 0.4095 0.1887 1.4388 0.1197 0.3549 0.1669 0.0178 0.0789 0.3133 0.0021 0.0009 0.2023 0.1073 0.0096 0.1305 0.0753 0.0332 0.0753 0.5450 0.1445 0.1236 0.4185 0.1718 0.0921 0.0389 0.0516 0.0430 0.1172 0.0838 0.6309 0.0445 0.0295 0.0402 0.0038 0.0450 0.0024 0.0011 0.0017 186.9531 48.0068 0.1245 1.8931 58.1987
0.0179 0.0071 0.0002 0.0102 0.0000 0.0023 0.0002 0.0000 0.0000 0.2004 0.0000 0.0001 0.0056 0.0341 0.0002 0.0000 0.0010 0.0001 0.0000 0.0000 0.0000 0.0000 0.0000 0.0320 0.2142 0.0000 0.0000 0.0026 0.0418 0.2031 0.0275 0.1038 0.0878 0.0980 0.3108 2.3466 0.4100 2.2167 6.7139 4.4467 0.0764 2.9534 0.1183 0.0798 0.0482 0.1508 0.0461 0.0109 0.0223 0.0087 0.0005 0.0002 0.0041 0.0037 0.0193 0.0033 0.3402 0.0219 0.0257 0.0719 0.0368 0.4646 0.0794 0.0965 0.1136 0.0728 0.0490 0.0086 0.0144 0.0628
0.0007 0.0012 0.0001 0.0014 0.0005 0.0001 0.0000 0.0000 0.0001 1.9091 8.6856 0.0078 0.0227 1.7758 0.0002 0.0001 0.0001 0.0008 0.0000 0.0003 0.0000 0.0000 0.0000 0.0013 0.0000 0.0000 0.0009 0.0004 0.0000 0.0000 0.0000 0.0000 0.0000 0.0000 0.0000 0.0000 0.0000 0.0005 0.0857 0.0000 0.0000 0.0016 2.2790 0.0773 0.0453 0.3030 0.0180 0.0666 0.1933 0.0425 0.0203 0.0025 0.0038 0.0068 0.0542 0.0557 0.3178 0.0395 0.0124 0.0149 0.0088 0.0308 0.0032 0.0037 0.0005 0.0002 0.0023 0.0006 0.0018 0.0018
0.0287 0.0448 0.0053 0.1827 0.2866 0.0492 0.0200 0.0082 0.0572 0.0232 0.0367 0.0761 0.0214 0.1003 0.0083 0.0086 0.0472 0.0977 0.0033 0.0143 0.0009 0.0008 0.0006 0.0217 0.0071 16.6971 1.4107 0.0198 0.0186 0.0067 0.0005 0.0050 0.0000 0.0003 0.0006 0.0000 0.0000 0.0017 0.0000 0.0000 0.0000 0.0002 0.0002 0.0000 0.0000 0.0000 0.0000 0.0000 0.0000 0.0000 0.0000 0.0007 0.0048 0.0000 0.0000 0.0017 10.4040 0.4336 0.3847 0.3405 0.0645 2.3693 0.3242 0.3845 1.2775 0.2053 0.1452 0.0700 0.1218 0.5832
0.3257 0.9790 0.0308 0.4600 1.0200 0.0779 0.0523 0.0272 0.0156 0.0055 0.0618 0.0589 0.0321 0.0614 0.0701 0.0383 0.3745 1.5886 0.2339 0.6827 0.1236 0.3190 0.1781 0.0476 0.0295 0.0952 0.0923 0.0279 0.0134 0.1272 0.0222 0.0745 0.0057 0.0020 0.0047 0.0074 0.0006 0.1241 1.1782 8.5196 15.3170 6.7269 0.1564 0.0034 0.0017 0.0193 0.0000 0.0019 0.0021 0.0000 0.0000 0.0182 0.0000 0.0000 0.0005 0.0003 0.0200 0.0000 0.0004 0.0000 0.0000 0.0000 0.0000 0.0000 0.0000 0.0331 0.1195 0.0000 0.0000 0.0116
0.1166 0.1174 0.0099 0.1136 0.2269 0.1834 0.0882 0.0872 1.2805 1.6054 0.2506 0.4652 0.1042 0.5949 0.0373 0.0395 0.1028 0.1870 0.0387 0.0509 0.0063 0.0135 0.0009 0.0002 0.0023 0.0034 0.0065 0.0008 0.0053 0.0266 0.0083 0.0570 0.0191 0.0046 0.0455 0.2161 0.0118 0.0047 0.0721 0.0564 0.0026 0.0988 0.0041 0.0030 0.0038 0.0135 0.0007 0.0005 0.0006 0.0001 0.0001 1.1049 1.2953 0.0438 1.3359 31.6956 0.1020 0.0009 0.0002 0.0011 0.0000 0.0031 0.0001 0.0000 0.0000 0.0597 0.0000 0.0000 0.0027 0.0091
0.0001 0.0000 0.0000 0.0000 0.0000 0.0000 0.0000 0.0000 0.0000 0.0068 0.0349 0.0000 0.0000 0.0023 0.0358 0.3340 4.4151 3.3012 0.1337 0.3029 0.0180 0.0469 0.0266 0.0023 0.0015 0.0046 0.0131 0.0197 0.0072 0.1177 0.0352 0.1011 0.0490 0.0420 0.0232 0.3146 0.0051 0.0020 0.4794 0.2542 0.0096 0.0383 0.0220 0.0087 0.0069 0.0446 0.0057 0.0030 0.0019 0.0006 0.0004 0.0004 0.0010 0.0024 0.0100 0.0023 0.0657 0.0119 0.0087 0.0118 0.0017 0.0452 0.0057 0.0026 0.0040 0.0022 0.0008 0.0101 0.0539 0.0060
51.0563 0.0888 0.0024 0.1268 0.0009 0.0291 0.0281 0.0001 0.0004 0.0094 0.0000 0.0001 0.0000 0.0001 0.0448 0.0012 0.0152 0.0005 0.0000 0.0002 0.0000 0.0000 0.0000 0.0004 0.0013 0.0000 0.0000 0.0004 0.0024 0.1191 0.0081 0.0609 0.3930 0.0241 0.0375 0.2472 0.0136 0.0016 0.0305 0.0325 0.0044 0.7251 0.0230 0.0335 0.1023 0.3119 0.2063 0.8065 0.1002 0.2725 0.5548 0.3247 1.8050 1.6216 1.0288 0.0507 0.8841 0.0417 0.0170 0.0302 0.0074 0.0582 0.0018 0.0016 0.0026 0.0027 0.0041 0.0024 0.0089 0.0090
0.0045 0.0198 0.0014 0.0514 0.0990 0.0559 0.0713 0.0420 0.2779 0.0007 0.0005 0.0037 0.0023 0.0014 0.0103 11.1435 4.6349 51.5276 0.0049 4.2829 0.0016 0.0000 0.0013 0.0000 0.0000 0.0000 0.0000 0.0000 0.0003 0.0001 0.0000 0.0000 0.0000 0.0000 0.0000 0.0000 0.0000 0.0000 0.0032 0.0000 0.0000 0.0019 0.0007 0.0031 0.0025 0.0123 0.0510 0.0070 0.0050 0.0033 0.0015 0.0002 0.0003 0.0005 0.0042 0.0086 0.0491 0.0105 0.0166 0.0195 0.0249 1.4348 0.0090 0.0725 0.2576 0.1406 0.6423 0.1542 0.0476 0.0143
