0.3265 0.3105 0.0000 0.3354 0.3154 0.2583 0.2288 0.2001 0.3295 0.2551 0.2476 0.2360 0.2070 0.3194 0.1871 0.2279 0.2447 0.3233 0.2421 0.2618 0.1583 0.2080 0.1261 0.1348 0.1636 0.1758 0.1493 0.1346 0.1900 0.2489 0.1502 0.2443 0.1967 0.1841 0.1677 0.1514 0.1604 0.1093 0.2194 0.2018 0.1575 0.1917 0.1109 0.1538 0.1880 0.2395 0.1325 0.0992 0.1250 0.0842 0.0912 0.1432 0.1447 0.3026 0.3452 0.1783 0.3216 0.1400 0.0926 0.1253 0.0590 0.1911 0.1099 0.0579 0.0473 0.1655 0.0380 0.0540 0.0821 0.0733
0.2509 0.2346 0.0000 0.2287 0.1705 0.1242 0.0472 0.0445 0.1413 0.6190 0.7339 0.0966 0.0343 0.5844 0.7942 1.4784 1.2068 2.1058 1.1307 1.4829 0.7828 1.0989 0.8731 0.7934 0.6975 0.8198 0.7352 0.9151 0.8874 1.3564 0.7206 1.0475 0.8842 0.7458 0.7248 0.6741 0.5180 0.3462 0.8960 0.7451 0.6340 0.6872 0.5580 0.7024 0.8992 1.2550 0.7862 0.5583 0.6559 0.4818 0.5258 0.4920 0.5941 0.5800 0.8860 0.6360 1.1051 0.7734 0.5826 0.6784 0.5635 0.9192 0.5497 0.4832 0.4147 0.6431 0.6130 0.8035 1.0438 0.6049
0.0383 0.0364 0.0000 0.0414 0.0226 0.0287 0.0230 0.0115 0.0189 0.0336 0.0113 0.0156 0.0128 0.0163 0.0206 0.0155 0.0237 0.0207 0.0101 0.0139 0.0038 0.0050 0.0076 0.0315 0.0332 0.0071 0.0026 0.0269 0.0487 0.0810 0.0632 0.0661 0.0451 0.0463 0.0409 0.0371 0.0396 0.0232 0.0421 0.0384 0.0325 0.0487 0.0271 0.0400 0.0491 0.0613 0.0431 0.0286 0.0378 0.0287 0.0235 0.0197 0.0306 0.0266 0.0406 0.0278 0.0646 0.0390 0.0287 0.0366 0.0348 0.0538 0.0301 0.0305 0.0249 0.0328 0.0354 0.0298 0.0393 0.0320
0.6293 1.0291 0.0000 1.1460 1.0512 0.7054 0.5692 0.4757 0.8209 1.1069 0.9843 1.3889 1.2628 1.1559 1.2698 0.7440 0.8335 1.2188 0.5194 1.0944 0.7379 0.5166 0.4095 0.9318 0.2597 0.4753 0.3979 0.3738 0.7753 0.6485 0.5069 0.4890 0.2638 0.2826 0.1230 0.1145 0.2227 0.4184 0.9401 0.1995 0.0730 0.6693 0.8795 1.7074 1.5774 3.0605 1.3125 1.0185 1.2188 0.9878 1.0209 0.7297 0.8213 0.7809 1.3025 1.2320 1.9668 1.4043 0.9906 1.1317 1.1948 1.6650 1.0846 1.0722 0.6711 0.7936 1.1033 0.8350 1.1407 0.8759
1.2702 1.7916 0.0000 2.2620 2.3467 1.4950 1.0855 0.9897 1.7204 1.7134 1.8150 1.7787 1.4310 1.8326 1.1689 1.4945 1.7877 2.4017 1.4195 1.7973 0.9978 1.1654 0.9698 1.3572 1.1290 2.1034 1.6988 1.1553 1.9310 1.6812 0.8371 1.4416 0.5694 1.0641 0.9770 0.4843 0.4861 0.6446 0.4108 0.5423 0.4544 0.5135 0.6184 0.5324 0.8384 0.6942 0.3187 0.2588 0.1591 0.1208 0.2410 0.7838 1.0586 0.1823 0.1230 0.9806 2.6132 2.1564 1.3699 1.8349 3.0384 3.5146 1.9984 2.1112 1.7301 1.7421 1.7535 1.4514 2.0935 2.2204
0.4276 0.7140 0.0000 0.8627 1.1080 0.6357 0.5390 0.5070 0.6376 0.5700 0.7780 0.6779 0.5640 0.6890 0.5479 0.5885 0.6535 0.9080 0.6070 0.7290 0.3775 0.4803 0.4029 0.4794 0.4518 0.5461 0.4717 0.4234 0.5281 0.7912 0.4481 0.7326 0.4865 0.4800 0.4286 0.3541 0.3735 0.2445 0.4458 0.4826 0.4163 0.3892 0.3075 0.4513 0.4908 0.7257 0.2278 0.3387 0.2535 0.1024 0.1632 0.1831 0.0675 0.0875 0.1512 0.1204 0.3611 0.1490 0.1408 0.1066 0.0745 0.1318 0.0385 0.0381 0.0603 0.3619 0.4371 0.0493 0.0292 0.3418
0.1338 0.2192 0.0000 0.2368 0.2964 0.2723 0.1796 0.1716 0.2824 0.2150 0.2125 0.2025 0.1779 0.3001 0.1760 0.2142 0.2300 0.3038 0.2275 0.2461 0.1488 0.1955 0.1186 0.1267 0.1537 0.1652 0.1403 0.1265 0.1786 0.2339 0.1412 0.2296 0.1849 0.1732 0.1441 0.1298 0.1379 0.1027 0.2062 0.1898 0.1480 0.1802 0.1042 0.1445 0.1767 0.2251 0.1246 0.0932 0.1175 0.0791 0.0857 0.1027 0.1126 0.1339 0.2039 0.1204 0.2154 0.1316 0.0871 0.1177 0.0555 0.1796 0.0736 0.0388 0.0425 0.0977 0.0255 0.0362 0.0544 0.0485
0.0212 0.0198 0.0000 0.0193 0.0144 0.0105 0.0040 0.0037 0.0119 0.0670 0.0794 0.0082 0.0029 0.0693 0.0715 0.0764 0.0807 0.1191 0.0961 0.1483 0.1042 0.1145 0.0909 0.0827 0.0726 0.0854 0.0765 0.0870 0.0844 0.1203 0.0612 0.0893 0.0751 0.0634 0.0616 0.0573 0.0440 0.0294 0.0761 0.0633 0.0539 0.0584 0.0474 0.0605 0.0798 0.1113 0.0747 0.0531 0.0682 0.0502 0.0547 0.0467 0.0564 0.0542 0.0786 0.0604 0.1000 0.0665 0.0495 0.0576 0.0479 0.0781 0.0467 0.0411 0.0352 0.0651 0.0639 0.0723 0.0944 0.0577
0.3691 0.5058 0.0000 0.5742 0.2988 0.3981 0.2213 0.1109 0.2346 0.4841 0.1087 0.1778 0.1712 0.2430 0.2046 0.1496 0.2411 0.2105 0.1011 0.1388 0.0376 0.0495 0.0759 0.5356 0.5646 0.0680 0.0247 0.4172 0.7364 1.0600 0.4838 0.8643 0.7840 0.8968 0.8340 0.8886 0.8494 0.4831 0.9043 0.8232 0.7378 0.9915 0.5534 0.7691 0.8541 1.0701 0.7503 0.4802 0.6578 0.4993 0.3938 0.3311 0.5147 0.4471 0.7064 0.4837 1.1244 0.6880 0.5515 0.7048 0.7098 1.0974 0.6824 0.6545 0.5654 0.6718 0.7220 0.6038 0.7573 0.6529
0.4983 0.7743 0.0000 0.8520 0.7809 0.5244 0.4085 0.3414 0.5892 0.8382 0.8067 0.8977 0.7718 0.8132 0.4784 0.5340 0.5616 0.8755 0.2935 0.7374 0.2805 0.1962 0.2087 0.4838 0.0986 0.1909 0.2074 0.2172 0.2767 0.2444 0.1773 0.1709 0.0936 0.1003 0.0437 0.0407 0.0790 0.3836 0.8617 0.0758 0.0275 0.5834 0.5063 0.7104 0.7513 1.0861 0.8203 0.7120 0.9341 0.7711 0.9639 0.6615 0.7445 0.7073 1.0323 0.8612 1.3760 0.9164 0.6192 0.7096 0.7468 1.0407 0.6779 0.6702 0.4195 0.4960 0.6896 0.5219 0.7130 0.5475
0.5788 0.8276 0.0000 1.0763 1.1970 0.7626 0.6784 0.6536 1.0743 0.9605 0.9258 0.8922 0.6809 0.9341 0.5674 0.6893 0.8147 1.0945 0.6469 0.8190 0.4547 0.5307 0.4420 0.8722 0.7462 0.8828 0.8990 0.6987 0.5858 0.7661 0.3815 0.6570 0.2475 0.4849 0.2964 0.1468 0.1978 0.3331 0.1246 0.2169 0.2359 0.2972 0.2101 0.1644 0.2923 0.2421 0.1088 0.0884 0.0543 0.0412 0.0824 0.5180 0.6997 0.0553 0.0380 0.4998 1.0370 0.6858 0.4545 0.5835 0.6615 1.2511 0.7799 0.8385 0.7979 1.4242 1.0462 0.8142 0.8992 0.7904
0.3767 0.5691 0.0000 0.5590 0.6497 0.3730 0.3160 0.2973 0.3738 0.3345 0.4565 0.3974 0.3309 0.4043 0.3447 0.3856 0.4913 0.7237 0.5321 0.6796 0.4381 0.5802 0.4680 0.5240 0.4443 0.4585 0.3575 0.3881 0.3901 0.5172 0.2897 0.4296 0.2853 0.2817 0.2515 0.2078 0.2190 0.4324 0.8121 0.4594 0.4743 0.5966 0.2108 0.2648 0.2880 0.4255 0.1336 0.1987 0.1722 0.0696 0.0958 0.2170 0.0459 0.0855 0.2690 0.2142 0.2774 0.1041 0.1126 0.0853 0.0575 0.1018 0.0297 0.0294 0.0466 0.4690 0.6260 0.0335 0.0204 0.3133
0.2541 0.3993 0.0000 0.4314 0.5405 0.4205 0.3412 0.3490 0.6673 0.6572 0.9320 0.7209 0.4853 0.5473 0.4099 0.4101 0.4193 0.5977 0.4145 0.4487 0.2712 0.3565 0.2162 0.2311 0.2803 0.3010 0.2592 0.2589 0.3665 0.5151 0.3107 0.5056 0.4285 0.4268 0.4914 0.4681 0.4706 0.3407 0.6158 0.4604 0.3611 0.4826 0.2792 0.3299 0.3890 0.4506 0.3203 0.2076 0.2359 0.1589 0.1722 0.3045 0.3441 0.2541 0.4817 0.3129 0.3927 0.2399 0.1588 0.2145 0.1011 0.3274 0.1340 0.0706 0.0775 0.2309 0.0465 0.0735 0.1623 0.1449
0.3005 0.2634 0.0000 0.2738 0.2040 0.1487 0.0565 0.0532 0.1692 1.8873 1.7382 0.1066 0.0385 1.3288 0.9412 1.1561 1.1824 1.8024 1.4550 2.1343 1.2351 1.7646 1.6280 1.8011 1.9600 2.5017 1.6075 1.3171 1.6575 1.9444 0.9265 1.4824 1.1378 0.9598 0.9319 0.8674 0.6660 0.4455 1.1520 0.9588 0.8383 0.9859 0.8213 1.1243 1.4814 2.0675 1.4613 1.1045 1.6142 1.2340 1.2949 1.0931 1.1934 1.0210 1.4725 1.2363 2.0460 1.2420 0.8629 0.9741 0.8970 1.3262 0.7164 0.6293 0.5406 1.4184 1.3905 0.9515 1.5598 1.1325
0.0865 0.1235 0.0000 0.1402 0.0730 0.0973 0.0519 0.0260 0.0573 0.1291 0.0255 0.0465 0.0587 0.0834 0.0521 0.0357 0.0614 0.0536 0.0257 0.0353 0.0096 0.0126 0.0193 0.2125 0.1984 0.0160 0.0059 0.1378 0.1746 0.2522 0.1150 0.2054 0.1863 0.2132 0.1979 0.2002 0.2050 0.1242 0.2882 0.2664 0.2960 0.2503 0.1685 0.1926 0.2030 0.2753 0.1783 0.1141 0.1565 0.1187 0.0937 0.0787 0.1223 0.1063 0.1705 0.1266 0.3018 0.1981 0.1588 0.2028 0.2151 0.3540 0.2458 0.2118 0.2038 0.2422 0.2365 0.1763 0.2198 0.2070
0.1929 0.2736 0.0000 0.2724 0.2770 0.1686 0.1186 0.0991 0.1710 0.2631 0.2532 0.2602 0.2274 0.2537 0.1389 0.1550 0.1630 0.2541 0.0852 0.2141 0.0814 0.0569 0.0606 0.1426 0.0286 0.0562 0.0647 0.0678 0.0803 0.0710 0.0515 0.0496 0.0272 0.0291 0.0127 0.0118 0.0229 0.1516 0.2705 0.0220 0.0080 0.2258 0.1802 0.2769 0.2761 0.4234 0.3198 0.2776 0.3324 0.2692 0.2785 0.1990 0.2240 0.2128 0.3769 0.4023 0.6057 0.3573 0.2416 0.2767 0.2911 0.4057 0.2643 0.2613 0.1635 0.1934 0.2691 0.2035 0.2782 0.2163
1.0353 1.5881 0.0000 2.0653 2.3266 1.4822 1.0266 0.8682 1.6402 1.6986 1.7994 1.7341 1.3181 1.8169 1.1037 1.3301 1.4687 1.9096 1.1523 1.4098 0.7826 0.9141 0.7607 1.1587 0.9913 1.3860 1.1942 0.9282 1.0083 1.3197 0.6572 1.1308 0.4260 0.8346 0.5101 0.2529 0.3406 0.4424 0.2145 0.3182 0.3134 0.3948 0.3229 0.2780 0.4402 0.3646 0.1664 0.1352 0.0831 0.0631 0.1260 0.6882 0.9294 0.0952 0.0642 0.9714 1.8166 1.3393 0.8122 1.1396 1.2918 2.4433 1.3892 1.4665 1.2027 1.2474 1.5568 1.3083 1.8632 1.7430
3.6930 4.6463 0.0000 4.6934 4.4309 2.3808 2.1728 1.8973 2.7223 2.1346 2.9135 2.5367 2.6064 3.4519 3.0194 3.6212 4.6140 6.7959 5.1093 6.1860 3.0534 3.4623 3.2615 3.9683 3.6862 4.3643 3.3867 3.4434 3.4614 4.8881 2.5556 3.6707 2.4888 2.2274 1.8565 1.5339 1.6177 1.3733 2.5040 2.6300 2.2683 2.1207 1.3259 1.6903 1.8383 2.7156 0.8526 1.2684 1.0928 0.4417 0.6113 0.9979 0.2908 0.4507 0.8294 0.6606 1.5356 0.6336 0.6105 0.4624 0.3168 0.5606 0.1637 0.1619 0.2564 2.6086 2.4551 0.2125 0.1240 2.7774
0.3177 0.5866 0.0000 0.6337 0.7940 0.5762 0.4268 0.4287 0.7058 0.5373 0.5575 0.5398 0.4682 0.7506 0.5627 0.7918 0.6505 1.0630 0.6134 0.6593 0.4012 0.5237 0.3247 0.3395 0.4118 0.4426 0.4158 0.4065 0.5879 0.8184 0.4937 0.8033 0.5914 0.5535 0.4394 0.3559 0.4241 0.3284 0.6597 0.6300 0.5179 0.5885 0.3549 0.5057 0.5821 0.7229 0.4001 0.2762 0.3261 0.2197 0.2381 0.2567 0.2813 0.3179 0.5095 0.3009 0.5769 0.3525 0.2332 0.3152 0.1486 0.4811 0.1969 0.1038 0.1139 0.2442 0.0682 0.0910 0.1359 0.1213
0.5090 0.4907 0.0000 0.4521 0.3440 0.2506 0.0952 0.0897 0.2852 1.7108 1.8356 0.2022 0.0718 2.0499 1.3222 1.9931 2.0108 3.1048 2.9598 3.2871 1.7352 2.4339 1.9352 1.7587 1.5447 1.8158 1.6298 2.0286 2.1376 3.1746 2.4597 3.1613 2.5435 1.9524 2.0849 1.7645 1.3559 0.9063 2.3454 1.9505 1.7203 2.0216 1.6841 2.1197 2.4341 3.0865 1.8937 1.3458 1.5060 1.0671 1.2188 1.1852 1.4311 1.4264 2.3812 1.5780 3.3352 2.3343 1.7567 1.9974 1.6590 2.4944 1.4389 1.2648 1.0857 1.3851 1.3578 1.3368 1.8526 1.2270
0.0901 0.1345 0.0000 0.1527 0.0795 0.1059 0.0540 0.0271 0.0624 0.0821 0.0265 0.0346 0.0314 0.0446 0.0485 0.0365 0.0557 0.0486 0.0238 0.0327 0.0089 0.0117 0.0179 0.0983 0.1036 0.0166 0.0060 0.0913 0.1175 0.2071 0.0989 0.1687 0.1808 0.1569 0.1331 0.1323 0.1331 0.0758 0.1530 0.1415 0.1254 0.1735 0.1274 0.1884 0.2270 0.3583 0.1901 0.1107 0.1668 0.1151 0.0997 0.0763 0.1187 0.1031 0.1934 0.1437 0.3421 0.2187 0.1529 0.1774 0.1634 0.2526 0.1344 0.1157 0.1123 0.1539 0.1662 0.1443 0.2083 0.1535
0.2853 0.4775 0.0000 0.4960 0.4550 0.2816 0.2056 0.1719 0.2966 0.2578 0.2481 0.2813 0.2374 0.2501 0.2069 0.2415 0.2539 0.3959 0.1327 0.3335 0.1213 0.0849 0.0945 0.1488 0.0426 0.0687 0.0638 0.0668 0.1196 0.1058 0.0762 0.0735 0.0405 0.0434 0.0189 0.0176 0.0342 0.1340 0.2651 0.0328 0.0119 0.2634 0.1732 0.2980 0.3111 0.4556 0.4480 0.2670 0.3196 0.2590 0.2677 0.1913 0.2155 0.2047 0.3415 0.3230 0.5510 0.3708 0.3373 0.3854 0.5159 0.5683 0.4428 0.3660 0.2373 0.2709 0.3766 0.2850 0.4365 0.3576
0.3844 0.4998 0.0000 0.5146 0.5229 0.3331 0.2307 0.2064 0.3686 0.3818 0.4044 0.4047 0.3555 0.4206 0.3261 0.4169 0.4987 0.7799 0.4609 0.5466 0.2846 0.3322 0.2767 0.2754 0.2356 0.3294 0.2839 0.2204 0.3029 0.4564 0.2272 0.3914 0.1474 0.2889 0.1531 0.0759 0.1178 0.1052 0.0644 0.0801 0.0744 0.0938 0.0983 0.0847 0.1315 0.1088 0.0507 0.0412 0.0253 0.0192 0.0383 0.1636 0.2209 0.0286 0.0196 0.2183 0.4304 0.3552 0.2337 0.3022 0.4460 0.5789 0.3292 0.3477 0.2850 0.2870 0.2888 0.2391 0.3448 0.3657
0.1855 0.3097 0.0000 0.3742 0.4806 0.4636 0.2338 0.2829 0.4272 0.3554 0.4851 0.4227 0.3352 0.3492 0.2375 0.2553 0.2835 0.3938 0.2632 0.3162 0.1638 0.2083 0.1748 0.2079 0.1959 0.2369 0.2046 0.1836 0.2291 0.3432 0.1944 0.3178 0.2610 0.2855 0.2874 0.2375 0.2504 0.1060 0.1933 0.2094 0.1806 0.1688 0.1748 0.2814 0.3061 0.4525 0.1420 0.2112 0.1578 0.0637 0.1018 0.0794 0.0420 0.0383 0.0656 0.0522 0.2250 0.0929 0.0773 0.0485 0.0464 0.0821 0.0240 0.0237 0.0376 0.1570 0.1896 0.0307 0.0182 0.1482
0.1052 0.2028 0.0000 0.2191 0.3572 0.1908 0.1413 0.1420 0.2338 0.1778 0.1757 0.1676 0.1472 0.2484 0.1568 0.1911 0.2765 0.3641 0.3279 0.2966 0.2727 0.2356 0.1764 0.1564 0.1853 0.1991 0.2259 0.2165 0.2416 0.2880 0.1515 0.2237 0.1647 0.1542 0.1223 0.1074 0.1182 0.0915 0.1837 0.1754 0.1576 0.1653 0.1222 0.1782 0.2205 0.3270 0.2130 0.1501 0.1772 0.1194 0.1293 0.0849 0.0932 0.1052 0.1686 0.0996 0.2253 0.1585 0.1049 0.1418 0.0668 0.2164 0.0769 0.0405 0.0512 0.0808 0.0267 0.0301 0.0450 0.0402
0.0631 0.0609 0.0000 0.0553 0.0426 0.0311 0.0118 0.0111 0.0353 0.1604 0.1902 0.0247 0.0089 0.1787 0.1512 0.2279 0.2301 0.3553 0.3731 0.3758 0.1984 0.2785 0.2213 0.2011 0.1767 0.2078 0.1863 0.2319 0.2249 0.3438 0.2157 0.3137 0.2918 0.3166 0.2389 0.3238 0.2199 0.1469 0.3800 0.3163 0.2689 0.2486 0.1715 0.2102 0.2416 0.3181 0.1992 0.1415 0.1661 0.1221 0.1332 0.1247 0.1506 0.1470 0.2363 0.1612 0.3310 0.2317 0.1744 0.2238 0.2159 0.3902 0.2333 0.2051 0.1760 0.1585 0.1554 0.1529 0.2120 0.1403
0.5056 0.9130 0.0000 1.0365 0.5394 0.7187 0.3322 0.1664 0.4236 0.3926 0.1632 0.1654 0.1504 0.2136 0.3027 0.2281 0.3018 0.2324 0.1487 0.2042 0.0554 0.0728 0.1117 0.4709 0.4963 0.1021 0.0376 0.4021 0.4224 0.7455 0.3691 0.6079 0.7173 0.5635 0.4784 0.4750 0.4783 0.2720 0.5093 0.4635 0.4161 0.6235 0.3971 0.5298 0.7099 0.9727 0.7116 0.6793 0.7438 0.5880 1.0351 0.6552 0.8327 0.7228 1.1418 0.6664 1.2245 0.6819 0.4768 0.5526 0.5088 0.7874 0.4186 0.3686 0.3504 0.4801 0.5184 0.4495 0.6489 0.4994
0.1191 0.1882 0.0000 0.2440 0.2791 0.2076 0.1911 0.1597 0.2757 0.1156 0.1113 0.1261 0.1064 0.1121 0.1219 0.2433 0.2485 0.3989 0.1196 0.3005 0.0858 0.0601 0.0851 0.0667 0.0302 0.0311 0.0286 0.0300 0.0830 0.0733 0.0459 0.0365 0.0281 0.0301 0.0131 0.0122 0.0237 0.0529 0.1188 0.0232 0.0083 0.1036 0.0686 0.1181 0.1277 0.1806 0.1776 0.1059 0.1267 0.1027 0.1061 0.0759 0.0854 0.0812 0.1354 0.1280 0.2044 0.1460 0.1217 0.1390 0.1617 0.3239 0.1503 0.1866 0.1963 0.3798 0.2706 0.2048 0.2262 0.1480
0.1875 0.2440 0.0000 0.2598 0.2698 0.1717 0.1247 0.1137 0.1976 0.1968 0.2085 0.2043 0.1736 0.2125 0.1648 0.2035 0.2435 0.3808 0.2806 0.3936 0.2584 0.3352 0.2792 0.1516 0.1298 0.1813 0.1564 0.1215 0.2187 0.5421 0.2536 0.4667 0.1515 0.2969 0.1362 0.0675 0.1211 0.0579 0.0573 0.0445 0.0410 0.0517 0.0845 0.0727 0.0995 0.0679 0.0435 0.0354 0.0217 0.0165 0.0329 0.0900 0.1217 0.0254 0.0168 0.1127 0.3689 0.3045 0.2003 0.2591 0.3823 0.4962 0.2822 0.2981 0.2443 0.2460 0.2475 0.2049 0.2956 0.3135
0.8835 1.4751 0.0000 1.7823 2.2891 1.8880 1.1136 1.3474 2.3273 2.1345 3.1207 2.5385 1.5000 1.5617 1.1320 1.2158 1.3501 1.8758 1.2539 1.5061 0.7799 0.9923 0.8324 0.9904 0.9333 1.1282 0.9745 0.8747 1.0911 1.6346 0.9258 1.5135 1.1672 1.2768 1.2729 1.0517 1.1092 0.5051 0.9210 0.9971 0.8600 0.8040 0.8325 1.6916 1.8397 2.7176 0.8532 1.2683 0.8240 0.3331 0.6117 0.3783 0.2195 0.1823 0.3125 0.2487 1.1542 0.4762 0.3964 0.2476 0.2381 0.4214 0.1230 0.1217 0.1927 0.7476 0.9030 0.1604 0.0932 0.7060
0.0693 0.1337 0.0000 0.1444 0.2353 0.1257 0.0931 0.0935 0.1540 0.1172 0.1158 0.1103 0.0970 0.1637 0.0959 0.1251 0.1658 0.2181 0.1805 0.2809 0.1181 0.1997 0.1663 0.1824 0.2213 0.2686 0.1433 0.1101 0.1320 0.1662 0.0875 0.1341 0.1007 0.0943 0.0785 0.0707 0.0751 0.0560 0.1124 0.1052 0.0909 0.0983 0.0705 0.1029 0.1273 0.1786 0.1148 0.0952 0.1341 0.0903 0.0978 0.0560 0.0613 0.0693 0.1111 0.0656 0.1944 0.1894 0.1253 0.1695 0.0799 0.2585 0.0798 0.0420 0.0612 0.0533 0.0276 0.0200 0.0296 0.0265
0.1852 0.1787 0.0000 0.1179 0.1251 0.0912 0.0346 0.0326 0.1038 0.3044 0.3609 0.0738 0.0262 0.3150 0.2823 0.4255 0.4296 0.6633 0.6966 0.7017 0.3704 0.5200 0.4131 0.3757 0.3343 0.3989 0.3532 0.4330 0.5186 0.7104 0.4178 0.6957 0.6107 0.6296 0.5964 0.5342 0.5634 0.3126 0.7100 0.5905 0.7899 0.6889 0.4429 0.5138 0.5905 0.7488 0.4591 0.3262 0.3653 0.2415 0.2957 0.2877 0.3475 0.3458 0.5772 0.3962 0.8368 0.5659 0.4259 0.5778 0.5984 1.0813 0.6065 0.5327 0.4573 0.2959 0.2901 0.2856 0.3958 0.2621
0.1403 0.2709 0.0000 0.3076 0.1495 0.1994 0.0921 0.0462 0.1175 0.1089 0.0453 0.0459 0.0417 0.0592 0.0839 0.0632 0.0837 0.0645 0.0412 0.0566 0.0153 0.0202 0.0310 0.1413 0.1376 0.0283 0.0104 0.1391 0.1491 0.2633 0.1259 0.2147 0.2534 0.1991 0.1690 0.1678 0.1688 0.0961 0.2020 0.1827 0.1619 0.2231 0.1645 0.2196 0.2818 0.4032 0.2900 0.1812 0.3022 0.1769 0.1917 0.1337 0.1825 0.1584 0.3718 0.3846 0.4995 0.3109 0.2112 0.2421 0.2270 0.3507 0.1942 0.1804 0.1752 0.2399 0.2589 0.2087 0.3103 0.2496
0.1714 0.2634 0.0000 0.3594 0.4017 0.2447 0.1719 0.1437 0.2480 0.1176 0.1132 0.1283 0.1083 0.1141 0.0947 0.1429 0.1460 0.2342 0.0733 0.1844 0.0608 0.0425 0.0522 0.0679 0.0214 0.0314 0.0291 0.0305 0.0609 0.0538 0.0349 0.0337 0.0206 0.0221 0.0096 0.0090 0.0174 0.0762 0.1209 0.0164 0.0061 0.1490 0.0981 0.1688 0.1762 0.2581 0.2365 0.1513 0.1812 0.1467 0.1516 0.1085 0.1374 0.1326 0.2184 0.1901 0.4009 0.2565 0.2005 0.2622 0.2576 0.3001 0.2355 0.1931 0.1543 0.1516 0.1988 0.1504 0.2842 0.2328
0.4262 0.5169 0.0000 0.5322 0.5408 0.3445 0.2387 0.1953 0.3813 0.3949 0.4183 0.4185 0.3677 0.4350 0.3373 0.4312 0.5162 0.7218 0.4266 0.5058 0.2632 0.3074 0.2558 0.2218 0.1897 0.2653 0.2286 0.1777 0.2439 0.3426 0.1706 0.2935 0.1106 0.2168 0.1234 0.0611 0.0884 0.0847 0.0519 0.0646 0.0600 0.0756 0.0781 0.0673 0.1059 0.0877 0.0402 0.0327 0.0201 0.0153 0.0304 0.1559 0.1779 0.0230 0.0155 0.2260 0.3800 0.3091 0.1964 0.2630 0.3524 0.5111 0.2906 0.3068 0.2516 0.2531 0.3077 0.2588 0.3685 0.3597
0.3288 0.4870 0.0000 0.6213 0.5865 0.2973 0.2876 0.2371 0.3604 0.2674 0.3638 0.3170 0.3450 0.5029 0.3997 0.5835 0.6093 0.7979 0.5063 0.6072 0.2791 0.3442 0.3243 0.4012 0.3778 0.4753 0.4394 0.3771 0.4842 0.7490 0.3935 0.5348 0.3729 0.3337 0.2687 0.2223 0.2342 0.1277 0.2328 0.2520 0.2174 0.2032 0.1584 0.2111 0.2295 0.3394 0.1066 0.1584 0.1306 0.0528 0.0763 0.0956 0.0348 0.0458 0.0790 0.0629 0.1833 0.0757 0.0725 0.0549 0.0378 0.0669 0.0195 0.0194 0.0306 0.2612 0.2282 0.0254 0.0148 0.2885
0.0656 0.1210 0.0000 0.1308 0.1737 0.1189 0.0880 0.0884 0.1456 0.1108 0.1322 0.1280 0.1110 0.1724 0.1334 0.1545 0.1552 0.2481 0.1509 0.1442 0.0995 0.1146 0.0840 0.0745 0.0901 0.0968 0.1076 0.1124 0.1521 0.2445 0.1490 0.2134 0.1522 0.1423 0.1049 0.0916 0.1092 0.0846 0.1697 0.1658 0.1534 0.1571 0.1051 0.1497 0.1714 0.2000 0.1162 0.0789 0.0896 0.0604 0.0655 0.0529 0.0580 0.0656 0.1051 0.0620 0.1207 0.0771 0.0510 0.0689 0.0325 0.1052 0.0412 0.0217 0.0249 0.0503 0.0143 0.0188 0.0280 0.0250
0.0120 0.0115 0.0000 0.0106 0.0081 0.0059 0.0022 0.0021 0.0067 0.0495 0.0426 0.0048 0.0017 0.0595 0.0350 0.0505 0.0481 0.0787 0.0636 0.0870 0.0460 0.0645 0.0512 0.0466 0.0494 0.0590 0.0522 0.0598 0.0766 0.1040 0.0449 0.0793 0.0542 0.0419 0.0447 0.0379 0.0339 0.0195 0.0503 0.0419 0.0449 0.0557 0.0439 0.0674 0.0888 0.1258 0.0737 0.0523 0.0543 0.0387 0.0474 0.0461 0.0557 0.0567 0.0875 0.0622 0.1084 0.0740 0.0515 0.0550 0.0480 0.0709 0.0383 0.0337 0.0289 0.0367 0.0360 0.0354 0.0491 0.0325
0.6146 0.8773 0.0000 0.9959 0.5187 0.6911 0.3686 0.1847 0.4070 0.6601 0.1811 0.2781 0.2529 0.3590 0.3305 0.2491 0.3796 0.3315 0.1624 0.2230 0.0604 0.0795 0.1220 1.0910 0.8338 0.1133 0.0411 1.0794 0.9717 1.5346 0.6998 1.2503 1.1341 1.2974 1.1005 1.0938 1.1004 0.6425 1.4927 1.3784 1.2216 1.6197 1.1940 1.4245 1.3437 2.0364 1.1589 0.6947 1.0250 0.7222 0.6500 0.4790 0.7446 0.6468 1.2609 1.0083 2.2305 1.5901 1.2747 1.6288 1.9746 2.9689 1.4352 1.3331 1.2942 1.7560 1.8948 1.5534 1.9387 1.6797
0.7363 1.1350 0.0000 1.0202 1.0576 0.6442 0.4527 0.3783 0.6529 0.6404 0.6163 0.6809 0.5747 0.6051 0.3976 0.4437 0.4666 0.7274 0.2439 0.6127 0.2331 0.1631 0.1734 0.3603 0.0820 0.1570 0.1547 0.1622 0.2299 0.2030 0.1473 0.1421 0.0778 0.0833 0.0363 0.0338 0.0657 0.4484 0.6583 0.0630 0.0229 0.8620 0.3962 0.6090 0.6070 0.9310 0.7038 0.6108 0.7310 0.5924 0.6123 0.4779 0.6663 0.6433 1.0593 0.8344 1.8368 1.0058 0.5777 0.8003 0.6841 0.8928 0.6260 0.5750 0.4103 0.4255 0.5916 0.4474 0.7548 0.6758
0.1491 0.2480 0.0000 0.3225 0.4203 0.2971 0.1782 0.1575 0.3074 0.3141 0.3169 0.2974 0.2260 0.3116 0.1893 0.2281 0.2519 0.2956 0.1976 0.2268 0.1137 0.1327 0.1105 0.1380 0.1181 0.1512 0.1303 0.1012 0.1101 0.1440 0.0717 0.1233 0.0465 0.0911 0.0556 0.0276 0.0371 0.0483 0.0234 0.0347 0.0364 0.0460 0.0352 0.0303 0.0480 0.0398 0.0181 0.0147 0.0091 0.0069 0.0137 0.1248 0.1107 0.0104 0.0070 0.1666 0.2245 0.1513 0.0921 0.1288 0.1461 0.2761 0.1717 0.1847 0.1665 0.1858 0.2576 0.1949 0.2776 0.1878
2.9231 3.7429 0.0000 3.7809 3.5694 2.0105 1.7489 1.6035 2.1913 1.8027 2.4604 2.1439 2.0997 3.1126 2.4323 2.9429 3.7408 5.5097 4.5014 5.7499 4.4445 4.6899 4.4143 4.7147 4.0173 4.1852 3.2790 3.6433 3.6623 4.4429 2.3984 3.1097 2.6333 2.3586 1.8994 1.5694 1.6551 1.5305 2.7907 2.4310 2.3487 2.3222 1.1206 1.4275 1.5524 2.2933 0.7200 1.0711 0.9228 0.3730 0.5162 1.0333 0.2458 0.4223 0.9244 0.7357 1.3736 0.5350 0.5575 0.4220 0.2849 0.5039 0.1472 0.1456 0.2305 3.5335 2.7362 0.1796 0.1048 2.9410
0.0943 0.1481 0.0000 0.1600 0.2005 0.1560 0.1266 0.1295 0.2475 0.2056 0.2843 0.2438 0.1828 0.2030 0.1574 0.1590 0.1556 0.2317 0.1539 0.1665 0.1006 0.1323 0.0802 0.0857 0.1040 0.1118 0.1005 0.1185 0.1420 0.2172 0.1307 0.2127 0.1954 0.1946 0.2067 0.2292 0.2152 0.1448 0.2617 0.2106 0.1653 0.2207 0.1277 0.1509 0.1779 0.1980 0.1399 0.0950 0.1079 0.0728 0.0788 0.0982 0.1077 0.0943 0.1787 0.1116 0.1457 0.0890 0.0589 0.0796 0.0375 0.1215 0.0498 0.0262 0.0288 0.0857 0.0172 0.0273 0.0508 0.0453
0.0473 0.0415 0.0000 0.0431 0.0322 0.0234 0.0089 0.0084 0.0266 0.3383 0.2309 0.0168 0.0061 0.2580 0.1367 0.1685 0.1628 0.2625 0.2119 0.3108 0.1796 0.2565 0.2242 0.2262 0.2736 0.2940 0.2604 0.2084 0.2763 0.3267 0.1412 0.2491 0.1702 0.1398 0.1407 0.1263 0.1066 0.0649 0.1678 0.1396 0.1411 0.2000 0.1380 0.2056 0.2703 0.3775 0.2890 0.2184 0.3270 0.2330 0.2965 0.2397 0.2617 0.2203 0.3211 0.2711 0.4486 0.2543 0.1824 0.1857 0.1967 0.2910 0.1571 0.1380 0.1185 0.1781 0.1747 0.1383 0.2148 0.1504
0.1134 0.1619 0.0000 0.1840 0.0957 0.1276 0.0680 0.0341 0.0751 0.1600 0.0334 0.0576 0.0664 0.0943 0.0646 0.0460 0.0761 0.0665 0.0319 0.0439 0.0119 0.0156 0.0240 0.3613 0.2243 0.0209 0.0076 0.2719 0.1977 0.3123 0.1425 0.2546 0.2308 0.2640 0.2239 0.2237 0.2463 0.1630 0.4342 0.3353 0.2971 0.3299 0.2475 0.2899 0.2734 0.4144 0.2360 0.1413 0.2086 0.1470 0.1325 0.0975 0.1515 0.1316 0.2570 0.2302 0.4543 0.3246 0.2596 0.3314 0.3760 0.6188 0.3851 0.3600 0.3473 0.5261 0.5028 0.3405 0.4294 0.4065
1.6500 2.1849 0.0000 2.0261 2.4606 1.4436 1.0144 0.8484 1.4630 1.4605 1.4489 1.2839 1.1918 1.3281 0.7496 0.8366 0.8798 1.3716 0.4599 1.1553 0.4394 0.3074 0.3273 0.7465 0.1545 0.2960 0.3637 0.3810 0.4334 0.3831 0.2778 0.2680 0.1467 0.1571 0.0685 0.0637 0.1238 1.2213 1.5478 0.1188 0.0431 1.9317 0.8130 1.2497 1.2457 1.9107 1.4443 1.2535 1.5001 1.2157 1.2565 1.0347 1.6567 1.3414 2.2090 1.7123 3.6102 2.0657 1.1855 1.6436 1.4038 1.8322 1.2846 1.1799 0.8434 0.8733 1.2141 0.9189 1.5515 1.5572
0.2293 0.3828 0.0000 0.4966 0.6148 0.4012 0.3088 0.2734 0.5323 0.5967 0.6505 0.4932 0.3785 0.5702 0.3464 0.3586 0.4088 0.4798 0.3752 0.4153 0.2081 0.2429 0.2023 0.2171 0.1915 0.2326 0.2004 0.1638 0.1692 0.2213 0.1102 0.1897 0.0715 0.1401 0.0856 0.0424 0.0571 0.0742 0.0360 0.0534 0.0591 0.0745 0.0542 0.0466 0.0739 0.0611 0.0279 0.0227 0.0139 0.0106 0.0211 0.2358 0.1795 0.0160 0.0108 0.3051 0.3774 0.2829 0.1697 0.2407 0.2731 0.5076 0.2886 0.3049 0.2498 0.2514 0.3369 0.2605 0.3710 0.3621
0.1536 0.2130 0.0000 0.2151 0.2031 0.1069 0.0995 0.0853 0.1247 0.0958 0.1308 0.1140 0.1194 0.1773 0.1384 0.1842 0.2347 0.3454 0.2597 0.3114 0.1538 0.1897 0.1787 0.2209 0.2082 0.2711 0.2069 0.2068 0.2079 0.2781 0.1454 0.1885 0.1496 0.1339 0.1078 0.0891 0.0940 0.0588 0.1073 0.1161 0.1001 0.0936 0.0596 0.0759 0.0825 0.1219 0.0383 0.0569 0.0491 0.0198 0.0275 0.0440 0.0131 0.0200 0.0364 0.0290 0.0690 0.0284 0.0273 0.0207 0.0142 0.0252 0.0073 0.0073 0.0115 0.1440 0.1052 0.0096 0.0056 0.1583
0.1170 0.2160 0.0000 0.2333 0.3075 0.2122 0.1572 0.1579 0.2599 0.1978 0.2615 0.2305 0.1999 0.3106 0.2404 0.2759 0.2751 0.4396 0.2672 0.2553 0.1761 0.2028 0.1488 0.1319 0.1595 0.1714 0.1904 0.2148 0.2693 0.4332 0.2611 0.3811 0.3010 0.2815 0.2256 0.1971 0.2350 0.1820 0.3652 0.3586 0.3356 0.3401 0.2276 0.3008 0.3435 0.3824 0.2491 0.1691 0.1923 0.1296 0.1403 0.0945 0.1036 0.1171 0.1876 0.1108 0.2136 0.1365 0.0903 0.1222 0.0575 0.1863 0.0730 0.0385 0.0441 0.0899 0.0253 0.0335 0.0501 0.0446
0.0125 0.0120 0.0000 0.0111 0.0084 0.0061 0.0023 0.0022 0.0070 0.0627 0.0447 0.0050 0.0017 0.0758 0.0354 0.0477 0.0460 0.0744 0.0600 0.0880 0.0465 0.0652 0.0518 0.0505 0.0608 0.0657 0.0582 0.0614 0.0786 0.0982 0.0428 0.0749 0.0516 0.0396 0.0426 0.0358 0.0334 0.0185 0.0475 0.0395 0.0442 0.0627 0.0419 0.0645 0.0843 0.1158 0.0829 0.0589 0.0727 0.0518 0.0634 0.0617 0.0745 0.0687 0.1007 0.0896 0.1406 0.0797 0.0572 0.0582 0.0617 0.0912 0.0492 0.0433 0.0371 0.0398 0.0390 0.0358 0.0496 0.0335
0.0432 0.0616 0.0000 0.0700 0.0364 0.0486 0.0259 0.0130 0.0286 0.0497 0.0127 0.0197 0.0199 0.0283 0.0232 0.0175 0.0268 0.0234 0.0114 0.0157 0.0043 0.0056 0.0086 0.1086 0.0673 0.0080 0.0029 0.1085 0.0676 0.1121 0.0536 0.0914 0.0979 0.0902 0.0766 0.0761 0.0766 0.0467 0.1198 0.1003 0.0889 0.1127 0.0831 0.1055 0.1229 0.1796 0.1060 0.0600 0.0938 0.0623 0.0616 0.0429 0.0643 0.0558 0.1194 0.1070 0.2041 0.1508 0.1086 0.1245 0.1270 0.1960 0.1152 0.1069 0.1039 0.1422 0.1536 0.1234 0.1808 0.1479
0.0727 0.0947 0.0000 0.0878 0.1027 0.0625 0.0439 0.0367 0.0634 0.0402 0.0387 0.0409 0.0345 0.0370 0.0283 0.0330 0.0348 0.0542 0.0182 0.0457 0.0166 0.0116 0.0129 0.0216 0.0058 0.0097 0.0097 0.0102 0.0164 0.0145 0.0105 0.0101 0.0055 0.0059 0.0026 0.0024 0.0047 0.0313 0.0413 0.0045 0.0016 0.0621 0.0255 0.0433 0.0453 0.0663 0.0592 0.0393 0.0471 0.0381 0.0394 0.0282 0.0397 0.0372 0.0612 0.0533 0.1124 0.0709 0.0515 0.0704 0.0610 0.0751 0.0558 0.0483 0.0366 0.0359 0.0497 0.0377 0.0673 0.0657
0.1570 0.2800 0.0000 0.2772 0.3017 0.1919 0.1260 0.1113 0.2172 0.2247 0.2383 0.2430 0.2201 0.2561 0.1987 0.2701 0.2896 0.3399 0.2210 0.2537 0.1272 0.1484 0.1236 0.0962 0.0823 0.1151 0.0991 0.0771 0.1045 0.1430 0.0712 0.1226 0.0462 0.0905 0.0529 0.0262 0.0369 0.0367 0.0222 0.0280 0.0260 0.0328 0.0335 0.0288 0.0454 0.0376 0.0173 0.0140 0.0086 0.0065 0.0131 0.0888 0.0772 0.0099 0.0067 0.1299 0.1768 0.1459 0.0926 0.1241 0.1662 0.2378 0.1352 0.1427 0.1171 0.1178 0.1432 0.1130 0.1610 0.1572
0.1487 0.2207 0.0000 0.2862 0.2862 0.1450 0.1403 0.1157 0.1758 0.1304 0.1776 0.1547 0.1683 0.2616 0.1951 0.2521 0.2722 0.3594 0.2514 0.3015 0.1458 0.1798 0.1693 0.2095 0.1973 0.2404 0.2223 0.1969 0.2528 0.3788 0.2249 0.2782 0.2033 0.1820 0.1465 0.1212 0.1277 0.0615 0.1120 0.1213 0.1046 0.0978 0.0773 0.1031 0.1121 0.1656 0.0520 0.0773 0.0637 0.0257 0.0373 0.0460 0.0170 0.0220 0.0380 0.0303 0.0895 0.0369 0.0354 0.0268 0.0185 0.0327 0.0095 0.0094 0.0149 0.1381 0.1099 0.0124 0.0072 0.1507
0.3278 0.6321 0.0000 0.6829 1.1130 0.5947 0.4402 0.4424 0.7284 0.5541 0.6017 0.5826 0.5053 0.7846 0.6073 0.7099 0.8817 1.3291 1.0219 0.9241 0.6738 0.7341 0.5689 0.5044 0.5773 0.6204 0.7285 0.8789 0.9217 1.2278 0.6277 0.9154 0.6870 0.6420 0.4987 0.4355 0.5194 0.4019 0.8072 0.7616 0.7048 0.7512 0.5551 0.8100 1.0020 1.6436 0.8656 0.5878 0.6678 0.4503 0.4875 0.2649 0.2904 0.3281 0.5258 0.3103 0.7020 0.4941 0.3269 0.4421 0.2083 0.6743 0.2396 0.1263 0.1596 0.2518 0.0830 0.0939 0.1401 0.1252
0.0406 0.0392 0.0000 0.0356 0.0275 0.0200 0.0076 0.0072 0.0227 0.1368 0.1224 0.0159 0.0057 0.1637 0.0766 0.1154 0.1164 0.1799 0.1890 0.1903 0.1005 0.1410 0.1120 0.1018 0.1263 0.1302 0.1153 0.1216 0.1557 0.2089 0.1229 0.2046 0.1767 0.1542 0.1719 0.1308 0.1378 0.0765 0.1737 0.1446 0.1824 0.2587 0.1282 0.1746 0.1950 0.2441 0.1643 0.1166 0.1441 0.1026 0.1257 0.1268 0.1531 0.1362 0.2307 0.1684 0.3557 0.2147 0.1617 0.2098 0.2829 0.3764 0.2032 0.1784 0.1533 0.0802 0.0786 0.0774 0.1073 0.0711
1.8483 3.5723 0.0000 4.0553 1.9717 2.6272 1.2143 0.6083 1.5484 1.5896 0.5965 0.6697 0.6089 0.8652 1.1063 0.8338 1.1032 0.9411 0.5435 0.7466 0.2023 0.2660 0.4084 3.3879 2.0080 0.3732 0.1375 3.1845 2.4353 4.3019 2.0565 3.5077 4.1390 3.2517 2.7604 2.7413 2.7579 1.5697 3.5859 3.0013 2.6599 3.5979 2.4879 3.3064 4.2465 6.0706 4.4408 3.4766 4.6421 3.3934 3.6737 2.5616 3.4985 3.0366 7.1259 5.2271 7.6480 4.8359 3.2855 3.7626 3.8043 5.8729 3.4479 3.2026 3.1116 4.2591 4.5995 3.6960 5.4129 4.4308
0.4426 0.6242 0.0000 0.7738 1.0368 0.8283 0.5539 0.4628 0.7981 0.2791 0.2686 0.3045 0.2570 0.2708 0.2637 0.3981 0.4064 0.6521 0.2043 0.5136 0.1692 0.1184 0.1454 0.1611 0.0595 0.0744 0.0691 0.0723 0.1696 0.1499 0.0939 0.0799 0.0574 0.0615 0.0268 0.0249 0.0484 0.1965 0.2870 0.0458 0.0169 0.3845 0.1777 0.3058 0.3307 0.4675 0.4597 0.2740 0.3279 0.2657 0.2747 0.1965 0.2436 0.2128 0.3504 0.3314 0.6125 0.3919 0.3149 0.4005 0.4397 0.9016 0.4756 0.4831 0.4905 0.4814 0.5555 0.4205 0.7156 0.5664
0.2294 0.3264 0.0000 0.3224 0.3600 0.2288 0.1750 0.1545 0.3016 0.3122 0.3309 0.3062 0.2731 0.3556 0.2759 0.3043 0.3640 0.5443 0.4699 0.6735 0.4669 0.5182 0.4312 0.1518 0.1299 0.1816 0.1565 0.1215 0.2188 0.4097 0.1981 0.3514 0.1183 0.2319 0.1212 0.0601 0.0946 0.0580 0.0510 0.0445 0.0410 0.0517 0.0779 0.0671 0.0918 0.0629 0.0401 0.0326 0.0201 0.0152 0.0304 0.1251 0.1218 0.0226 0.0155 0.1804 0.2483 0.2049 0.1348 0.1744 0.2573 0.3340 0.1901 0.2006 0.1644 0.1656 0.1835 0.1397 0.1990 0.2112
0.2447 0.3659 0.0000 0.4747 0.5756 0.4859 0.3336 0.3227 0.6577 0.5424 0.5529 0.4818 0.4994 0.6289 0.3510 0.3905 0.4213 0.5566 0.4001 0.4798 0.2615 0.3228 0.3038 0.3759 0.3540 0.4040 0.3681 0.3536 0.4536 0.5862 0.3320 0.5489 0.5321 0.5947 0.6300 0.6643 0.6572 0.1209 0.2204 0.2386 0.2058 0.1924 0.1992 0.4159 0.4484 0.6608 0.1693 0.2517 0.1799 0.0726 0.1213 0.0905 0.0479 0.0436 0.0748 0.0595 0.2566 0.1059 0.0881 0.0552 0.0529 0.0937 0.0274 0.0270 0.0428 0.2485 0.2161 0.0350 0.0207 0.2704
0.0831 0.1602 0.0000 0.1730 0.2820 0.1507 0.1115 0.1121 0.1846 0.1404 0.1529 0.1339 0.1162 0.1961 0.1331 0.1555 0.1986 0.2912 0.2275 0.3620 0.1773 0.2393 0.2355 0.2320 0.2103 0.2258 0.2390 0.2222 0.2050 0.2673 0.1366 0.1993 0.1611 0.1505 0.1319 0.1152 0.1374 0.1063 0.2135 0.1887 0.1720 0.1987 0.1469 0.1849 0.2286 0.3243 0.2621 0.2221 0.3320 0.2680 0.3237 0.0671 0.0736 0.0831 0.1332 0.0786 0.2331 0.2332 0.1529 0.2064 0.0793 0.2567 0.0871 0.0459 0.0608 0.0638 0.0302 0.0240 0.0355 0.0317
0.7011 0.6765 0.0000 0.4480 0.4738 0.3452 0.1312 0.1236 0.3929 1.7226 1.4717 0.2743 0.0990 2.0542 1.9262 2.0344 2.4491 3.1715 2.4896 3.6518 2.1134 3.0194 2.7857 4.0476 2.7926 3.1819 2.1848 2.2536 2.2528 3.1183 1.5854 2.3138 1.9452 1.6422 1.5945 1.4842 1.1396 0.7623 1.9712 1.6394 1.3948 1.5119 1.2287 1.5677 2.0656 2.8852 1.9861 1.5012 2.1957 1.6772 1.7600 1.5036 1.6337 1.4045 2.0368 1.6804 2.7808 1.7222 1.2817 1.4926 1.2397 2.0224 1.2103 1.0630 0.9125 5.3945 4.6274 1.9474 3.2516 3.8726
0.0972 0.1165 0.0000 0.1322 0.0688 0.0917 0.0578 0.0290 0.0540 0.2061 0.0284 0.0698 0.1021 0.1450 0.0606 0.0408 0.0888 0.0785 0.0300 0.0412 0.0112 0.0146 0.0225 0.1657 0.1930 0.0178 0.0067 0.1032 0.1630 0.2129 0.1153 0.1736 0.1575 0.1801 0.1675 0.1694 0.1979 0.1854 0.2728 0.2335 0.1605 0.1991 0.1146 0.1545 0.1715 0.2149 0.1507 0.0964 0.1321 0.1003 0.0791 0.0665 0.1034 0.0898 0.1419 0.0971 0.2258 0.1382 0.1108 0.1415 0.1462 0.2407 0.1672 0.1665 0.1386 0.1718 0.1669 0.1213 0.1521 0.1407
0.0592 0.0857 0.0000 0.0942 0.0864 0.0580 0.0452 0.0378 0.0652 0.2548 0.3094 0.1095 0.1131 0.2233 0.0583 0.0591 0.0621 0.0968 0.0324 0.0816 0.0339 0.0237 0.0231 0.1008 0.0119 0.0414 0.0700 0.0734 0.0405 0.0309 0.0329 0.0321 0.0138 0.0147 0.0064 0.0060 0.0116 0.0577 0.1432 0.0092 0.0035 0.0692 0.1551 0.1420 0.1571 0.2171 0.1232 0.1125 0.1613 0.1137 0.1175 0.0855 0.0946 0.0899 0.1497 0.1294 0.2066 0.1377 0.0930 0.1066 0.1121 0.1564 0.1018 0.1006 0.0630 0.0746 0.1036 0.0784 0.1072 0.0823
0.1685 0.2411 0.0000 0.3136 0.3485 0.2220 0.1763 0.1610 0.2794 0.2544 0.2695 0.2597 0.1984 0.2721 0.1653 0.2006 0.2373 0.3186 0.1883 0.2384 0.1324 0.1546 0.1287 0.2570 0.2026 0.5653 0.3214 0.2186 0.2395 0.2232 0.1111 0.1912 0.0720 0.1413 0.1212 0.0600 0.0603 0.1191 0.0509 0.0795 0.0753 0.0949 0.0791 0.0660 0.1100 0.0911 0.0409 0.0333 0.0204 0.0155 0.0310 0.1276 0.1723 0.0226 0.0153 0.1455 0.5737 0.3319 0.2565 0.2824 0.2566 0.4849 0.3274 0.3250 0.3093 0.3205 0.3134 0.2594 0.3272 0.3063
0.2393 0.3728 0.0000 0.3664 0.4259 0.2443 0.2070 0.1949 0.2448 0.2191 0.2990 0.2605 0.2168 0.2648 0.2260 0.2526 0.3218 0.4740 0.3397 0.4077 0.2589 0.3483 0.2763 0.2951 0.2526 0.3003 0.2342 0.2369 0.2382 0.3390 0.1897 0.2814 0.1869 0.1845 0.1647 0.1361 0.1435 0.2160 0.3685 0.4298 0.5394 0.3748 0.2010 0.1735 0.1887 0.2787 0.0875 0.1302 0.1644 0.0664 0.0685 0.2029 0.0437 0.0814 0.1495 0.1191 0.2648 0.0993 0.1074 0.0814 0.0549 0.0971 0.0284 0.0281 0.0444 0.2624 0.3170 0.0320 0.0194 0.1913
0.2195 0.2967 0.0000 0.3203 0.3673 0.2860 0.2320 0.2374 0.4538 0.4784 0.3755 0.3566 0.2645 0.3722 0.2181 0.2656 0.2852 0.3765 0.2819 0.3052 0.1844 0.2422 0.1470 0.1571 0.1906 0.2047 0.1740 0.1568 0.2212 0.2901 0.1750 0.2847 0.2291 0.2146 0.2315 0.2206 0.2215 0.1481 0.2689 0.2352 0.1835 0.2274 0.1316 0.1791 0.2190 0.2789 0.1543 0.1156 0.1455 0.0981 0.1062 0.3615 0.3866 0.2195 0.4351 0.5649 0.3425 0.1631 0.1079 0.1459 0.0687 0.2227 0.1161 0.0611 0.0527 0.2967 0.0402 0.0889 0.2174 0.1942
0.0229 0.0190 0.0000 0.0263 0.0156 0.0113 0.0043 0.0041 0.0129 0.0664 0.0819 0.0075 0.0028 0.0510 0.0611 0.0985 0.1306 0.1536 0.0932 0.1082 0.0595 0.0801 0.0637 0.0587 0.0508 0.0598 0.0536 0.0668 0.0648 0.0990 0.0594 0.0863 0.0728 0.0805 0.0597 0.0652 0.0559 0.0374 0.0967 0.0804 0.0612 0.0566 0.0460 0.0579 0.0665 0.0916 0.0573 0.0407 0.0478 0.0351 0.0383 0.0359 0.0433 0.0423 0.0650 0.0464 0.0910 0.0637 0.0480 0.0559 0.0492 0.0888 0.0593 0.0521 0.0448 0.0544 0.0492 0.0617 0.0900 0.0518
0.7355 0.4365 0.0000 0.4955 0.2755 0.3436 0.3051 0.1460 0.2397 0.3750 0.1430 0.1783 0.1431 0.1837 0.3406 0.2567 0.3396 0.2692 0.1673 0.2299 0.0623 0.0819 0.1257 0.2546 0.2683 0.0895 0.0423 0.2174 0.3040 0.5371 0.2659 0.4379 0.5167 0.4060 0.3443 0.3422 0.3443 0.1960 0.3669 0.3340 0.2998 0.4488 0.2505 0.3732 0.5110 0.6382 0.4945 0.4550 0.4339 0.4233 0.5280 0.4705 0.6155 0.5342 0.6415 0.3744 0.6907 0.4061 0.2837 0.3420 0.3213 0.4972 0.2773 0.2655 0.2298 0.3026 0.3268 0.2782 0.3864 0.2956
0.2943 0.4813 0.0000 0.5905 0.6737 0.5008 0.4611 0.4410 0.7606 0.3575 0.3441 0.3900 0.3292 0.3469 0.3771 1.1261 0.9537 1.5912 0.4404 1.1063 0.3158 0.2211 0.3131 0.2064 0.1110 0.0960 0.0885 0.0927 0.3054 0.2699 0.1691 0.1344 0.1033 0.1107 0.0482 0.0449 0.0872 0.1636 0.3676 0.0853 0.0304 0.2777 0.2137 0.3677 0.4236 0.5622 0.5528 0.3295 0.3943 0.3196 0.3303 0.2363 0.2659 0.2526 0.4214 0.3986 0.6363 0.4547 0.3788 0.4327 0.5032 1.0082 0.4568 0.5810 0.5577 0.6772 0.8431 0.6376 0.6428 0.4206
