17.7255 1.1790 0.0357 1.1481 0.4954 0.5910 0.5606 0.1652 0.7642 0.0883 0.0713 0.1356 0.1112 1.2911 0.0808 0.0856 0.2230 0.4084 0.0845 0.1104 0.0137 0.0294 0.0021 0.0006 0.0051 0.0075 0.0141 0.0017 0.0116 0.0577 0.0180 0.1237 0.0417 0.0099 0.0267 0.0837 0.0069 0.0032 0.1060 0.1224 0.0056 0.1871 0.0078 0.0066 0.0083 0.0296 0.0015 0.0012 0.0012 0.0002 0.0001 0.0061 0.0046 3.7039 1.5826 0.0303 0.4447 0.0021 0.0005 0.0024 0.0000 0.0066 0.0003 0.0000 0.0000 0.0046 0.0000 0.0000 0.0000 0.0000
0.0002 0.0000 0.0000 0.0000 0.0000 0.0000 0.0000 0.0000 0.0000 0.0082 0.0309 0.0000 0.0000 0.0135 0.5612 15.7953 4.9449 77.6914 1.2305 7.1284 0.3097 1.1094 0.6270 0.0481 0.0366 0.1083 0.3092 0.4635 0.1689 2.7701 0.3238 0.9304 0.4513 0.0479 0.2133 0.8419 0.0058 0.0023 0.5470 0.2900 0.0259 0.3529 0.2025 0.0803 0.1458 1.0492 0.1342 0.0709 0.0442 0.0134 0.0097 0.0083 0.0249 0.0554 0.2257 0.0551 0.6044 0.1096 0.0798 0.1088 0.0103 0.1216 0.0065 0.0030 0.0045 0.0163 0.0095 0.1595 0.3486 0.0410
0.1205 0.0080 0.0002 0.0114 0.0001 0.0026 0.0011 0.0000 0.0000 0.0015 0.0000 0.0000 0.0000 0.0000 0.0003 0.0000 0.0003 0.0000 0.0000 0.0000 0.0000 0.0000 0.0000 0.0008 0.0024 0.0000 0.0000 0.0007 0.0327 1.0393 2.3555 0.5313 0.0495 0.0240 0.0516 0.1661 0.0145 0.0021 0.0324 0.0345 0.0029 0.4904 0.0155 0.0207 0.0272 0.0830 0.0260 0.0081 0.0126 0.0049 0.0004 0.0001 0.0030 0.0027 0.0109 0.0018 0.1919 0.0111 0.0067 0.0186 0.0050 0.0391 0.0013 0.0017 0.0018 0.0018 0.0027 0.0015 0.0037 0.0061
0.0322 0.1412 0.0102 0.1739 0.0620 0.0159 0.0073 0.0015 0.0101 0.0848 0.0347 1.3701 1.4829 0.3051 2.4525 0.0091 0.0330 0.1322 0.0003 0.0793 0.0228 0.0004 0.0002 0.0194 0.0000 0.0002 0.0003 0.0000 0.0069 0.0011 0.0025 0.0003 0.0000 0.0000 0.0000 0.0000 0.0000 0.0012 0.0922 0.0000 0.0000 0.0335 0.7917 8.9297 1.3043 119.5876 0.8185 0.8588 0.6168 0.4000 0.1908 0.0203 0.0353 0.0642 0.5156 1.0599 6.0424 1.2783 0.5609 0.6595 0.3992 1.3931 0.1444 0.1660 0.0217 0.0096 0.1034 0.0250 0.0805 0.0833
1.0644 1.4876 0.1403 4.8310 4.4566 0.7643 0.1558 0.0633 0.4455 0.3603 0.5700 1.3466 0.5665 1.5601 0.1880 0.2903 1.7406 3.6285 0.1206 0.5324 0.0341 0.0295 0.0239 0.0515 0.0256 2.6538 3.3752 0.0474 1.1598 0.2459 0.0174 0.1855 0.0002 0.0126 0.0362 0.0011 0.0001 0.0048 0.0000 0.0004 0.0000 0.0006 0.0076 0.0002 0.0014 0.0002 0.0000 0.0000 0.0000 0.0000 0.0000 0.0051 0.0365 0.0000 0.0000 0.0264 7.8906 5.1058 0.9974 4.0094 78.5675 65.0223 2.3580 4.5270 4.7388 0.6096 0.5384 0.2598 1.2750 16.0065
0.5615 2.8890 0.4578 6.6800 32.0612 2.4482 1.6535 0.8549 0.4932 0.1733 1.9422 1.8506 1.0091 1.9302 1.2796 0.5139 1.7349 4.6877 0.4033 1.1844 0.0444 0.0743 0.0639 0.0394 0.0512 0.1881 0.4019 0.0482 0.1228 1.7261 0.3307 2.3561 0.1792 0.0638 0.1476 0.2336 0.0185 0.0063 0.0997 0.4059 0.0403 0.1750 0.0814 0.1057 0.0544 0.6108 0.0004 0.0598 0.0011 0.0000 0.0000 0.0002 0.0000 0.0000 0.0000 0.0000 0.0043 0.0000 0.0000 0.0000 0.0000 0.0000 0.0000 0.0000 0.0000 0.0077 0.0279 0.0000 0.0000 0.0200
0.1267 0.5619 0.0113 0.5472 2.1551 6.2565 0.6076 0.3533 1.6339 0.1658 0.1533 0.2917 0.2421 5.6161 0.3539 0.3725 0.9702 1.7765 0.3675 0.4804 0.0596 0.1280 0.0090 0.0024 0.0221 0.0327 0.0614 0.0076 0.0504 0.2511 0.0789 0.5381 0.1813 0.0432 0.0581 0.1790 0.0150 0.0138 0.4611 0.5357 0.0244 0.8141 0.0340 0.0285 0.0362 0.1287 0.0063 0.0050 0.0054 0.0008 0.0006 0.0033 0.0047 0.0479 0.1902 0.0103 0.1410 0.0089 0.0024 0.0104 0.0000 0.0289 0.0001 0.0000 0.0000 0.0006 0.0000 0.0000 0.0000 0.0000
0.0000 0.0000 0.0000 0.0000 0.0000 0.0000 0.0000 0.0000 0.0000 0.0085 0.0321 0.0000 0.0000 0.0284 0.1399 0.0542 0.1246 0.5352 0.1966 4.0161 1.5925 0.8565 0.4840 0.0374 0.0283 0.0836 0.2358 0.1770 0.0645 0.6179 0.0517 0.1524 0.0721 0.0077 0.0341 0.1345 0.0009 0.0004 0.0874 0.0463 0.0041 0.0564 0.0324 0.0143 0.0325 0.2340 0.0509 0.0271 0.0335 0.0104 0.0074 0.0031 0.0094 0.0186 0.0503 0.0209 0.1573 0.0192 0.0127 0.0174 0.0017 0.0194 0.0010 0.0005 0.0007 0.0102 0.0073 0.0395 0.0902 0.0161
0.0213 0.0238 0.0006 0.0340 0.0001 0.0078 0.0002 0.0000 0.0000 0.0058 0.0000 0.0000 0.0000 0.0001 0.0001 0.0000 0.0001 0.0000 0.0000 0.0000 0.0000 0.0000 0.0000 0.0110 0.0339 0.0000 0.0000 0.0051 0.1893 1.9534 0.0706 0.9986 0.8445 0.9426 2.9899 33.7218 1.2500 0.1432 2.7841 2.9668 0.3960 28.4067 0.8997 0.7675 0.4641 1.4506 0.4433 0.1050 0.2141 0.0837 0.0049 0.0018 0.0389 0.0352 0.1857 0.0315 3.2721 0.2101 0.2477 0.6916 0.2908 2.2651 0.1641 0.1492 0.2347 0.1085 0.1590 0.0831 0.1384 0.3509
0.3704 1.0929 0.0720 1.2267 0.4344 0.1120 0.0393 0.0082 0.0542 0.6895 0.5199 3.2792 2.3034 1.4053 0.0908 0.0490 0.1088 0.7153 0.0003 0.2618 0.0009 0.0000 0.0001 0.0085 0.0000 0.0000 0.0001 0.0001 0.0002 0.0000 0.0000 0.0000 0.0000 0.0000 0.0000 0.0000 0.0000 0.0413 3.2811 0.0000 0.0000 0.8076 0.7738 0.7109 0.2949 2.7850 1.5114 3.7652 5.5019 4.1131 8.5315 0.6624 1.1531 2.0819 5.9619 4.6471 26.6562 3.2949 1.0356 1.2483 0.7370 2.5724 0.2666 0.3065 0.0400 0.0178 0.1909 0.0461 0.1487 0.1539
0.7418 1.1514 0.1365 4.6996 7.4201 1.2726 1.2451 0.7748 3.5397 1.2433 0.9491 1.9693 0.5511 2.5815 0.2135 0.2219 1.2130 2.5287 0.0840 0.3710 0.0238 0.0205 0.0166 0.5110 0.3151 0.9789 7.4662 0.2944 0.0348 0.1714 0.0121 0.1293 0.0001 0.0088 0.0011 0.0000 0.0000 0.0087 0.0000 0.0001 0.0001 0.0028 0.0005 0.0000 0.0001 0.0000 0.0000 0.0000 0.0000 0.0000 0.0000 0.0631 0.4494 0.0000 0.0000 0.0437 1.8889 0.2209 0.0599 0.1734 0.1819 6.7194 0.4958 1.0904 3.6230 38.8291 3.0083 0.9020 0.5626 1.6541
0.5685 1.3514 0.0425 0.6310 1.3993 0.1075 0.0722 0.0373 0.0215 0.0076 0.0853 0.0808 0.0443 0.0848 0.0962 0.0529 0.5170 2.1928 0.3935 1.8592 0.3783 0.8634 0.5487 0.2112 0.1217 0.1314 0.1274 0.0664 0.0319 0.1745 0.0307 0.1028 0.0078 0.0028 0.0065 0.0103 0.0008 1.3901 27.6999 0.7482 0.2980 12.8021 0.0118 0.0046 0.0024 0.0267 0.0000 0.0026 0.0002 0.0000 0.0000 0.0016 0.0000 0.0000 0.0024 0.0013 0.0015 0.0000 0.0000 0.0000 0.0000 0.0000 0.0000 0.0000 0.0000 0.1542 1.2053 0.0000 0.0000 0.0275
0.0323 0.1038 0.0022 0.1011 0.4008 0.3220 0.1548 0.1531 2.2479 1.6671 25.1396 9.5429 1.0126 1.0444 0.4356 0.1010 0.1804 0.5941 0.0679 0.0893 0.0110 0.0238 0.0017 0.0004 0.0041 0.0060 0.0126 0.0035 0.0234 0.2006 0.0626 0.4299 0.2150 0.0824 1.3606 6.4630 0.3535 0.2616 3.8751 0.9037 0.0430 2.9537 0.1235 0.0301 0.0289 0.0493 0.0167 0.0044 0.0021 0.0003 0.0002 0.0262 0.0470 0.0121 0.2617 0.0295 0.0262 0.0017 0.0004 0.0019 0.0000 0.0054 0.0000 0.0000 0.0000 0.0008 0.0000 0.0000 0.0000 0.0001
0.0001 0.0000 0.0000 0.0000 0.0000 0.0000 0.0000 0.0000 0.0000 5.2844 2.8368 0.0000 0.0000 0.9048 0.2449 0.2777 0.4962 2.7446 1.0146 13.9554 1.2335 5.0622 9.0808 3.1852 12.6085 70.4298 15.3104 0.9075 2.4763 5.2581 0.2653 1.5999 0.3721 0.0395 0.1748 0.6941 0.0047 0.0019 0.4482 0.2391 0.0264 0.6740 0.4713 0.3575 0.8107 5.8339 1.8962 1.6225 5.4584 2.2553 1.2095 0.4650 0.6401 0.5146 1.3432 1.1000 8.2801 0.4999 0.1951 0.2091 0.0440 0.2426 0.0059 0.0027 0.0041 0.8658 0.6237 0.0692 0.9123 0.6129
0.0021 0.0032 0.0001 0.0046 0.0000 0.0011 0.0000 0.0000 0.0000 0.0015 0.0000 0.0000 0.0000 0.0001 0.0000 0.0000 0.0000 0.0000 0.0000 0.0000 0.0000 0.0000 0.0000 0.0629 0.0761 0.0000 0.0000 0.0071 0.0203 0.2153 0.0077 0.1094 0.0925 0.1032 0.3235 2.4420 0.1540 0.0287 2.9426 3.5262 2.4793 4.9451 0.6687 0.1256 0.0508 0.2929 0.0485 0.0115 0.0236 0.0092 0.0005 0.0002 0.0043 0.0039 0.0229 0.0073 0.9165 0.1014 0.1195 0.3316 0.2082 2.6265 0.4462 0.1773 0.6423 0.2968 0.2073 0.0445 0.0710 0.3551
0.0984 0.1436 0.0056 0.0745 0.0589 0.0071 0.0011 0.0002 0.0016 0.0363 0.0274 0.0931 0.0745 0.0705 0.0026 0.0014 0.0031 0.0206 0.0000 0.0075 0.0000 0.0000 0.0000 0.0003 0.0000 0.0000 0.0000 0.0000 0.0000 0.0000 0.0000 0.0000 0.0000 0.0000 0.0000 0.0000 0.0000 0.0129 0.1728 0.0000 0.0000 0.2146 0.1075 0.1997 0.0524 0.7823 0.4246 1.0577 0.7643 0.4927 0.2364 0.0252 0.0438 0.0790 1.0092 5.2722 19.1468 0.9255 0.2927 0.3506 0.2070 0.7226 0.0749 0.0861 0.0112 0.0050 0.0540 0.0130 0.0420 0.0480
1.6819 4.4962 0.5297 18.3512 31.9841 5.4853 0.7764 0.1765 2.3625 2.5856 4.0910 8.4887 2.3032 11.1963 0.9258 0.9049 2.9257 4.7346 0.1848 0.6254 0.0401 0.0347 0.0281 0.1164 0.0718 0.8110 1.7012 0.0671 0.0587 0.2907 0.0206 0.2180 0.0002 0.0148 0.0018 0.0001 0.0000 0.0020 0.0000 0.0000 0.0000 0.0006 0.0004 0.0000 0.0001 0.0000 0.0000 0.0000 0.0000 0.0000 0.0000 0.0144 0.1024 0.0000 0.0000 0.1883 3.6475 0.9879 0.1349 0.7758 0.8135 30.0574 1.0900 2.0798 2.1906 0.3542 1.6477 0.8939 3.9747 18.9203
43.0526 24.8759 0.2230 14.4185 6.4173 0.2953 0.3521 0.1025 0.1638 0.0209 0.2343 0.2218 0.6178 2.2052 3.0488 2.8716 28.0484 118.9683 25.3793 79.2757 2.0499 1.4115 2.9730 2.1749 2.5341 7.9206 7.3971 2.3237 1.1178 9.9481 1.0276 2.6918 0.2403 0.0403 0.0548 0.0867 0.0069 0.0174 0.2755 0.8871 0.0880 0.3824 0.0291 0.0127 0.0066 0.0732 0.0000 0.0072 0.0004 0.0000 0.0000 0.0003 0.0000 0.0000 0.0000 0.0000 0.0014 0.0000 0.0000 0.0000 0.0000 0.0000 0.0000 0.0000 0.0000 0.1464 0.0770 0.0000 0.0000 0.9575
0.0758 0.8496 0.0106 0.8273 3.2788 1.5390 0.3660 0.3140 1.4524 0.1474 0.1986 0.4277 0.3215 5.0232 2.1083 6.8301 2.2465 21.2698 0.5874 0.7309 0.0953 0.1947 0.0162 0.0037 0.0336 0.0498 0.2035 0.0472 0.3776 3.0067 0.9383 6.4422 1.0867 0.2573 0.2403 0.3257 0.0664 0.0826 2.7638 4.2665 0.2923 5.7301 0.3304 0.3413 0.2725 0.7959 0.0391 0.0166 0.0108 0.0017 0.0011 0.0029 0.0042 0.0287 0.1691 0.0091 0.2145 0.0136 0.0036 0.0157 0.0000 0.0440 0.0001 0.0000 0.0000 0.0005 0.0000 0.0000 0.0000 0.0000
0.0004 0.0000 0.0000 0.0000 0.0000 0.0000 0.0000 0.0000 0.0000 0.1705 0.2978 0.0000 0.0000 1.7747 0.2332 1.2851 2.0675 12.6250 16.8650 27.0355 1.1745 4.1817 2.3778 0.1825 0.1380 0.4080 1.1728 1.7580 1.2175 15.9899 34.4934 38.2892 12.8209 0.6562 6.0597 11.5384 0.0792 0.0316 7.4968 3.9752 0.4689 11.9173 8.3328 3.3047 2.5901 8.8824 0.9675 0.5145 0.2199 0.0505 0.0522 0.0598 0.1794 0.4692 3.7928 0.4991 24.8707 4.5086 3.2625 3.6968 0.3507 2.2013 0.0892 0.0414 0.0620 0.0496 0.0357 0.0659 0.2374 0.0784
0.0089 0.0194 0.0005 0.0277 0.0001 0.0064 0.0001 0.0000 0.0000 0.0001 0.0000 0.0000 0.0000 0.0000 0.0000 0.0000 0.0000 0.0000 0.0000 0.0000 0.0000 0.0000 0.0000 0.0005 0.0016 0.0000 0.0000 0.0009 0.0030 0.1470 0.0076 0.0747 0.2282 0.0302 0.0471 0.3107 0.0171 0.0020 0.0689 0.0831 0.0102 0.9113 0.2401 0.3316 0.3765 7.0145 0.2483 0.0284 0.1206 0.0226 0.0028 0.0005 0.0105 0.0095 0.1894 0.0603 7.5399 0.6801 0.2788 0.3687 0.0776 0.6046 0.0131 0.0052 0.0201 0.0279 0.0424 0.0296 0.1464 0.1100
0.9145 4.7932 0.2468 3.4487 1.2289 0.1687 0.0359 0.0074 0.0496 0.0140 0.0106 0.0769 0.0468 0.0286 0.0256 0.0196 0.0434 0.2855 0.0001 0.1045 0.0003 0.0000 0.0000 0.0002 0.0000 0.0000 0.0000 0.0000 0.0000 0.0000 0.0000 0.0000 0.0000 0.0000 0.0000 0.0000 0.0000 0.0022 0.0667 0.0000 0.0000 0.3185 0.0358 0.1588 0.0597 0.6221 2.5923 0.3542 0.2544 0.1650 0.0787 0.0084 0.0147 0.0265 0.2127 0.4372 4.1618 0.5574 1.7436 2.0504 7.7706 4.4120 1.8241 0.5257 0.0901 0.0306 0.3274 0.0791 0.6168 1.0531
3.7877 2.8193 0.1155 1.8952 1.4890 0.2554 0.0361 0.0127 0.1100 0.1204 0.1905 0.5283 0.4384 0.6551 0.3564 0.5502 3.2989 22.2371 0.7391 1.9661 0.0769 0.0661 0.0538 0.0084 0.0052 0.0582 0.1220 0.0048 0.0257 0.3778 0.0268 0.2850 0.0003 0.0194 0.0008 0.0000 0.0000 0.0001 0.0000 0.0000 0.0000 0.0000 0.0002 0.0000 0.0000 0.0000 0.0000 0.0000 0.0000 0.0000 0.0000 0.0010 0.0073 0.0000 0.0000 0.0088 0.2553 0.1652 0.0423 0.1297 1.0444 2.1035 0.0763 0.1465 0.1533 0.0197 0.0174 0.0084 0.0412 0.5178
0.0622 0.3200 0.0507 0.7399 3.5510 15.0260 0.1831 0.6627 1.5730 0.3169 3.5524 3.3849 1.2741 0.7130 0.1408 0.0569 0.1921 0.5192 0.0447 0.1312 0.0049 0.0082 0.0071 0.0044 0.0057 0.0208 0.0445 0.0053 0.0136 0.1912 0.0366 0.2610 0.1026 0.0810 0.4737 0.7495 0.0594 0.0007 0.0110 0.0450 0.0045 0.0194 0.0727 0.1933 0.0995 1.1173 0.0007 0.1094 0.0021 0.0000 0.0001 0.0000 0.0000 0.0000 0.0000 0.0000 0.0078 0.0000 0.0000 0.0000 0.0000 0.0000 0.0000 0.0000 0.0000 0.0009 0.0031 0.0000 0.0000 0.0022
0.0115 0.1801 0.0035 0.1754 5.3037 0.2337 0.0552 0.0477 0.2206 0.0223 0.0206 0.0394 0.0327 0.7582 0.0843 0.0899 2.3438 4.1869 3.6074 1.1823 3.7353 0.3149 0.1127 0.0071 0.0544 0.0805 1.4143 0.2813 0.3039 0.7302 0.0792 0.2561 0.0432 0.0103 0.0095 0.0242 0.0027 0.0033 0.1099 0.1696 0.0231 0.2438 0.0675 0.0839 0.1168 1.3444 0.2327 0.1156 0.0748 0.0116 0.0080 0.0004 0.0006 0.0043 0.0255 0.0014 0.1163 0.0220 0.0059 0.0253 0.0000 0.0711 0.0001 0.0000 0.0000 0.0001 0.0000 0.0000 0.0000 0.0000
0.0000 0.0000 0.0000 0.0000 0.0000 0.0000 0.0000 0.0000 0.0000 0.0015 0.0055 0.0000 0.0000 0.0087 0.0093 0.0512 0.0828 0.5056 1.4261 1.0760 0.0467 0.1675 0.0946 0.0073 0.0055 0.0163 0.0467 0.0700 0.0255 0.4181 0.1766 0.5107 0.5230 0.3883 0.2457 17.7866 0.0469 0.0187 4.4091 2.3524 0.2089 0.8321 0.1354 0.0438 0.0345 0.1584 0.0203 0.0107 0.0066 0.0020 0.0015 0.0013 0.0038 0.0084 0.0506 0.0083 0.3317 0.0601 0.0435 0.1261 0.0380 0.9865 0.0528 0.0245 0.0367 0.0020 0.0014 0.0026 0.0095 0.0031
0.5339 5.0318 0.1338 7.1864 0.0321 1.6470 0.0102 0.0000 0.0055 0.0025 0.0000 0.0000 0.0000 0.0001 0.0034 0.0001 0.0012 0.0000 0.0000 0.0000 0.0000 0.0000 0.0000 0.0089 0.0276 0.0000 0.0000 0.0084 0.0057 0.2840 0.0193 0.1452 0.9369 0.0574 0.0900 0.5893 0.0326 0.0037 0.0727 0.0775 0.0105 1.7394 0.1526 0.0950 0.2453 1.5317 0.6493 3.3733 1.2205 0.6536 19.0684 0.7934 3.5316 3.1727 16.7467 0.8254 13.9539 0.4324 0.1772 0.2329 0.0490 0.3843 0.0083 0.0039 0.0129 0.0178 0.0271 0.0187 0.0925 0.0976
0.0231 0.0777 0.0056 0.3095 0.6066 0.3448 0.4400 0.0912 0.6073 0.0006 0.0005 0.0034 0.0021 0.0013 0.0093 0.4477 0.7901 6.5302 0.0011 1.0067 0.0004 0.0000 0.0003 0.0000 0.0000 0.0000 0.0000 0.0000 0.0001 0.0000 0.0000 0.0000 0.0000 0.0000 0.0000 0.0000 0.0000 0.0000 0.0029 0.0000 0.0000 0.0051 0.0006 0.0027 0.0013 0.0105 0.0439 0.0060 0.0043 0.0028 0.0013 0.0001 0.0002 0.0004 0.0036 0.0074 0.0422 0.0089 0.0143 0.0168 0.0214 1.2338 0.0093 0.0623 0.4480 8.9603 0.5490 0.1326 0.0827 0.0249
0.1075 0.0805 0.0033 0.0701 0.0651 0.0111 0.0023 0.0009 0.0065 0.0052 0.0083 0.0196 0.0125 0.0244 0.0133 0.0157 0.0942 0.6350 0.1161 1.1298 0.2650 0.5150 0.4191 0.0006 0.0004 0.0042 0.0089 0.0003 0.0151 10.3738 0.4541 8.0714 0.0024 0.1739 0.0023 0.0001 0.0003 0.0000 0.0000 0.0000 0.0000 0.0000 0.0004 0.0000 0.0000 0.0000 0.0000 0.0000 0.0000 0.0000 0.0000 0.0001 0.0005 0.0000 0.0000 0.0004 0.5639 0.3649 0.0935 0.2865 2.3069 4.6465 0.1685 0.3235 0.3386 0.0436 0.0385 0.0186 0.0911 1.1438
0.1308 0.6730 0.1066 1.5560 7.4681 9.4174 0.3852 1.3936 9.3378 3.9966 76.2098 42.6905 1.6551 0.9205 0.2981 0.1197 0.4041 1.0919 0.0940 0.2759 0.0103 0.0173 0.0149 0.0092 0.0119 0.0438 0.0936 0.0112 0.0286 0.4021 0.0770 0.5488 0.1325 0.1046 0.5679 0.8985 0.0712 0.0015 0.0232 0.0946 0.0094 0.0408 0.1529 2.4525 1.2630 14.0916 0.0087 1.3799 0.0088 0.0000 0.0011 0.0000 0.0000 0.0000 0.0000 0.0000 0.0290 0.0001 0.0001 0.0000 0.0000 0.0000 0.0000 0.0000 0.0000 0.0018 0.0065 0.0000 0.0000 0.0047
0.0031 0.0482 0.0012 0.0470 1.4207 0.0626 0.0148 0.0127 0.0591 0.0060 0.0055 0.0105 0.0087 0.2031 0.0127 0.0229 0.3029 0.5378 0.2407 5.2301 0.0391 0.5904 0.4803 0.1574 1.4434 5.4637 0.2834 0.0102 0.0192 0.0702 0.0076 0.0331 0.0065 0.0016 0.0021 0.0064 0.0005 0.0005 0.0166 0.0219 0.0022 0.0294 0.0065 0.0081 0.0113 0.0843 0.0132 0.0232 0.0583 0.0091 0.0062 0.0001 0.0002 0.0012 0.0068 0.0004 0.2497 0.5838 0.1563 0.6765 0.0008 1.8869 0.0006 0.0000 0.0005 0.0000 0.0000 0.0000 0.0000 0.0000
0.0010 0.0001 0.0000 0.0000 0.0000 0.0000 0.0000 0.0000 0.0000 0.0015 0.0056 0.0000 0.0000 0.0050 0.0083 0.0458 0.0741 0.4526 1.2767 0.9633 0.0419 0.1499 0.0847 0.0065 0.0055 0.0182 0.0470 0.0626 0.1166 0.8203 0.2101 1.7253 1.1326 0.5663 2.0706 6.1129 0.4844 0.0458 3.9717 2.1060 6.2061 15.7505 1.4886 0.3144 0.2480 0.8503 0.0920 0.0489 0.0211 0.0028 0.0050 0.0058 0.0173 0.0446 0.3608 0.0623 3.0860 0.4290 0.3104 1.3773 0.7187 18.6736 0.6097 0.2810 0.4209 0.0018 0.0013 0.0024 0.0085 0.0028
0.0209 0.3304 0.0070 0.4719 0.0012 0.0644 0.0004 0.0000 0.0002 0.0001 0.0000 0.0000 0.0000 0.0000 0.0001 0.0000 0.0000 0.0000 0.0000 0.0000 0.0000 0.0000 0.0000 0.0006 0.0011 0.0000 0.0000 0.0018 0.0014 0.0717 0.0037 0.0366 0.2365 0.0145 0.0227 0.1487 0.0082 0.0009 0.0449 0.0456 0.0056 0.4846 0.1317 0.0825 0.1526 1.3297 0.4951 0.0974 0.9080 0.0477 0.0327 0.0029 0.0223 0.0200 2.2511 9.2426 10.7062 0.7828 0.2569 0.3097 0.0751 0.5817 0.0172 0.0122 0.0474 0.0657 0.0994 0.0391 0.2427 0.3594
0.2718 0.7357 0.0532 4.3495 7.1267 0.8648 0.1368 0.0284 0.1888 0.0005 0.0004 0.0027 0.0017 0.0010 0.0009 0.0052 0.0091 0.0750 0.0000 0.0163 0.0000 0.0000 0.0000 0.0000 0.0000 0.0000 0.0000 0.0000 0.0000 0.0000 0.0000 0.0000 0.0000 0.0000 0.0000 0.0000 0.0000 0.0004 0.0024 0.0000 0.0000 0.0592 0.0067 0.0299 0.0112 0.1171 0.2833 0.0667 0.0482 0.0311 0.0148 0.0016 0.0069 0.0141 0.1023 0.1107 5.4136 0.4914 0.4753 1.5875 0.5510 0.4821 0.2107 0.0571 0.0493 0.0052 0.0358 0.0086 0.3400 0.5805
9.0185 3.9221 0.1607 2.6366 2.0714 0.3552 0.0503 0.0089 0.1530 0.1675 0.2650 0.7349 0.6099 0.9113 0.4958 0.7654 4.6177 13.1094 0.4357 1.1591 0.0451 0.0390 0.0315 0.0017 0.0010 0.0117 0.0246 0.0010 0.0052 0.0442 0.0031 0.0331 0.0000 0.0023 0.0002 0.0000 0.0000 0.0000 0.0000 0.0000 0.0000 0.0000 0.0000 0.0000 0.0000 0.0000 0.0000 0.0000 0.0000 0.0000 0.0000 0.0008 0.0015 0.0000 0.0000 0.0123 0.1045 0.0605 0.0118 0.0475 0.1812 0.8614 0.0312 0.0596 0.0628 0.0080 0.0305 0.0166 0.0739 0.4882
0.5198 1.0589 0.0576 3.7263 1.6585 0.0486 0.0910 0.0170 0.0423 0.0035 0.0386 0.0368 0.1597 1.1959 0.7879 3.3913 7.1156 12.1733 0.7011 2.0334 0.0303 0.0400 0.0842 0.0701 0.0907 0.4535 1.6381 0.1389 0.4424 7.9615 0.8535 1.4598 0.1618 0.0271 0.0283 0.0450 0.0035 0.0003 0.0046 0.0189 0.0019 0.0082 0.0034 0.0021 0.0011 0.0121 0.0000 0.0012 0.0000 0.0000 0.0000 0.0000 0.0000 0.0000 0.0000 0.0000 0.0002 0.0000 0.0000 0.0000 0.0000 0.0000 0.0000 0.0000 0.0000 0.0044 0.0013 0.0000 0.0000 0.0381
0.0041 0.0460 0.0006 0.0448 0.2786 0.0833 0.0197 0.0169 0.0786 0.0079 0.0315 0.0678 0.0510 0.6222 0.3343 0.2400 0.3743 2.9811 0.1238 0.0621 0.0214 0.0165 0.0050 0.0003 0.0029 0.0042 0.0633 0.0245 0.1174 2.8418 0.9610 2.4559 0.3236 0.0762 0.0400 0.0970 0.0199 0.0247 0.8230 1.5103 0.2581 2.2669 0.2918 0.3014 0.2305 0.4158 0.0298 0.0111 0.0054 0.0008 0.0006 0.0002 0.0002 0.0015 0.0091 0.0005 0.0129 0.0012 0.0003 0.0013 0.0000 0.0037 0.0000 0.0000 0.0000 0.0000 0.0000 0.0000 0.0000 0.0000
0.0000 0.0000 0.0000 0.0000 0.0000 0.0000 0.0000 0.0000 0.0000 0.0036 0.0011 0.0000 0.0000 0.0390 0.0025 0.0099 0.0103 0.0977 0.0361 0.2904 0.0127 0.0452 0.0255 0.0020 0.0064 0.0214 0.0551 0.0437 0.1367 0.8935 0.0211 0.2719 0.0258 0.0014 0.0129 0.0247 0.0005 0.0001 0.0160 0.0085 0.0045 0.1754 0.0801 0.1460 0.3311 2.6798 0.2040 0.1072 0.0259 0.0062 0.0110 0.0126 0.0378 0.1169 0.5158 0.1162 1.3065 0.1956 0.0777 0.0541 0.0075 0.0412 0.0010 0.0005 0.0007 0.0005 0.0004 0.0007 0.0026 0.0008
0.0163 0.0249 0.0007 0.0356 0.0002 0.0082 0.0001 0.0000 0.0000 0.0009 0.0000 0.0000 0.0000 0.0000 0.0000 0.0000 0.0000 0.0000 0.0000 0.0000 0.0000 0.0000 0.0000 0.0397 0.0103 0.0000 0.0000 0.1169 0.0240 0.5065 0.0182 0.2573 0.2176 0.2429 0.3786 2.4952 0.1373 0.0193 1.9877 2.3673 0.2898 18.7166 5.0865 1.3336 0.2287 3.1098 0.1895 0.0270 0.0980 0.0216 0.0035 0.0005 0.0100 0.0091 0.2429 0.1365 9.6714 2.0209 2.3821 6.6511 11.7188 73.5475 0.7612 0.5406 2.0962 2.7003 4.0819 1.8285 2.9344 7.7200
2.0497 5.6863 0.2217 1.3376 1.2263 0.1488 0.0235 0.0049 0.0325 0.0234 0.0176 0.1051 0.0640 0.0388 0.0059 0.0032 0.0070 0.0464 0.0000 0.0170 0.0001 0.0000 0.0000 0.0002 0.0000 0.0000 0.0000 0.0000 0.0000 0.0000 0.0000 0.0000 0.0000 0.0000 0.0000 0.0000 0.0000 0.0374 0.1112 0.0000 0.0000 4.4697 0.0316 0.0586 0.0154 0.2297 0.1254 0.3124 0.2244 0.1455 0.0694 0.0146 0.1327 0.2712 1.9735 0.9860 67.3275 1.8324 0.1644 0.8564 0.1015 0.2135 0.0391 0.0254 0.0091 0.0015 0.0158 0.0038 0.0626 0.2122
0.0857 0.4277 0.0504 1.7458 9.3642 3.5848 0.1669 0.0533 0.9190 0.9055 0.9829 1.6635 0.4513 2.1941 0.1814 0.1773 0.5733 0.4208 0.0362 0.0748 0.0022 0.0019 0.0015 0.0014 0.0008 0.0048 0.0101 0.0004 0.0003 0.0017 0.0001 0.0013 0.0000 0.0001 0.0000 0.0000 0.0000 0.0000 0.0000 0.0000 0.0000 0.0000 0.0000 0.0000 0.0000 0.0000 0.0000 0.0000 0.0000 0.0000 0.0000 0.0043 0.0012 0.0000 0.0000 0.0369 0.0568 0.0077 0.0011 0.0060 0.0064 0.2343 0.0170 0.0376 0.0820 0.0234 0.2445 0.0591 0.2626 0.1025
12.0343 7.9655 0.0710 4.6170 2.0549 0.1361 0.1120 0.0475 0.0521 0.0096 0.1080 0.1029 0.1978 1.6870 0.9762 0.9842 9.4364 40.0246 16.2315 76.6913 63.4204 25.0464 52.4311 14.0143 8.3801 9.7495 9.8056 6.1144 2.9414 8.0954 1.0706 1.2720 0.6324 0.1066 0.1113 0.1760 0.0140 0.0683 1.0832 0.8218 0.1960 1.3122 0.0135 0.0059 0.0030 0.0338 0.0000 0.0033 0.0002 0.0000 0.0000 0.0008 0.0000 0.0000 0.0001 0.0000 0.0010 0.0000 0.0000 0.0000 0.0000 0.0000 0.0000 0.0000 0.0000 2.5975 0.3025 0.0000 0.0000 2.5352
0.0067 0.0217 0.0005 0.0211 0.0838 0.0673 0.0324 0.0320 0.4701 0.0935 1.1576 0.9748 0.2381 0.2184 0.1188 0.0297 0.0377 0.1745 0.0143 0.0187 0.0023 0.0050 0.0003 0.0001 0.0009 0.0013 0.0037 0.0037 0.0068 0.1127 0.0345 0.2371 0.2213 0.0849 0.7504 11.5258 0.3729 0.1563 2.3159 0.9533 0.0456 3.1160 0.1303 0.0317 0.0305 0.0382 0.0123 0.0046 0.0022 0.0003 0.0002 0.0019 0.0026 0.0025 0.0547 0.0046 0.0055 0.0003 0.0001 0.0004 0.0000 0.0011 0.0000 0.0000 0.0000 0.0002 0.0000 0.0000 0.0000 0.0000
0.0000 0.0000 0.0000 0.0000 0.0000 0.0000 0.0000 0.0000 0.0000 1.2707 0.0673 0.0000 0.0000 0.4035 0.0116 0.0135 0.0155 0.1325 0.0490 0.6735 0.0588 0.2413 0.2844 0.0490 0.4386 0.6493 1.6801 0.0832 0.3394 0.7666 0.0182 0.2333 0.0222 0.0019 0.0111 0.0335 0.0005 0.0001 0.0216 0.0115 0.0039 0.4222 0.0687 0.1003 0.2233 1.6169 0.9747 0.8340 3.3770 0.8102 1.9252 0.5303 0.7300 0.5186 1.4669 1.2544 9.4421 0.3352 0.1674 0.0809 0.0502 0.2783 0.0068 0.0031 0.0047 0.0133 0.0096 0.0033 0.0286 0.0145
0.0008 0.0012 0.0000 0.0018 0.0000 0.0004 0.0000 0.0000 0.0000 0.0004 0.0000 0.0000 0.0000 0.0000 0.0000 0.0000 0.0000 0.0000 0.0000 0.0000 0.0000 0.0000 0.0000 0.1796 0.0093 0.0000 0.0000 0.0639 0.0025 0.0532 0.0019 0.0272 0.0229 0.0255 0.0398 0.2722 0.0301 0.0112 3.3044 0.9865 0.1208 1.9795 0.6163 0.1402 0.0240 0.3269 0.0200 0.0028 0.0103 0.0023 0.0004 0.0000 0.0011 0.0010 0.0258 0.0349 1.0229 0.2177 0.2519 0.6991 0.7377 9.3045 0.6781 0.5060 1.8674 5.6416 3.3351 0.3414 0.5936 3.1001
9.5115 8.1603 0.4099 2.4424 7.6076 0.6906 0.1092 0.0228 0.1508 0.1242 0.1184 0.1285 0.1633 0.1535 0.0072 0.0039 0.0086 0.0567 0.0000 0.0207 0.0001 0.0000 0.0000 0.0006 0.0000 0.0000 0.0000 0.0000 0.0000 0.0000 0.0000 0.0000 0.0000 0.0000 0.0000 0.0000 0.0000 0.7832 0.7474 0.0000 0.0000 20.7413 0.0742 0.1379 0.0362 0.5402 0.2950 0.7349 0.5278 0.3423 0.1632 0.0518 1.3750 0.7217 5.2525 2.3194 113.4533 4.3369 0.3866 2.0270 0.2387 0.5021 0.0918 0.0598 0.0218 0.0035 0.0372 0.0090 0.1491 1.2224
0.0808 0.4157 0.0481 1.6656 6.0168 1.2420 0.3973 0.1284 2.1738 4.3850 8.6658 2.8188 0.8237 7.9478 0.6572 0.1987 0.8223 0.6036 0.1743 0.2725 0.0079 0.0068 0.0056 0.0015 0.0012 0.0046 0.0096 0.0006 0.0003 0.0016 0.0001 0.0012 0.0000 0.0001 0.0000 0.0000 0.0000 0.0000 0.0000 0.0000 0.0000 0.0000 0.0000 0.0000 0.0000 0.0000 0.0000 0.0000 0.0000 0.0000 0.0000 0.0201 0.0017 0.0000 0.0000 0.1345 0.1069 0.0330 0.0041 0.0259 0.0273 0.8809 0.0319 0.0613 0.0642 0.0082 0.0662 0.0189 0.0840 0.5545
0.4460 0.5475 0.0049 0.3173 0.1412 0.0055 0.0077 0.0019 0.0036 0.0004 0.0044 0.0042 0.0135 0.1167 0.0671 0.1411 1.3780 5.8086 1.2391 3.5941 0.0935 0.1232 0.2594 0.2147 0.2796 1.8227 1.4951 0.4125 0.1985 1.1604 0.1199 0.1424 0.0429 0.0072 0.0075 0.0119 0.0009 0.0002 0.0036 0.0146 0.0014 0.0063 0.0005 0.0002 0.0001 0.0014 0.0000 0.0001 0.0000 0.0000 0.0000 0.0000 0.0000 0.0000 0.0000 0.0000 0.0000 0.0000 0.0000 0.0000 0.0000 0.0000 0.0000 0.0000 0.0000 0.0135 0.0010 0.0000 0.0000 0.1131
0.0038 0.0423 0.0005 0.0412 0.2408 0.0766 0.0182 0.0156 0.0723 0.0073 0.0642 0.0667 0.0502 0.6161 0.3310 0.2220 0.3255 2.5925 0.1070 0.0537 0.0185 0.0143 0.0044 0.0003 0.0025 0.0037 0.0547 0.0383 0.1015 2.4714 0.7665 2.2719 0.6600 0.1553 0.1562 0.3807 0.0776 0.0965 3.2106 6.1523 1.1463 9.2917 1.1959 0.6913 0.5189 0.6502 0.1125 0.0421 0.0204 0.0032 0.0022 0.0001 0.0002 0.0014 0.0084 0.0005 0.0112 0.0010 0.0003 0.0012 0.0000 0.0032 0.0000 0.0000 0.0000 0.0000 0.0000 0.0000 0.0000 0.0000
0.0000 0.0000 0.0000 0.0000 0.0000 0.0000 0.0000 0.0000 0.0000 0.0100 0.0007 0.0000 0.0000 0.1109 0.0012 0.0028 0.0031 0.0276 0.0102 0.1393 0.0061 0.0217 0.0123 0.0016 0.0140 0.0216 0.0558 0.0233 0.0728 0.2519 0.0064 0.0767 0.0078 0.0004 0.0039 0.0070 0.0002 0.0000 0.0045 0.0024 0.0018 0.1925 0.0242 0.0457 0.0975 0.6240 0.2239 0.1176 0.1081 0.0258 0.0458 0.0529 0.1576 0.2264 0.6688 0.8598 4.2785 0.1519 0.0763 0.0367 0.0229 0.1261 0.0031 0.0014 0.0021 0.0004 0.0003 0.0003 0.0012 0.0005
0.0006 0.0010 0.0000 0.0014 0.0000 0.0003 0.0000 0.0000 0.0000 0.0001 0.0000 0.0000 0.0000 0.0000 0.0000 0.0000 0.0000 0.0000 0.0000 0.0000 0.0000 0.0000 0.0000 0.0229 0.0012 0.0000 0.0000 0.0726 0.0009 0.0266 0.0014 0.0136 0.0416 0.0087 0.0136 0.0899 0.0050 0.0010 0.2164 0.1206 0.0148 0.6744 0.1844 0.0778 0.0686 0.7017 0.0568 0.0052 0.0294 0.0041 0.0014 0.0001 0.0019 0.0017 0.0950 0.1283 2.8994 0.8000 0.4121 0.4968 0.2305 1.7739 0.0829 0.0585 0.2282 0.3146 0.4786 0.1837 1.0203 1.7206
1.6404 1.2361 0.0617 0.3700 0.8620 0.1046 0.0166 0.0034 0.0228 0.0006 0.0004 0.0018 0.0011 0.0008 0.0004 0.0003 0.0006 0.0042 0.0000 0.0015 0.0000 0.0000 0.0000 0.0000 0.0000 0.0000 0.0000 0.0000 0.0000 0.0000 0.0000 0.0000 0.0000 0.0000 0.0000 0.0000 0.0000 0.0021 0.0027 0.0000 0.0000 0.3138 0.0009 0.0037 0.0014 0.0147 0.0290 0.0092 0.0066 0.0043 0.0020 0.0002 0.0022 0.0035 0.0252 0.0274 1.3406 0.1082 0.0597 0.2816 0.0368 0.0494 0.0142 0.0059 0.0033 0.0003 0.0037 0.0009 0.0227 0.1510
0.3307 2.8233 0.0943 1.4023 1.8740 0.3174 0.0297 0.0094 0.1625 0.1768 0.2815 0.9055 0.9503 1.2471 0.6826 1.6956 4.3621 3.2018 0.2219 0.4611 0.0134 0.0115 0.0094 0.0002 0.0001 0.0015 0.0032 0.0001 0.0006 0.0042 0.0003 0.0032 0.0000 0.0002 0.0000 0.0000 0.0000 0.0000 0.0000 0.0000 0.0000 0.0000 0.0000 0.0000 0.0000 0.0000 0.0000 0.0000 0.0000 0.0000 0.0000 0.0008 0.0002 0.0000 0.0000 0.0140 0.0233 0.0151 0.0029 0.0117 0.0448 0.1918 0.0070 0.0133 0.0140 0.0018 0.0068 0.0023 0.0101 0.0671
0.1591 0.3303 0.0317 1.3151 0.9131 0.0268 0.0501 0.0093 0.0233 0.0019 0.0214 0.0202 0.0879 1.0792 0.4365 0.7302 1.9858 3.6138 0.4422 1.2825 0.0282 0.0372 0.0783 0.0653 0.0844 0.3297 1.1909 0.1293 0.4118 5.7878 1.5963 1.3174 0.2102 0.0352 0.0368 0.0585 0.0046 0.0001 0.0023 0.0094 0.0009 0.0040 0.0019 0.0012 0.0006 0.0067 0.0000 0.0007 0.0000 0.0000 0.0000 0.0000 0.0000 0.0000 0.0000 0.0000 0.0001 0.0000 0.0000 0.0000 0.0000 0.0000 0.0000 0.0000 0.0000 0.0045 0.0006 0.0000 0.0000 0.0354
0.0100 0.1560 0.0030 0.1519 4.5940 0.2024 0.0478 0.0413 0.1911 0.0193 0.0369 0.0795 0.0598 0.7294 0.3919 0.3029 2.4284 12.3207 3.1246 1.0241 0.5395 0.2728 0.1273 0.0081 0.0471 0.0698 1.5977 1.8822 1.2561 7.1215 0.6188 1.8228 0.3566 0.0834 0.0659 0.1597 0.0328 0.0405 1.3550 1.9067 0.3258 3.8974 1.0790 1.3416 1.8676 46.8019 1.5668 0.5860 0.2817 0.0441 0.0301 0.0004 0.0005 0.0038 0.0222 0.0012 0.1007 0.0191 0.0051 0.0221 0.0000 0.0616 0.0001 0.0000 0.0000 0.0001 0.0000 0.0000 0.0000 0.0000
0.0000 0.0000 0.0000 0.0000 0.0000 0.0000 0.0000 0.0000 0.0000 0.0032 0.0014 0.0000 0.0000 0.0328 0.0004 0.0020 0.0032 0.0196 0.0553 0.0417 0.0018 0.0065 0.0037 0.0003 0.0030 0.0033 0.0085 0.0035 0.0111 0.0663 0.0170 0.1395 0.0809 0.0111 0.1435 0.1201 0.0095 0.0009 0.0776 0.0414 0.0777 8.4299 0.1064 0.0777 0.0491 0.1525 0.0340 0.0179 0.0164 0.0039 0.0070 0.0106 0.0318 0.0346 0.3127 0.0869 4.3025 0.2488 0.1811 0.5687 2.2785 5.5580 0.1349 0.0622 0.0937 0.0001 0.0000 0.0001 0.0004 0.0001
0.0817 1.3014 0.0275 1.8586 0.0049 0.2520 0.0016 0.0000 0.0008 0.0009 0.0000 0.0000 0.0000 0.0000 0.0005 0.0000 0.0002 0.0000 0.0000 0.0000 0.0000 0.0000 0.0000 0.2555 0.0092 0.0000 0.0000 0.5064 0.0295 1.4781 0.0765 0.7556 4.8761 0.2985 0.4683 3.0670 0.1688 0.0195 1.7611 0.9812 0.1201 9.0527 1.5010 0.9060 1.6860 14.6031 6.1903 6.9513 11.6361 3.4019 2.3213 0.2039 1.5827 1.4218 159.6603 46.0374 133.8585 11.0745 3.6347 4.3540 1.8878 14.5263 0.6744 0.4790 1.8687 2.5766 3.9190 1.5043 8.3036 14.0899
0.7539 1.0537 0.0762 2.9688 19.7675 19.4702 2.1001 0.4353 2.8805 0.0007 0.0005 0.0039 0.0024 0.0015 0.0046 0.0258 0.0456 0.3741 0.0001 0.0815 0.0001 0.0000 0.0000 0.0000 0.0000 0.0000 0.0000 0.0000 0.0000 0.0000 0.0000 0.0000 0.0000 0.0000 0.0000 0.0000 0.0000 0.0012 0.0034 0.0000 0.0000 0.1642 0.0012 0.0054 0.0027 0.0210 0.0877 0.0120 0.0086 0.0056 0.0027 0.0003 0.0010 0.0010 0.0072 0.0148 0.2611 0.0237 0.0285 0.0766 0.0627 4.3241 0.0877 0.1245 0.6821 0.0720 0.1829 0.0442 0.7787 1.0194
0.1200 0.1795 0.0059 0.0875 0.1425 0.0240 0.0073 0.0023 0.0400 0.0435 0.0692 0.1048 0.0978 0.3067 0.1679 0.0827 0.4957 2.3643 1.4683 16.8846 6.0277 3.5129 2.8405 0.0001 0.0001 0.0010 0.0021 0.0001 0.0036 0.2811 0.0159 0.2121 0.0001 0.0061 0.0002 0.0000 0.0000 0.0000 0.0000 0.0000 0.0000 0.0000 0.0000 0.0000 0.0000 0.0000 0.0000 0.0000 0.0000 0.0000 0.0000 0.0002 0.0001 0.0000 0.0000 0.0034 0.0062 0.0040 0.0010 0.0032 0.0255 0.0514 0.0019 0.0036 0.0037 0.0005 0.0009 0.0002 0.0010 0.0127
0.0104 0.0229 0.0028 0.0917 0.2821 0.4255 0.0563 0.0361 0.8691 0.1636 0.1924 0.1833 0.5464 1.3218 0.0568 0.0299 0.0809 0.1481 0.0224 0.0649 0.0036 0.0048 0.0100 0.0083 0.0108 0.0254 0.0820 0.0166 0.0526 0.2358 0.0452 0.3509 0.4955 0.4623 4.0136 41.7756 2.0196 0.0000 0.0006 0.0024 0.0002 0.0010 0.0039 0.0779 0.0375 0.4106 0.0000 0.0084 0.0001 0.0000 0.0000 0.0000 0.0000 0.0000 0.0000 0.0000 0.0004 0.0000 0.0000 0.0000 0.0000 0.0000 0.0000 0.0000 0.0000 0.0006 0.0002 0.0000 0.0000 0.0045
0.0012 0.0182 0.0005 0.0178 0.5369 0.0237 0.0056 0.0048 0.0223 0.0023 0.0044 0.0044 0.0033 0.0768 0.0149 0.0115 0.1145 0.4679 0.1343 3.4677 0.0843 0.2231 0.6601 0.0945 0.0910 0.1338 1.3730 0.2159 0.0536 0.2574 0.0224 0.0659 0.0229 0.0054 0.0108 0.0261 0.0053 0.0066 0.2211 0.1875 0.0285 0.6359 0.1760 0.0698 0.0972 0.7913 0.7260 1.5027 6.0097 3.7792 6.0104 0.0000 0.0001 0.0004 0.0026 0.0001 0.0949 0.2722 0.0681 0.2893 0.0001 0.1670 0.0001 0.0000 0.0000 0.0000 0.0000 0.0000 0.0000 0.0000
0.0005 0.0000 0.0000 0.0000 0.0000 0.0000 0.0000 0.0000 0.0000 0.0176 0.0053 0.0000 0.0000 0.1768 0.4184 0.1476 0.9298 1.4589 0.4344 5.9758 0.5282 2.1677 3.8885 11.2080 1.3123 3.0493 1.1068 0.3886 0.1790 1.3652 0.1136 0.3367 0.1584 0.0169 0.0748 0.2972 0.0020 0.0008 0.1919 0.1018 0.0091 0.1238 0.0715 0.0315 0.0714 0.5171 0.1371 0.1173 0.3970 0.1630 0.0874 0.0369 0.0489 0.0408 0.1112 0.0795 0.5986 0.0422 0.0280 0.0382 0.0036 0.0427 0.0023 0.0011 0.0016 177.3903 45.5512 0.1182 1.7963 55.2218
0.0170 0.0067 0.0002 0.0096 0.0000 0.0022 0.0001 0.0000 0.0000 0.1901 0.0000 0.0001 0.0053 0.0323 0.0001 0.0000 0.0010 0.0001 0.0000 0.0000 0.0000 0.0000 0.0000 0.0304 0.2032 0.0000 0.0000 0.0025 0.0397 0.1927 0.0261 0.0985 0.0833 0.0930 0.2949 2.2266 0.3890 2.1033 6.3705 4.2192 0.0725 2.8023 0.1122 0.0757 0.0458 0.1431 0.0437 0.0104 0.0211 0.0083 0.0005 0.0002 0.0038 0.0035 0.0183 0.0031 0.3228 0.0207 0.0244 0.0682 0.0349 0.4408 0.0753 0.0916 0.1078 0.0691 0.0465 0.0082 0.0137 0.0596
0.0007 0.0012 0.0001 0.0013 0.0005 0.0001 0.0000 0.0000 0.0001 1.8114 8.2414 0.0074 0.0215 1.6850 0.0002 0.0000 0.0001 0.0008 0.0000 0.0003 0.0000 0.0000 0.0000 0.0012 0.0000 0.0000 0.0008 0.0003 0.0000 0.0000 0.0000 0.0000 0.0000 0.0000 0.0000 0.0000 0.0000 0.0005 0.0813 0.0000 0.0000 0.0015 2.1624 0.0734 0.0430 0.2875 0.0171 0.0632 0.1834 0.0404 0.0193 0.0023 0.0036 0.0065 0.0514 0.0529 0.3015 0.0375 0.0118 0.0141 0.0083 0.0293 0.0030 0.0035 0.0004 0.0002 0.0022 0.0005 0.0017 0.0018
0.0272 0.0425 0.0050 0.1733 0.2720 0.0466 0.0190 0.0078 0.0543 0.0220 0.0348 0.0722 0.0203 0.0952 0.0079 0.0081 0.0447 0.0927 0.0031 0.0136 0.0009 0.0008 0.0006 0.0205 0.0067 15.8431 1.3386 0.0188 0.0176 0.0063 0.0004 0.0047 0.0000 0.0003 0.0005 0.0000 0.0000 0.0016 0.0000 0.0000 0.0000 0.0002 0.0001 0.0000 0.0000 0.0000 0.0000 0.0000 0.0000 0.0000 0.0000 0.0006 0.0045 0.0000 0.0000 0.0016 9.8718 0.4114 0.3650 0.3231 0.0612 2.2481 0.3076 0.3648 1.2121 0.1948 0.1377 0.0664 0.1155 0.5534
0.3090 0.9290 0.0292 0.4365 0.9679 0.0739 0.0496 0.0258 0.0148 0.0052 0.0586 0.0559 0.0305 0.0583 0.0665 0.0364 0.3554 1.5073 0.2220 0.6478 0.1172 0.3027 0.1690 0.0452 0.0280 0.0904 0.0876 0.0265 0.0128 0.1207 0.0211 0.0707 0.0054 0.0019 0.0045 0.0071 0.0006 0.1177 1.1180 8.0838 14.5335 6.3828 0.1484 0.0032 0.0016 0.0183 0.0000 0.0018 0.0020 0.0000 0.0000 0.0173 0.0000 0.0000 0.0005 0.0003 0.0190 0.0000 0.0003 0.0000 0.0000 0.0000 0.0000 0.0000 0.0000 0.0314 0.1134 0.0000 0.0000 0.0110
0.1106 0.1114 0.0093 0.1078 0.2153 0.1740 0.0837 0.0828 1.2150 1.5233 0.2377 0.4414 0.0989 0.5645 0.0353 0.0374 0.0975 0.1775 0.0367 0.0483 0.0060 0.0128 0.0009 0.0002 0.0022 0.0033 0.0062 0.0008 0.0050 0.0252 0.0079 0.0541 0.0181 0.0043 0.0432 0.2051 0.0112 0.0044 0.0684 0.0535 0.0025 0.0937 0.0039 0.0029 0.0036 0.0129 0.0006 0.0005 0.0005 0.0001 0.0001 1.0484 1.2291 0.0416 1.2675 30.0743 0.0967 0.0009 0.0002 0.0010 0.0000 0.0029 0.0000 0.0000 0.0000 0.0567 0.0000 0.0000 0.0026 0.0086
0.0000 0.0000 0.0000 0.0000 0.0000 0.0000 0.0000 0.0000 0.0000 0.0065 0.0331 0.0000 0.0000 0.0022 0.0340 0.3169 4.1893 3.1324 0.1269 0.2874 0.0171 0.0445 0.0253 0.0022 0.0015 0.0043 0.0124 0.0187 0.0068 0.1117 0.0334 0.0959 0.0465 0.0398 0.0220 0.2985 0.0048 0.0019 0.4549 0.2412 0.0091 0.0364 0.0209 0.0083 0.0065 0.0423 0.0054 0.0029 0.0018 0.0005 0.0004 0.0003 0.0010 0.0022 0.0095 0.0022 0.0623 0.0113 0.0082 0.0112 0.0017 0.0429 0.0054 0.0025 0.0038 0.0021 0.0008 0.0096 0.0511 0.0057
48.4448 0.0842 0.0023 0.1203 0.0009 0.0276 0.0266 0.0001 0.0003 0.0089 0.0000 0.0001 0.0000 0.0001 0.0425 0.0011 0.0144 0.0005 0.0000 0.0002 0.0000 0.0000 0.0000 0.0004 0.0012 0.0000 0.0000 0.0004 0.0023 0.1130 0.0077 0.0578 0.3729 0.0228 0.0356 0.2345 0.0129 0.0015 0.0289 0.0308 0.0042 0.6880 0.0218 0.0318 0.0970 0.2959 0.1957 0.7653 0.0951 0.2585 0.5264 0.3081 1.7127 1.5386 0.9762 0.0481 0.8389 0.0396 0.0161 0.0287 0.0070 0.0552 0.0017 0.0016 0.0025 0.0025 0.0038 0.0023 0.0085 0.0085
0.0043 0.0188 0.0014 0.0488 0.0939 0.0530 0.0677 0.0398 0.2637 0.0006 0.0005 0.0035 0.0022 0.0013 0.0098 10.5735 4.3979 48.8919 0.0046 4.0639 0.0015 0.0000 0.0012 0.0000 0.0000 0.0000 0.0000 0.0000 0.0002 0.0001 0.0000 0.0000 0.0000 0.0000 0.0000 0.0000 0.0000 0.0000 0.0031 0.0000 0.0000 0.0018 0.0007 0.0030 0.0024 0.0116 0.0484 0.0066 0.0048 0.0031 0.0015 0.0002 0.0003 0.0005 0.0040 0.0082 0.0466 0.0099 0.0157 0.0185 0.0236 1.3614 0.0085 0.0687 0.2445 0.1335 0.6095 0.1463 0.0451 0.0136
