0.3246 0.3382 0.0000 0.3620 0.3559 0.2923 0.2578 0.2326 0.3580 0.3069 0.2969 0.2823 0.2562 0.3507 0.2295 0.2713 0.2892 0.3684 0.2891 0.3156 0.2055 0.2571 0.1816 0.1936 0.2158 0.2303 0.2047 0.1872 0.2395 0.3030 0.1953 0.2914 0.2434 0.2318 0.2150 0.2048 0.2081 0.1533 0.2727 0.2505 0.2066 0.2494 0.1565 0.2044 0.2409 0.2967 0.1925 0.1473 0.1797 0.1315 0.1411 0.2044 0.1937 0.3087 0.3652 0.2510 0.3704 0.1971 0.1534 0.1825 0.1106 0.2587 0.1809 0.1159 0.0960 0.2317 0.0876 0.1114 0.1413 0.1287
0.4615 0.4756 0.0000 0.4756 0.4013 0.3050 0.1541 0.1459 0.3464 0.9310 1.0276 0.2650 0.1326 0.8833 1.0061 1.5737 1.4000 2.1420 1.3503 1.6735 0.9966 1.3025 1.0990 1.0527 0.9490 1.0742 0.9900 1.1199 1.1187 1.5665 0.9286 1.2864 1.1080 0.9857 0.9539 0.9268 0.7619 0.5544 1.1659 1.0020 0.8746 0.9783 0.7675 0.9407 1.1429 1.4949 1.0524 0.7779 0.9065 0.7019 0.7570 0.7798 0.8309 0.8016 1.1496 0.9816 1.4129 1.0284 0.8713 0.9396 0.8272 1.2321 0.8842 0.7941 0.6789 0.9584 0.9253 1.1162 1.2766 0.8747
0.0428 0.0446 0.0000 0.0493 0.0339 0.0372 0.0307 0.0192 0.0295 0.0437 0.0210 0.0255 0.0222 0.0267 0.0290 0.0250 0.0336 0.0326 0.0193 0.0247 0.0095 0.0119 0.0155 0.0402 0.0408 0.0150 0.0076 0.0351 0.0529 0.0783 0.0598 0.0667 0.0499 0.0505 0.0460 0.0439 0.0448 0.0299 0.0498 0.0454 0.0395 0.0547 0.0335 0.0456 0.0538 0.0654 0.0497 0.0351 0.0443 0.0350 0.0312 0.0300 0.0377 0.0337 0.0482 0.0400 0.0696 0.0460 0.0383 0.0439 0.0422 0.0608 0.0418 0.0412 0.0341 0.0432 0.0452 0.0407 0.0471 0.0404
0.9619 1.4330 0.0000 1.5648 1.5135 1.0901 0.9040 0.7915 1.2565 1.5530 1.4179 1.7462 1.6224 1.5746 1.5589 1.1381 1.2474 1.6987 0.9197 1.5578 1.0900 0.9008 0.7587 1.3309 0.5627 0.8528 0.7511 0.7059 1.1638 1.0953 0.8375 0.8854 0.5677 0.5913 0.3371 0.3277 0.4967 0.7144 1.3684 0.4782 0.2394 1.0934 1.1780 1.9209 1.8824 3.0592 1.6776 1.3149 1.5508 1.2812 1.3332 1.1499 1.1698 1.1090 1.6853 1.7261 2.3494 1.7327 1.4060 1.4970 1.5437 2.0727 1.5737 1.5271 1.0602 1.2519 1.5500 1.3019 1.5393 1.2697
1.8900 2.5541 0.0000 3.0296 3.1779 2.2119 1.7110 1.5866 2.5308 2.5616 2.6249 2.5422 2.1790 2.6387 1.8257 2.2292 2.5511 3.2854 2.2064 2.6718 1.6448 1.9043 1.6565 2.1092 1.8336 2.8113 2.4181 1.8366 2.6266 2.5381 1.4417 2.2332 1.1660 1.7522 1.6335 1.0483 1.0277 1.1747 0.9807 1.1431 0.9878 1.1356 1.1550 1.1022 1.5350 1.4232 0.8162 0.6593 0.5013 0.3967 0.6368 1.4908 1.7102 0.5258 0.4401 1.8366 3.5043 2.8431 2.1530 2.5459 3.5321 4.1946 2.9119 2.9518 2.4476 2.5998 2.6016 2.3179 2.8407 2.8989
0.5373 0.8114 0.0000 0.9350 1.1289 0.7333 0.6283 0.5947 0.7664 0.7224 0.8749 0.7841 0.6871 0.8066 0.6455 0.7026 0.7656 1.0080 0.7342 0.8587 0.5049 0.6185 0.5409 0.6188 0.5840 0.6733 0.6054 0.5520 0.6510 0.8997 0.5563 0.8327 0.6124 0.6041 0.5528 0.4968 0.5032 0.3612 0.6029 0.6167 0.5431 0.5511 0.4246 0.5758 0.6283 0.8536 0.3812 0.4585 0.3969 0.2072 0.2869 0.3331 0.1623 0.1888 0.2937 0.2685 0.5538 0.2845 0.2800 0.2274 0.1785 0.2807 0.1255 0.1219 0.1560 0.5376 0.6066 0.1453 0.0990 0.4919
0.1720 0.2565 0.0000 0.2745 0.3259 0.2888 0.2097 0.2005 0.3085 0.2616 0.2560 0.2435 0.2211 0.3212 0.2103 0.2485 0.2648 0.3373 0.2648 0.2890 0.1882 0.2355 0.1663 0.1773 0.1976 0.2108 0.1874 0.1714 0.2193 0.2774 0.1790 0.2669 0.2228 0.2124 0.1856 0.1765 0.1797 0.1404 0.2498 0.2295 0.1891 0.2283 0.1433 0.1872 0.2205 0.2717 0.1763 0.1349 0.1646 0.1204 0.1292 0.1567 0.1566 0.1721 0.2463 0.1849 0.2713 0.1805 0.1404 0.1671 0.1012 0.2369 0.1325 0.0849 0.0853 0.1562 0.0642 0.0816 0.1027 0.0935
0.0381 0.0393 0.0000 0.0393 0.0332 0.0252 0.0127 0.0120 0.0286 0.0905 0.0999 0.0219 0.0109 0.0912 0.0866 0.0940 0.0991 0.1358 0.1119 0.1545 0.1111 0.1235 0.1042 0.0999 0.0900 0.1019 0.0938 0.1000 0.0999 0.1336 0.0770 0.1069 0.0919 0.0817 0.0791 0.0769 0.0632 0.0460 0.0966 0.0831 0.0725 0.0811 0.0636 0.0787 0.0975 0.1275 0.0939 0.0695 0.0858 0.0666 0.0717 0.0696 0.0742 0.0708 0.0981 0.0876 0.1221 0.0859 0.0723 0.0779 0.0686 0.1022 0.0733 0.0659 0.0563 0.0892 0.0877 0.0961 0.1103 0.0783
0.6134 0.8134 0.0000 0.8995 0.5988 0.6778 0.4397 0.2748 0.4989 0.8162 0.3009 0.4083 0.3940 0.5107 0.4242 0.3584 0.4993 0.4840 0.2834 0.3622 0.1390 0.1741 0.2265 0.8376 0.8511 0.2147 0.1090 0.6879 1.0197 1.3726 0.7362 1.1683 1.0552 1.1474 1.0787 1.1463 1.0881 0.7119 1.2092 1.1031 0.9964 1.2842 0.7868 1.0295 1.1388 1.3873 1.0520 0.7262 0.9362 0.7408 0.6451 0.6192 0.7793 0.6961 1.0207 0.8449 1.4732 0.9814 0.8664 0.9931 0.9927 1.4275 1.0512 0.9998 0.8583 1.0168 1.0625 0.9531 1.0652 0.9483
0.7453 1.0735 0.0000 1.1630 1.1242 0.8102 0.6565 0.5748 0.9124 1.1683 1.1237 1.1834 1.0598 1.1285 0.7403 0.8265 0.8689 1.2342 0.5705 1.0851 0.5206 0.4300 0.4398 0.7807 0.2686 0.4224 0.4418 0.4460 0.5332 0.5202 0.3787 0.4001 0.2592 0.2699 0.1539 0.1497 0.2268 0.6095 1.1676 0.2283 0.1137 0.9024 0.7396 0.9738 1.0432 1.3965 1.1121 0.9384 1.1758 0.9833 1.1599 0.9739 0.9908 0.9387 1.3065 1.2318 1.6776 1.1818 0.9320 0.9945 1.0233 1.3740 1.0432 1.0123 0.7028 0.8299 1.0275 0.8630 1.0204 0.8416
0.8424 1.1486 0.0000 1.3893 1.5256 1.0619 0.9390 0.9031 1.3883 1.3087 1.2602 1.2071 0.9992 1.2662 0.8483 1.0015 1.1371 1.4643 0.9834 1.1909 0.7331 0.8483 0.7383 1.1792 1.0442 1.1869 1.1894 0.9864 0.8953 1.1313 0.6426 0.9953 0.5038 0.7810 0.5568 0.3571 0.4250 0.5687 0.3343 0.4675 0.4797 0.5925 0.4243 0.3801 0.5735 0.5317 0.3008 0.2431 0.1847 0.1461 0.2348 0.8490 0.9739 0.1792 0.1518 0.8813 1.4259 0.9997 0.7785 0.8952 0.9674 1.5886 1.1717 1.2016 1.0996 1.7032 1.3849 1.1848 1.2177 1.0979
0.5090 0.7198 0.0000 0.7236 0.8180 0.5317 0.4553 0.4310 0.5553 0.5238 0.6343 0.5682 0.4982 0.5849 0.4899 0.5478 0.6536 0.8943 0.6935 0.8447 0.5739 0.7217 0.6150 0.6760 0.5952 0.6182 0.5195 0.5371 0.5494 0.7004 0.4299 0.6034 0.4438 0.4380 0.4008 0.3602 0.3647 0.5419 0.9224 0.6150 0.6098 0.7523 0.3410 0.4175 0.4555 0.6185 0.2762 0.3324 0.3169 0.1655 0.2080 0.3837 0.1296 0.1916 0.4423 0.4045 0.4796 0.2314 0.2489 0.2022 0.1552 0.2439 0.1091 0.1059 0.1356 0.6570 0.7918 0.1161 0.0805 0.4786
0.3530 0.5122 0.0000 0.5482 0.6512 0.5171 0.4303 0.4306 0.7312 0.7347 0.9124 0.7561 0.5762 0.6417 0.4936 0.5127 0.5291 0.7085 0.5287 0.5774 0.3759 0.4705 0.3322 0.3541 0.3948 0.4210 0.3777 0.3697 0.4738 0.6277 0.4046 0.6038 0.5214 0.5176 0.5601 0.5529 0.5426 0.4161 0.6907 0.5535 0.4579 0.5879 0.3688 0.4337 0.4990 0.5773 0.4417 0.3075 0.3505 0.2563 0.2752 0.4312 0.4398 0.3530 0.5836 0.4666 0.5420 0.3606 0.2806 0.3337 0.2022 0.4734 0.2646 0.1696 0.1705 0.3701 0.1282 0.1751 0.2840 0.2588
0.6237 0.6160 0.0000 0.6429 0.5422 0.4123 0.2082 0.1972 0.4683 2.3298 2.1770 0.3393 0.1717 1.8218 1.3506 1.6061 1.6578 2.3203 1.9138 2.5534 1.6156 2.1361 1.9889 2.1689 2.2507 2.6896 1.9898 1.7087 2.0267 2.3838 1.3154 1.9411 1.5704 1.3969 1.3512 1.3135 1.0794 0.7858 1.6515 1.4202 1.2620 1.4896 1.1884 1.5394 1.9061 2.4932 1.9005 1.4640 1.9696 1.5658 1.6458 1.5839 1.5794 1.3967 1.9285 1.8259 2.5451 1.6865 1.3548 1.4313 1.3487 1.8830 1.2638 1.1343 0.9703 1.9375 1.9054 1.4975 1.9967 1.5873
0.1325 0.1804 0.0000 0.1995 0.1329 0.1504 0.0949 0.0593 0.1107 0.1919 0.0650 0.0947 0.1094 0.1418 0.0967 0.0784 0.1139 0.1104 0.0646 0.0826 0.0317 0.0397 0.0517 0.2559 0.2400 0.0464 0.0238 0.1862 0.2218 0.2993 0.1604 0.2546 0.2299 0.2500 0.2348 0.2411 0.2395 0.1633 0.3197 0.2945 0.3066 0.2911 0.2019 0.2321 0.2481 0.3185 0.2292 0.1582 0.2041 0.1614 0.1406 0.1349 0.1698 0.1517 0.2246 0.1962 0.3478 0.2427 0.2142 0.2454 0.2539 0.3804 0.3012 0.2670 0.2461 0.2915 0.2860 0.2378 0.2648 0.2498
0.2637 0.3577 0.0000 0.3628 0.3755 0.2537 0.1921 0.1682 0.2670 0.3601 0.3463 0.3460 0.3133 0.3463 0.2167 0.2419 0.2543 0.3612 0.1670 0.3176 0.1524 0.1258 0.1287 0.2308 0.0786 0.1249 0.1356 0.1369 0.1560 0.1523 0.1108 0.1172 0.0759 0.0790 0.0450 0.0438 0.0664 0.2186 0.3598 0.0668 0.0333 0.3193 0.2476 0.3462 0.3567 0.4964 0.3954 0.3336 0.3936 0.3250 0.3384 0.2919 0.2969 0.2813 0.4448 0.4933 0.6461 0.4201 0.3315 0.3535 0.3638 0.4885 0.3709 0.3599 0.2499 0.2950 0.3655 0.3068 0.3629 0.3019
1.3220 1.8882 0.0000 2.2837 2.5292 1.7604 1.3200 1.1649 1.9629 2.0387 2.0891 2.0010 1.6522 2.1001 1.4071 1.6523 1.7939 2.2609 1.5393 1.8222 1.1218 1.2987 1.1298 1.5212 1.3470 1.7093 1.5344 1.2726 1.3700 1.7319 0.9838 1.5231 0.7709 1.1951 0.8519 0.5468 0.6507 0.7337 0.5115 0.6438 0.6189 0.7643 0.6024 0.5749 0.8035 0.7451 0.4257 0.3441 0.2614 0.2069 0.3323 1.0952 1.2563 0.2742 0.2295 1.4609 2.2072 1.6625 1.2211 1.4887 1.6089 2.6419 1.8341 1.8582 1.5416 1.6697 1.9254 1.7327 2.1055 1.9781
4.8795 6.1153 0.0000 6.2620 6.1726 3.8402 3.4537 3.1128 4.3754 3.7831 4.5813 4.1040 4.1332 5.1172 4.3598 5.1036 6.0890 8.3313 6.5569 7.7091 4.3921 4.9868 4.7072 5.4655 5.1097 5.8110 4.8682 4.8197 4.9300 6.5526 3.8436 5.2826 3.9386 3.6429 3.1862 2.8635 2.9004 2.4706 4.1245 4.1346 3.6414 3.6946 2.4397 3.0154 3.2903 4.4677 1.9949 2.4011 2.2803 1.1912 1.5024 2.2332 0.9325 1.2198 1.9778 1.8087 3.1537 1.6203 1.6147 1.3113 1.0168 1.5983 0.7149 0.6941 0.8885 4.3341 4.1494 0.8348 0.5634 4.2925
0.4960 0.8005 0.0000 0.8568 1.0178 0.7719 0.6050 0.5980 0.9203 0.7804 0.7888 0.7579 0.6826 0.9585 0.7377 0.9595 0.8572 1.2560 0.8303 0.9025 0.5903 0.7354 0.5269 0.5536 0.6171 0.6584 0.6256 0.6036 0.7847 1.0332 0.6660 0.9937 0.7822 0.7451 0.6311 0.5598 0.6146 0.4928 0.8767 0.8255 0.7043 0.8127 0.5241 0.6970 0.7895 0.9562 0.6204 0.4502 0.5263 0.3850 0.4132 0.4673 0.4672 0.4962 0.7346 0.5516 0.8471 0.5637 0.4385 0.5216 0.3162 0.7399 0.4136 0.2651 0.2665 0.4659 0.2003 0.2445 0.3065 0.2791
1.0971 1.1537 0.0000 1.1119 0.9507 0.7230 0.3649 0.3458 0.8211 2.7142 2.8048 0.6432 0.3217 3.0132 2.1002 2.8583 2.9239 4.1270 3.7983 4.2187 2.5123 3.2816 2.7702 2.6537 2.3911 2.7064 2.4956 2.8230 2.9788 4.0929 3.1113 3.9742 3.3167 2.7725 2.8553 2.6070 2.1433 1.5595 3.2794 2.8186 2.5193 2.9719 2.3711 2.9061 3.2866 4.0354 2.8022 2.0727 2.3386 1.7684 1.9654 2.0765 2.2126 2.1639 3.2903 2.6654 4.3651 3.1772 2.6904 2.8556 2.5141 3.5490 2.4872 2.2335 1.9095 2.3705 2.3313 2.3287 2.7796 2.0798
0.1279 0.1796 0.0000 0.1986 0.1322 0.1497 0.0917 0.0574 0.1102 0.1339 0.0628 0.0734 0.0681 0.0884 0.0868 0.0748 0.1004 0.0973 0.0578 0.0738 0.0283 0.0354 0.0462 0.1449 0.1472 0.0448 0.0227 0.1336 0.1608 0.2473 0.1367 0.2104 0.2121 0.1922 0.1701 0.1727 0.1695 0.1109 0.1982 0.1827 0.1638 0.2151 0.1580 0.2153 0.2513 0.3565 0.2249 0.1459 0.2003 0.1489 0.1379 0.1244 0.1566 0.1399 0.2297 0.2007 0.3554 0.2438 0.1966 0.2115 0.1993 0.2865 0.1904 0.1687 0.1564 0.2034 0.2133 0.1961 0.2404 0.1930
0.3854 0.5829 0.0000 0.6080 0.5881 0.4016 0.3118 0.2730 0.4334 0.4011 0.3858 0.4113 0.3638 0.3875 0.3182 0.3658 0.3846 0.5463 0.2525 0.4803 0.2237 0.1849 0.1947 0.2681 0.1154 0.1608 0.1517 0.1531 0.2292 0.2236 0.1621 0.1714 0.1115 0.1161 0.0661 0.0643 0.0975 0.2276 0.4009 0.0981 0.0489 0.3990 0.2724 0.4102 0.4357 0.5882 0.5575 0.3672 0.4330 0.3577 0.3723 0.3211 0.3268 0.3097 0.4706 0.4820 0.6854 0.4861 0.4664 0.4966 0.5989 0.6887 0.5884 0.5074 0.3605 0.4160 0.5150 0.4325 0.5515 0.4747
0.4352 0.5574 0.0000 0.5780 0.5981 0.4163 0.3122 0.2858 0.4641 0.4821 0.4940 0.4850 0.4406 0.5064 0.3985 0.4865 0.5568 0.7925 0.5323 0.6173 0.3643 0.4216 0.3669 0.3732 0.3305 0.4194 0.3765 0.3121 0.3922 0.5441 0.3090 0.4787 0.2423 0.3756 0.2438 0.1565 0.2044 0.1800 0.1464 0.1641 0.1518 0.1875 0.1741 0.1661 0.2292 0.2124 0.1230 0.0993 0.0755 0.0597 0.0959 0.2687 0.3083 0.0785 0.0663 0.3455 0.5404 0.4384 0.3398 0.3926 0.5049 0.6469 0.4491 0.4552 0.3775 0.4009 0.4012 0.3574 0.4381 0.4470
0.2867 0.4330 0.0000 0.4989 0.6024 0.5511 0.3353 0.3747 0.5447 0.4897 0.5930 0.5315 0.4513 0.4770 0.3442 0.3749 0.4085 0.5379 0.3918 0.4582 0.2694 0.3300 0.2886 0.3302 0.3117 0.3593 0.3231 0.2945 0.3474 0.4801 0.2968 0.4444 0.3759 0.3969 0.3931 0.3533 0.3578 0.1927 0.3217 0.3290 0.2898 0.2940 0.2708 0.3903 0.4259 0.5786 0.2584 0.3108 0.2687 0.1403 0.1945 0.1777 0.1099 0.1013 0.1567 0.1432 0.3752 0.1929 0.1745 0.1251 0.1210 0.1901 0.0851 0.0826 0.1057 0.2868 0.3237 0.0984 0.0671 0.2625
0.1663 0.2762 0.0000 0.2956 0.4176 0.2588 0.2027 0.2005 0.3086 0.2615 0.2560 0.2435 0.2212 0.3213 0.2207 0.2612 0.3388 0.4306 0.3817 0.3703 0.3179 0.3017 0.2448 0.2307 0.2532 0.2701 0.2907 0.2767 0.3033 0.3606 0.2124 0.2972 0.2339 0.2230 0.1887 0.1766 0.1839 0.1474 0.2622 0.2468 0.2233 0.2445 0.1802 0.2435 0.2892 0.3937 0.2844 0.2092 0.2445 0.1788 0.1920 0.1566 0.1566 0.1663 0.2461 0.1848 0.3166 0.2313 0.1799 0.2140 0.1297 0.3036 0.1546 0.0991 0.1093 0.1561 0.0749 0.0819 0.1027 0.0936
0.1361 0.1432 0.0000 0.1368 0.1180 0.0897 0.0453 0.0429 0.1019 0.2802 0.3093 0.0791 0.0399 0.2965 0.2471 0.3363 0.3442 0.4858 0.4766 0.4964 0.2956 0.3864 0.3260 0.3122 0.2815 0.3186 0.2936 0.3322 0.3318 0.4646 0.3073 0.4260 0.3911 0.4107 0.3365 0.4190 0.3175 0.2310 0.4855 0.4175 0.3642 0.3669 0.2585 0.3113 0.3523 0.4434 0.3121 0.2307 0.2687 0.2082 0.2246 0.2313 0.2464 0.2378 0.3527 0.2912 0.4679 0.3406 0.2884 0.3316 0.3222 0.5134 0.3684 0.3309 0.2829 0.2791 0.2745 0.2740 0.3272 0.2447
0.6202 0.9864 0.0000 1.0908 0.7261 0.8220 0.4721 0.2950 0.6051 0.5841 0.3231 0.3199 0.2972 0.3855 0.4512 0.3889 0.4757 0.4245 0.3003 0.3838 0.1472 0.1843 0.2401 0.6322 0.6423 0.2305 0.1182 0.5516 0.5808 0.8943 0.5061 0.7612 0.8177 0.6941 0.6144 0.6234 0.6124 0.4006 0.6805 0.6207 0.5613 0.7772 0.5195 0.6616 0.8284 1.0705 0.8347 0.7499 0.8341 0.6780 1.0021 0.7978 0.8792 0.7850 1.1510 0.8574 1.2805 0.8016 0.6467 0.6952 0.6551 0.9424 0.6259 0.5626 0.5146 0.6695 0.7018 0.6447 0.7905 0.6530
0.1650 0.2403 0.0000 0.2901 0.3245 0.2502 0.2263 0.1982 0.3146 0.1801 0.1732 0.1846 0.1633 0.1739 0.1710 0.2800 0.2887 0.4182 0.1795 0.3415 0.1357 0.1120 0.1385 0.1203 0.0700 0.0726 0.0681 0.0687 0.1371 0.1338 0.0884 0.0823 0.0667 0.0694 0.0396 0.0385 0.0583 0.0940 0.1799 0.0595 0.0293 0.1643 0.1127 0.1698 0.1845 0.2435 0.2307 0.1520 0.1792 0.1481 0.1541 0.1329 0.1352 0.1282 0.1948 0.1995 0.2715 0.2002 0.1814 0.1931 0.2123 0.3620 0.2199 0.2479 0.2423 0.3958 0.3154 0.2649 0.2723 0.2021
0.2621 0.3359 0.0000 0.3561 0.3737 0.2600 0.2011 0.1865 0.2975 0.3011 0.3085 0.2988 0.2655 0.3121 0.2456 0.2932 0.3355 0.4775 0.3709 0.4805 0.3304 0.4099 0.3567 0.2434 0.2157 0.2735 0.2456 0.2036 0.3058 0.5890 0.3211 0.5196 0.2385 0.3697 0.2181 0.1400 0.2012 0.1174 0.1310 0.1076 0.0990 0.1223 0.1522 0.1453 0.1844 0.1505 0.1076 0.0869 0.0660 0.0522 0.0839 0.1752 0.2011 0.0702 0.0580 0.2159 0.4719 0.3829 0.2967 0.3428 0.4409 0.5648 0.3921 0.3975 0.3296 0.3501 0.3503 0.3121 0.3825 0.3904
1.4063 2.1239 0.0000 2.4473 2.9549 2.4383 1.6446 1.8379 2.9192 2.7986 3.5463 3.0377 2.1245 2.2445 1.6895 1.8391 2.0040 2.6386 1.9219 2.2477 1.3217 1.6189 1.4157 1.6198 1.5288 1.7626 1.5846 1.4451 1.7041 2.3550 1.4562 2.1797 1.7690 1.8675 1.8380 1.6519 1.6732 0.9454 1.5783 1.6142 1.4216 1.4424 1.3281 2.2319 2.4353 3.3068 1.4766 1.7763 1.4006 0.7316 1.1120 0.8718 0.5730 0.4969 0.7689 0.7028 1.9330 0.9931 0.8987 0.6428 0.6232 0.9796 0.4382 0.4254 0.5446 1.4071 1.5878 0.5130 0.3453 1.2876
0.1027 0.1705 0.0000 0.1825 0.2578 0.1598 0.1252 0.1237 0.1905 0.1614 0.1580 0.1503 0.1365 0.1983 0.1297 0.1605 0.1965 0.2496 0.2093 0.2904 0.1488 0.2199 0.1914 0.2075 0.2313 0.2674 0.1751 0.1440 0.1655 0.2040 0.1201 0.1724 0.1375 0.1311 0.1145 0.1090 0.1109 0.0867 0.1541 0.1432 0.1263 0.1410 0.1019 0.1378 0.1637 0.2148 0.1538 0.1260 0.1653 0.1209 0.1297 0.0967 0.0966 0.1027 0.1520 0.1141 0.2334 0.2113 0.1644 0.1956 0.1185 0.2773 0.1287 0.0825 0.0999 0.0964 0.0623 0.0508 0.0634 0.0578
0.3487 0.3668 0.0000 0.2837 0.3021 0.2297 0.1159 0.1099 0.2609 0.5383 0.5940 0.2048 0.1022 0.5426 0.4696 0.6392 0.6542 0.9233 0.9058 0.9433 0.5618 0.7342 0.6195 0.5937 0.5395 0.6168 0.5637 0.6313 0.7247 0.9441 0.5984 0.9067 0.8014 0.8137 0.7743 0.7339 0.7434 0.4784 0.9232 0.7935 0.9333 0.9045 0.6084 0.7066 0.7996 0.9817 0.6814 0.5040 0.5689 0.4110 0.4782 0.5054 0.5386 0.5262 0.8000 0.6633 1.0858 0.7725 0.6542 0.7801 0.7943 1.2658 0.8709 0.7817 0.6682 0.5303 0.5216 0.5210 0.6219 0.4653
0.2053 0.3413 0.0000 0.3775 0.2403 0.2721 0.1562 0.0977 0.2002 0.1934 0.1069 0.1058 0.0984 0.1275 0.1493 0.1287 0.1574 0.1405 0.0994 0.1270 0.0488 0.0610 0.0794 0.2204 0.2125 0.0763 0.0391 0.2112 0.2253 0.3471 0.1919 0.2955 0.3174 0.2694 0.2385 0.2420 0.2376 0.1555 0.2851 0.2590 0.2322 0.3042 0.2239 0.2854 0.3473 0.4617 0.3560 0.2419 0.3551 0.2367 0.2541 0.2156 0.2492 0.2225 0.4234 0.4599 0.5465 0.3681 0.2914 0.3109 0.2966 0.4262 0.2908 0.2708 0.2511 0.3267 0.3422 0.2997 0.3747 0.3186
0.2219 0.3172 0.0000 0.3960 0.4362 0.2948 0.2232 0.1954 0.3102 0.1926 0.1852 0.1975 0.1746 0.1860 0.1531 0.2085 0.2150 0.3112 0.1375 0.2618 0.1143 0.0944 0.1061 0.1287 0.0590 0.0773 0.0728 0.0735 0.1182 0.1154 0.0780 0.0824 0.0575 0.0599 0.0341 0.0332 0.0503 0.1264 0.1924 0.0501 0.0252 0.2207 0.1508 0.2271 0.2413 0.3257 0.2947 0.2033 0.2399 0.1981 0.2061 0.1779 0.1956 0.1873 0.2823 0.2737 0.4476 0.3071 0.2666 0.3103 0.3051 0.3641 0.3125 0.2681 0.2187 0.2285 0.2723 0.2285 0.3347 0.2881
0.4513 0.5521 0.0000 0.5725 0.5924 0.4124 0.3092 0.2670 0.4598 0.4775 0.4893 0.4804 0.4364 0.5016 0.3947 0.4819 0.5518 0.7295 0.4900 0.5682 0.3352 0.3880 0.3375 0.3135 0.2776 0.3523 0.3162 0.2623 0.3295 0.4363 0.2478 0.3837 0.1942 0.3012 0.2049 0.1314 0.1639 0.1512 0.1230 0.1379 0.1275 0.1575 0.1449 0.1382 0.1925 0.1785 0.1023 0.0827 0.0629 0.0497 0.0799 0.2523 0.2589 0.0660 0.0552 0.3424 0.4822 0.3876 0.2935 0.3470 0.4187 0.5772 0.4007 0.4060 0.3368 0.3576 0.4052 0.3648 0.4434 0.4284
0.3904 0.5448 0.0000 0.6506 0.6413 0.3839 0.3588 0.3114 0.4546 0.3790 0.4580 0.4105 0.4294 0.5664 0.4530 0.6036 0.6316 0.7998 0.5629 0.6577 0.3575 0.4291 0.4050 0.4754 0.4485 0.5309 0.4992 0.4420 0.5312 0.7497 0.4412 0.5847 0.4440 0.4107 0.3512 0.3157 0.3197 0.2033 0.3395 0.3472 0.3058 0.3103 0.2370 0.3015 0.3289 0.4469 0.1995 0.2400 0.2215 0.1156 0.1502 0.1875 0.0906 0.1064 0.1654 0.1511 0.3061 0.1574 0.1563 0.1269 0.0987 0.1552 0.0695 0.0674 0.0862 0.3747 0.3416 0.0811 0.0547 0.3801
0.1007 0.1625 0.0000 0.1739 0.2147 0.1567 0.1228 0.1214 0.1868 0.1583 0.1755 0.1686 0.1518 0.2088 0.1641 0.1877 0.1915 0.2765 0.1892 0.1904 0.1353 0.1551 0.1241 0.1170 0.1302 0.1389 0.1474 0.1486 0.1849 0.2677 0.1737 0.2383 0.1837 0.1748 0.1410 0.1314 0.1443 0.1157 0.2058 0.1967 0.1815 0.1955 0.1350 0.1795 0.2026 0.2355 0.1578 0.1133 0.1291 0.0944 0.1013 0.0948 0.0948 0.1007 0.1490 0.1119 0.1735 0.1189 0.0925 0.1100 0.0667 0.1561 0.0848 0.0543 0.0562 0.0945 0.0410 0.0496 0.0622 0.0567
0.0237 0.0250 0.0000 0.0241 0.0205 0.0156 0.0079 0.0075 0.0177 0.0673 0.0601 0.0139 0.0070 0.0749 0.0491 0.0650 0.0640 0.0938 0.0774 0.0987 0.0588 0.0768 0.0648 0.0621 0.0634 0.0725 0.0662 0.0709 0.0851 0.1102 0.0570 0.0897 0.0673 0.0565 0.0582 0.0531 0.0482 0.0318 0.0668 0.0574 0.0584 0.0714 0.0549 0.0767 0.0949 0.1254 0.0845 0.0624 0.0671 0.0509 0.0593 0.0626 0.0667 0.0661 0.0955 0.0810 0.1169 0.0837 0.0674 0.0686 0.0624 0.0870 0.0584 0.0524 0.0448 0.0554 0.0546 0.0545 0.0650 0.0486
0.9634 1.3122 0.0000 1.4512 0.9665 1.0941 0.6906 0.4316 0.8050 1.1236 0.4726 0.6155 0.5718 0.7412 0.6531 0.5629 0.7557 0.7326 0.4347 0.5555 0.2132 0.2669 0.3475 1.5024 1.2351 0.3372 0.1712 1.4445 1.3738 1.9659 1.0538 1.6724 1.5105 1.6425 1.4533 1.4751 1.4484 0.9642 1.8882 1.7389 1.5591 1.9916 1.4658 1.7343 1.7229 2.3792 1.5723 1.0395 1.4074 1.0603 1.0072 0.8863 1.1155 0.9965 1.6782 1.5387 2.5968 1.9131 1.6889 1.9359 2.1868 3.0870 1.9256 1.7932 1.6627 2.1496 2.2521 1.9938 2.2212 1.9838
0.8484 1.2155 0.0000 1.1525 1.2083 0.8166 0.6181 0.5412 0.8592 0.8610 0.8282 0.8681 0.7680 0.8174 0.5766 0.6438 0.6768 0.9614 0.4444 0.8453 0.4056 0.3349 0.3425 0.5658 0.2093 0.3268 0.3205 0.3237 0.4153 0.4051 0.2950 0.3118 0.2019 0.2103 0.1198 0.1166 0.1766 0.5946 0.8606 0.1778 0.0885 1.0273 0.5538 0.7743 0.7977 1.1104 0.8847 0.7465 0.8804 0.7274 0.7569 0.6918 0.8105 0.7761 1.1696 1.0617 1.7860 1.1058 0.7836 0.9474 0.8500 1.0931 0.8711 0.8053 0.6096 0.6602 0.8174 0.6862 0.9324 0.8510
0.1950 0.2938 0.0000 0.3553 0.4331 0.3228 0.2202 0.2000 0.3443 0.3545 0.3517 0.3311 0.2734 0.3475 0.2328 0.2734 0.2969 0.3497 0.2547 0.2891 0.1664 0.1926 0.1675 0.1980 0.1753 0.2099 0.1884 0.1563 0.1683 0.2127 0.1208 0.1870 0.0947 0.1468 0.1046 0.0671 0.0799 0.0901 0.0628 0.0791 0.0793 0.0980 0.0740 0.0706 0.0987 0.0915 0.0523 0.0422 0.0321 0.0254 0.0408 0.1880 0.1635 0.0337 0.0282 0.2417 0.2943 0.2090 0.1538 0.1871 0.2023 0.3321 0.2445 0.2509 0.2215 0.2518 0.3111 0.2613 0.3176 0.2410
3.3296 4.2215 0.0000 4.3227 4.2610 2.7347 2.3829 2.2179 3.0188 2.6939 3.2624 2.9241 2.8532 3.8049 3.0096 3.5435 4.2211 5.7756 4.8015 5.8481 4.4778 4.8486 4.5743 4.8741 4.3047 4.4998 3.7936 3.9820 4.0731 4.8979 2.9342 3.7698 3.2540 3.0114 2.5748 2.3140 2.3439 2.1123 3.5263 3.1250 2.9660 3.1225 1.7382 2.1473 2.3430 3.1815 1.4206 1.7098 1.6238 0.8482 1.0699 1.8190 0.6644 0.9302 1.6910 1.5456 2.3327 1.1538 1.2108 0.9828 0.7549 1.1859 0.5308 0.5153 0.6593 4.2140 3.5477 0.5948 0.4014 3.5483
0.1297 0.1883 0.0000 0.2015 0.2393 0.1901 0.1582 0.1582 0.2688 0.2414 0.2948 0.2614 0.2139 0.2358 0.1856 0.1940 0.1945 0.2681 0.1944 0.2122 0.1382 0.1729 0.1221 0.1301 0.1451 0.1548 0.1430 0.1561 0.1792 0.2510 0.1616 0.2411 0.2196 0.2179 0.2236 0.2440 0.2289 0.1673 0.2777 0.2336 0.1933 0.2481 0.1556 0.1830 0.2106 0.2373 0.1808 0.1297 0.1479 0.1082 0.1161 0.1445 0.1445 0.1297 0.2145 0.1671 0.1992 0.1326 0.1031 0.1226 0.0744 0.1740 0.0973 0.0624 0.0627 0.1361 0.0471 0.0643 0.0933 0.0850
0.0979 0.0966 0.0000 0.1009 0.0851 0.0647 0.0327 0.0310 0.0735 0.3981 0.3053 0.0532 0.0269 0.3282 0.2009 0.2395 0.2381 0.3457 0.2852 0.3805 0.2404 0.3179 0.2856 0.2932 0.3261 0.3480 0.3180 0.2690 0.3301 0.3903 0.2020 0.3178 0.2382 0.2082 0.2062 0.1957 0.1712 0.1171 0.2461 0.2116 0.2069 0.2762 0.1946 0.2665 0.3295 0.4312 0.3465 0.2669 0.3648 0.2769 0.3304 0.3091 0.3082 0.2697 0.3750 0.3563 0.4967 0.3146 0.2581 0.2547 0.2632 0.3676 0.2466 0.2214 0.1894 0.2619 0.2575 0.2229 0.2868 0.2226
0.2094 0.2852 0.0000 0.3156 0.2101 0.2378 0.1501 0.0938 0.1750 0.2923 0.1027 0.1443 0.1568 0.2033 0.1475 0.1224 0.1735 0.1682 0.0985 0.1259 0.0483 0.0604 0.0788 0.4800 0.3441 0.0733 0.0372 0.3854 0.3185 0.4557 0.2444 0.3879 0.3501 0.3807 0.3368 0.3430 0.3575 0.2585 0.5539 0.4533 0.4065 0.4619 0.3439 0.4020 0.3994 0.5515 0.3647 0.2410 0.3263 0.2458 0.2338 0.2055 0.2586 0.2310 0.3894 0.3848 0.6022 0.4444 0.3917 0.4488 0.4852 0.7270 0.5356 0.5009 0.4625 0.6430 0.6219 0.4854 0.5445 0.5156
2.2213 2.8793 0.0000 2.7867 3.2429 2.1379 1.6184 1.4178 2.2496 2.2805 2.2381 2.0283 1.9105 2.1109 1.3474 1.5042 1.5814 2.2463 1.0383 1.9749 0.9476 0.7826 0.8007 1.4068 0.4889 0.7636 0.8661 0.8743 0.9704 0.9472 0.6892 0.7286 0.4719 0.4912 0.2802 0.2724 0.4127 1.7704 2.3254 0.4155 0.2069 2.6896 1.3683 1.9131 1.9710 2.7434 2.1859 1.8445 2.1753 1.7971 1.8701 1.7707 2.2724 1.9379 2.9203 2.6231 4.2890 2.7336 1.9361 2.3419 2.1002 2.7007 2.1524 1.9897 1.5077 1.6312 2.0197 1.6963 2.3062 2.2695
0.3148 0.4754 0.0000 0.5741 0.6766 0.4784 0.3846 0.3498 0.6013 0.6579 0.6871 0.5619 0.4669 0.6292 0.4216 0.4479 0.4967 0.5851 0.4725 0.5237 0.3014 0.3487 0.3035 0.3245 0.2931 0.3390 0.3043 0.2609 0.2717 0.3433 0.1950 0.3021 0.1529 0.2370 0.1689 0.1084 0.1290 0.1455 0.1015 0.1277 0.1325 0.1637 0.1195 0.1140 0.1593 0.1477 0.0844 0.0682 0.0518 0.0410 0.0659 0.3477 0.2734 0.0544 0.0455 0.4380 0.5039 0.3837 0.2798 0.3437 0.3716 0.6031 0.4187 0.4245 0.3519 0.3736 0.4515 0.3847 0.4675 0.4516
0.1778 0.2376 0.0000 0.2433 0.2398 0.1472 0.1341 0.1194 0.1699 0.1450 0.1756 0.1574 0.1605 0.2143 0.1694 0.2123 0.2534 0.3464 0.2727 0.3186 0.1816 0.2179 0.2057 0.2414 0.2278 0.2758 0.2285 0.2237 0.2289 0.2935 0.1721 0.2212 0.1830 0.1692 0.1447 0.1300 0.1317 0.0918 0.1532 0.1567 0.1380 0.1400 0.0935 0.1155 0.1261 0.1712 0.0764 0.0920 0.0874 0.0457 0.0576 0.0846 0.0358 0.0464 0.0746 0.0682 0.1208 0.0621 0.0617 0.0501 0.0390 0.0613 0.0274 0.0266 0.0340 0.1903 0.1542 0.0320 0.0216 0.1924
0.1843 0.2974 0.0000 0.3183 0.3909 0.2868 0.2248 0.2222 0.3419 0.2900 0.3438 0.3104 0.2796 0.3846 0.3023 0.3438 0.3489 0.5037 0.3446 0.3466 0.2463 0.2824 0.2261 0.2130 0.2370 0.2529 0.2684 0.2846 0.3367 0.4876 0.3142 0.4363 0.3598 0.3425 0.2919 0.2723 0.2989 0.2396 0.4261 0.4087 0.3798 0.4065 0.2807 0.3553 0.4003 0.4510 0.3258 0.2339 0.2667 0.1951 0.2093 0.1736 0.1735 0.1844 0.2729 0.2050 0.3159 0.2165 0.1684 0.2004 0.1215 0.2842 0.1543 0.0989 0.1023 0.1731 0.0747 0.0908 0.1139 0.1037
0.0256 0.0269 0.0000 0.0259 0.0222 0.0169 0.0085 0.0081 0.0191 0.0826 0.0652 0.0150 0.0075 0.0923 0.0520 0.0657 0.0652 0.0949 0.0783 0.1044 0.0622 0.0813 0.0686 0.0688 0.0763 0.0817 0.0746 0.0757 0.0909 0.1114 0.0579 0.0907 0.0684 0.0571 0.0592 0.0538 0.0502 0.0323 0.0675 0.0581 0.0607 0.0810 0.0558 0.0782 0.0963 0.1248 0.0959 0.0709 0.0853 0.0648 0.0754 0.0797 0.0849 0.0789 0.1101 0.1083 0.1457 0.0923 0.0757 0.0747 0.0773 0.1079 0.0724 0.0650 0.0556 0.0615 0.0604 0.0577 0.0688 0.0521
0.0685 0.0933 0.0000 0.1031 0.0686 0.0778 0.0490 0.0307 0.0572 0.0836 0.0336 0.0440 0.0439 0.0568 0.0464 0.0400 0.0539 0.0522 0.0309 0.0395 0.0151 0.0190 0.0247 0.1344 0.0962 0.0240 0.0122 0.1300 0.0970 0.1433 0.0792 0.1220 0.1229 0.1159 0.1026 0.1041 0.1023 0.0701 0.1465 0.1264 0.1134 0.1406 0.1036 0.1276 0.1457 0.1964 0.1330 0.0846 0.1190 0.0863 0.0871 0.0739 0.0908 0.0811 0.1452 0.1435 0.2196 0.1657 0.1363 0.1454 0.1466 0.2106 0.1494 0.1390 0.1290 0.1677 0.1758 0.1536 0.1902 0.1636
0.0775 0.0994 0.0000 0.0962 0.1093 0.0738 0.0559 0.0489 0.0777 0.0584 0.0562 0.0572 0.0506 0.0545 0.0425 0.0489 0.0514 0.0730 0.0337 0.0642 0.0299 0.0247 0.0260 0.0373 0.0154 0.0220 0.0218 0.0219 0.0306 0.0299 0.0216 0.0229 0.0149 0.0155 0.0088 0.0086 0.0130 0.0432 0.0584 0.0131 0.0065 0.0763 0.0382 0.0571 0.0606 0.0818 0.0727 0.0515 0.0607 0.0501 0.0522 0.0450 0.0531 0.0499 0.0751 0.0728 0.1191 0.0809 0.0670 0.0803 0.0726 0.0899 0.0744 0.0662 0.0521 0.0544 0.0672 0.0564 0.0796 0.0770
0.1894 0.2987 0.0000 0.3019 0.3268 0.2272 0.1645 0.1493 0.2571 0.2669 0.2737 0.2721 0.2521 0.2866 0.2257 0.2869 0.3055 0.3599 0.2574 0.2922 0.1682 0.1946 0.1694 0.1465 0.1297 0.1646 0.1478 0.1225 0.1527 0.1988 0.1129 0.1749 0.0885 0.1372 0.0950 0.0610 0.0747 0.0706 0.0570 0.0644 0.0596 0.0736 0.0672 0.0641 0.0892 0.0828 0.0475 0.0383 0.0291 0.0230 0.0370 0.1411 0.1210 0.0306 0.0256 0.1926 0.2360 0.1915 0.1450 0.1714 0.2068 0.2826 0.1961 0.1987 0.1649 0.1750 0.1983 0.1713 0.2082 0.2012
0.1834 0.2563 0.0000 0.3094 0.3167 0.1896 0.1772 0.1538 0.2245 0.1872 0.2263 0.2027 0.2121 0.2918 0.2238 0.2752 0.2944 0.3747 0.2813 0.3286 0.1847 0.2216 0.2092 0.2456 0.2317 0.2685 0.2524 0.2283 0.2744 0.3791 0.2418 0.3012 0.2360 0.2183 0.1866 0.1678 0.1699 0.0995 0.1662 0.1699 0.1497 0.1518 0.1170 0.1490 0.1625 0.2207 0.0986 0.1186 0.1094 0.0571 0.0742 0.0918 0.0447 0.0521 0.0810 0.0740 0.1513 0.0777 0.0771 0.0627 0.0488 0.0767 0.0343 0.0333 0.0426 0.1951 0.1672 0.0400 0.0271 0.1963
0.5427 0.9012 0.0000 0.9646 1.3626 0.8446 0.6616 0.6543 1.0069 0.8534 0.8889 0.8541 0.7692 1.0577 0.8313 0.9568 1.1225 1.5595 1.2456 1.2083 0.8902 0.9845 0.8172 0.7701 0.8262 0.8815 0.9703 1.0753 1.1310 1.4465 0.8361 1.1607 0.9252 0.8805 0.7352 0.6852 0.7527 0.6032 1.0732 1.0025 0.9248 1.0230 0.7542 1.0190 1.2103 1.7609 1.1057 0.7936 0.9045 0.6619 0.7102 0.5113 0.5111 0.5430 0.8037 0.6032 1.0331 0.7547 0.5871 0.6986 0.4234 0.9906 0.5045 0.3233 0.3567 0.5095 0.2443 0.2673 0.3352 0.3054
0.0802 0.0844 0.0000 0.0805 0.0695 0.0528 0.0267 0.0252 0.0600 0.1987 0.1822 0.0465 0.0235 0.2204 0.1243 0.1691 0.1730 0.2443 0.2397 0.2496 0.1486 0.1943 0.1639 0.1570 0.1776 0.1844 0.1685 0.1709 0.2050 0.2635 0.1670 0.2530 0.2213 0.2013 0.2133 0.1815 0.1838 0.1183 0.2282 0.1963 0.2221 0.2966 0.1680 0.2169 0.2409 0.2933 0.2165 0.1599 0.1927 0.1462 0.1702 0.1842 0.1962 0.1781 0.2734 0.2360 0.3864 0.2550 0.2161 0.2502 0.3032 0.3948 0.2648 0.2377 0.2033 0.1403 0.1379 0.1378 0.1645 0.1230
3.2426 5.3929 0.0000 5.9638 3.7961 4.2972 2.4682 1.5424 3.1633 3.2666 1.6891 1.7891 1.6623 2.1557 2.3590 2.0332 2.4865 2.3739 1.5701 2.0063 0.7699 0.9636 1.2551 5.1643 3.5906 1.2051 0.6178 4.8005 4.1005 6.3167 3.4929 5.3765 5.7753 4.9022 4.3398 4.4028 4.3231 2.8296 5.4804 4.7303 4.2413 5.4895 3.8737 4.9209 5.9913 7.9615 6.2081 4.8941 6.2039 4.7887 5.1377 4.3595 5.0381 4.4978 8.5602 7.4144 9.5289 6.4867 5.1345 5.4757 5.4882 7.8831 5.5891 5.2049 4.8285 6.2788 6.5816 5.7506 7.1183 6.1242
0.5442 0.7354 0.0000 0.8618 1.0700 0.8645 0.6334 0.5546 0.8800 0.4469 0.4298 0.4582 0.4053 0.4316 0.3947 0.5377 0.5544 0.8026 0.3547 0.6750 0.2945 0.2434 0.2735 0.2986 0.1521 0.1792 0.1690 0.1706 0.3049 0.2976 0.1966 0.1913 0.1482 0.1543 0.0880 0.0856 0.1297 0.3097 0.4466 0.1292 0.0650 0.5413 0.2929 0.4412 0.4796 0.6326 0.5995 0.3948 0.4656 0.3847 0.4003 0.3455 0.3746 0.3359 0.5061 0.5183 0.7769 0.5331 0.4713 0.5386 0.5699 0.9870 0.6520 0.6442 0.6152 0.6424 0.7035 0.5909 0.8076 0.6796
0.2752 0.3741 0.0000 0.3775 0.4156 0.2888 0.2312 0.2099 0.3614 0.3752 0.3847 0.3587 0.3290 0.4029 0.3172 0.3513 0.4021 0.5556 0.4790 0.6295 0.4486 0.5022 0.4369 0.2240 0.1984 0.2517 0.2260 0.1873 0.2813 0.4503 0.2509 0.3962 0.1863 0.2888 0.1857 0.1191 0.1573 0.1080 0.1115 0.0990 0.0911 0.1126 0.1327 0.1266 0.1607 0.1315 0.0937 0.0757 0.0576 0.0456 0.0731 0.2002 0.1850 0.0598 0.0506 0.2707 0.3342 0.2712 0.2102 0.2428 0.3123 0.4001 0.2779 0.2815 0.2335 0.2480 0.2645 0.2229 0.2709 0.2766
0.3429 0.4816 0.0000 0.5815 0.6760 0.5664 0.4223 0.4072 0.7213 0.6447 0.6441 0.5773 0.5848 0.7004 0.4438 0.4944 0.5286 0.6732 0.5145 0.6010 0.3655 0.4389 0.4140 0.4861 0.4586 0.5090 0.4741 0.4521 0.5431 0.6808 0.4210 0.6348 0.5990 0.6414 0.6571 0.6935 0.6735 0.2093 0.3495 0.3574 0.3148 0.3194 0.2941 0.5032 0.5458 0.7400 0.2890 0.3477 0.2919 0.1524 0.2175 0.1930 0.1194 0.1101 0.1703 0.1556 0.4078 0.2095 0.1896 0.1359 0.1315 0.2066 0.0924 0.0898 0.1149 0.3869 0.3516 0.1069 0.0728 0.3887
0.1406 0.2335 0.0000 0.2499 0.3531 0.2189 0.1714 0.1695 0.2609 0.2211 0.2308 0.2075 0.1870 0.2716 0.1957 0.2253 0.2692 0.3672 0.2964 0.4172 0.2364 0.3012 0.2926 0.2957 0.2719 0.2900 0.2980 0.2781 0.2690 0.3391 0.1960 0.2721 0.2278 0.2168 0.1960 0.1827 0.2007 0.1608 0.2861 0.2560 0.2338 0.2727 0.2011 0.2464 0.2927 0.3869 0.3222 0.2676 0.3654 0.3011 0.3472 0.1324 0.1324 0.1406 0.2083 0.1563 0.3199 0.2947 0.2279 0.2708 0.1435 0.3356 0.1659 0.1063 0.1209 0.1320 0.0803 0.0696 0.0869 0.0791
1.4703 1.5469 0.0000 1.1993 1.2741 0.9689 0.4891 0.4634 1.1004 2.9586 2.6311 0.8533 0.4311 3.2741 2.9203 3.1438 3.6131 4.5415 3.6774 4.9065 3.1044 4.1046 3.8217 4.9880 3.8332 4.2504 3.2850 3.2833 3.3460 4.3891 2.5275 3.5106 3.0160 2.6843 2.5964 2.5240 2.0739 1.5099 3.1734 2.7275 2.3807 2.6629 2.0901 2.5847 3.2005 4.1884 3.1378 2.4170 3.2535 2.5852 2.7172 2.6358 2.6199 2.3242 3.2210 3.0146 4.2018 2.8214 2.3715 2.5573 2.2514 3.3537 2.4081 2.1613 1.8478 6.3023 5.6760 3.2381 4.3700 4.8138
0.1454 0.1765 0.0000 0.1952 0.1300 0.1472 0.1037 0.0649 0.1083 0.2656 0.0710 0.1260 0.1602 0.2076 0.1087 0.0869 0.1477 0.1443 0.0727 0.0929 0.0356 0.0446 0.0581 0.2208 0.2396 0.0506 0.0264 0.1564 0.2157 0.2722 0.1634 0.2317 0.2093 0.2275 0.2139 0.2197 0.2380 0.2164 0.3136 0.2747 0.2083 0.2547 0.1592 0.2041 0.2258 0.2751 0.2086 0.1440 0.1856 0.1469 0.1279 0.1228 0.1546 0.1381 0.2024 0.1675 0.2922 0.1947 0.1718 0.1969 0.2002 0.3000 0.2377 0.2318 0.1941 0.2364 0.2312 0.1890 0.2112 0.1970
0.0966 0.1328 0.0000 0.1438 0.1390 0.1002 0.0812 0.0711 0.1129 0.2813 0.3154 0.1561 0.1577 0.2541 0.0976 0.1022 0.1075 0.1526 0.0705 0.1342 0.0682 0.0564 0.0544 0.1466 0.0352 0.0814 0.1140 0.1151 0.0794 0.0702 0.0659 0.0702 0.0387 0.0403 0.0230 0.0223 0.0339 0.0923 0.1888 0.0299 0.0154 0.1169 0.1790 0.1779 0.1963 0.2551 0.1682 0.1468 0.1951 0.1470 0.1529 0.1335 0.1343 0.1272 0.1931 0.1865 0.2538 0.1789 0.1411 0.1504 0.1548 0.2080 0.1578 0.1531 0.1063 0.1256 0.1555 0.1305 0.1545 0.1274
0.2216 0.3023 0.0000 0.3657 0.4014 0.2794 0.2292 0.2128 0.3391 0.3235 0.3316 0.3175 0.2630 0.3333 0.2233 0.2635 0.2993 0.3852 0.2587 0.3133 0.1929 0.2233 0.1943 0.3127 0.2624 0.5249 0.3583 0.2721 0.2947 0.2977 0.1691 0.2619 0.1325 0.2056 0.1833 0.1175 0.1152 0.1713 0.1100 0.1432 0.1341 0.1656 0.1322 0.1236 0.1787 0.1656 0.0937 0.0757 0.0575 0.0456 0.0731 0.2001 0.2295 0.0590 0.0494 0.2318 0.5727 0.3677 0.3168 0.3293 0.3075 0.5047 0.3924 0.3818 0.3494 0.3782 0.3713 0.3309 0.3711 0.3488
0.3279 0.4732 0.0000 0.4759 0.5380 0.3495 0.2993 0.2834 0.3650 0.3442 0.4169 0.3737 0.3275 0.3844 0.3222 0.3601 0.4296 0.5878 0.4482 0.5239 0.3524 0.4478 0.3775 0.4022 0.3563 0.4063 0.3415 0.3370 0.3447 0.4606 0.2826 0.3966 0.2917 0.2879 0.2634 0.2368 0.2398 0.2979 0.4760 0.5113 0.5765 0.4811 0.2871 0.2744 0.2994 0.4065 0.1815 0.2185 0.2670 0.1395 0.1449 0.3189 0.1091 0.1611 0.2610 0.2386 0.4040 0.1950 0.2096 0.1702 0.1307 0.2054 0.0919 0.0892 0.1142 0.3893 0.4392 0.0977 0.0678 0.3003
0.3184 0.4184 0.0000 0.4476 0.5015 0.3984 0.3316 0.3318 0.5634 0.5920 0.4979 0.4724 0.3837 0.4944 0.3235 0.3825 0.4077 0.5190 0.4074 0.4449 0.2897 0.3623 0.2560 0.2729 0.3042 0.3245 0.2886 0.2639 0.3375 0.4271 0.2754 0.4108 0.3429 0.3268 0.3389 0.3345 0.3281 0.2388 0.3975 0.3532 0.2912 0.3557 0.2232 0.2880 0.3396 0.4181 0.2712 0.2077 0.2532 0.1854 0.1988 0.4797 0.4718 0.3184 0.5422 0.6842 0.4920 0.2779 0.2162 0.2571 0.1558 0.3648 0.2391 0.1532 0.1314 0.4338 0.1157 0.1970 0.3421 0.3117
0.0431 0.0411 0.0000 0.0516 0.0374 0.0284 0.0144 0.0136 0.0323 0.0966 0.1094 0.0222 0.0115 0.0800 0.0838 0.1193 0.1461 0.1724 0.1178 0.1347 0.0824 0.1048 0.0884 0.0855 0.0763 0.0864 0.0796 0.0901 0.0900 0.1261 0.0810 0.1122 0.0966 0.1027 0.0832 0.0898 0.0794 0.0578 0.1215 0.1044 0.0847 0.0853 0.0669 0.0820 0.0928 0.1203 0.0846 0.0626 0.0729 0.0564 0.0609 0.0628 0.0668 0.0645 0.0929 0.0790 0.1232 0.0897 0.0760 0.0819 0.0749 0.1193 0.0922 0.0827 0.0707 0.0850 0.0794 0.0930 0.1147 0.0782
0.8056 0.6152 0.0000 0.6803 0.4732 0.5127 0.4529 0.2745 0.4218 0.5750 0.3004 0.3410 0.2918 0.3539 0.4949 0.4265 0.5216 0.4744 0.3294 0.4209 0.1615 0.2022 0.2633 0.4277 0.4345 0.2143 0.1296 0.3731 0.4745 0.7309 0.4136 0.6221 0.6683 0.5672 0.5019 0.5095 0.5002 0.3274 0.5562 0.5074 0.4588 0.6349 0.3890 0.5328 0.6767 0.8226 0.6662 0.5842 0.5932 0.5538 0.6523 0.6507 0.7308 0.6525 0.7985 0.5949 0.8907 0.5779 0.4660 0.5140 0.4908 0.7061 0.4840 0.4598 0.3952 0.5011 0.5253 0.4767 0.5699 0.4688
0.4205 0.6264 0.0000 0.7291 0.8142 0.6274 0.5676 0.5432 0.8619 0.5319 0.5117 0.5454 0.4825 0.5138 0.5052 1.0789 0.9834 1.4608 0.5950 1.1318 0.4494 0.3714 0.4586 0.3555 0.2319 0.2144 0.2012 0.2030 0.4542 0.4434 0.2930 0.2726 0.2208 0.2299 0.1312 0.1275 0.1931 0.2775 0.5316 0.1970 0.0969 0.4416 0.3345 0.5037 0.5708 0.7223 0.6845 0.4509 0.5317 0.4393 0.4571 0.3945 0.4013 0.3802 0.5779 0.5918 0.8055 0.5944 0.5382 0.5730 0.6298 1.0742 0.6420 0.7355 0.6769 0.8134 0.9364 0.7861 0.7608 0.5647
