0.0710 0.0740 0.0000 0.0792 0.0779 0.0640 0.0564 0.0509 0.0784 0.0672 0.0650 0.0618 0.0561 0.0768 0.0502 0.0594 0.0633 0.0806 0.0633 0.0691 0.0450 0.0563 0.0397 0.0424 0.0472 0.0504 0.0448 0.0410 0.0524 0.0663 0.0428 0.0638 0.0533 0.0507 0.0471 0.0448 0.0456 0.0336 0.0597 0.0548 0.0452 0.0546 0.0343 0.0447 0.0527 0.0649 0.0421 0.0322 0.0393 0.0288 0.0309 0.0447 0.0424 0.0676 0.0799 0.0549 0.0811 0.0431 0.0336 0.0399 0.0242 0.0566 0.0396 0.0254 0.0210 0.0507 0.0192 0.0244 0.0309 0.0282
0.1010 0.1041 0.0000 0.1041 0.0878 0.0668 0.0337 0.0319 0.0758 0.2038 0.2249 0.0580 0.0290 0.1933 0.2202 0.3445 0.3064 0.4689 0.2956 0.3663 0.2182 0.2851 0.2406 0.2304 0.2077 0.2351 0.2167 0.2451 0.2449 0.3429 0.2033 0.2816 0.2425 0.2158 0.2088 0.2029 0.1668 0.1214 0.2552 0.2193 0.1915 0.2141 0.1680 0.2059 0.2502 0.3272 0.2304 0.1703 0.1984 0.1536 0.1657 0.1707 0.1819 0.1755 0.2516 0.2149 0.3093 0.2251 0.1907 0.2057 0.1811 0.2697 0.1936 0.1738 0.1486 0.2098 0.2025 0.2443 0.2794 0.1915
0.0094 0.0098 0.0000 0.0108 0.0074 0.0081 0.0067 0.0042 0.0065 0.0096 0.0046 0.0056 0.0049 0.0058 0.0064 0.0055 0.0073 0.0071 0.0042 0.0054 0.0021 0.0026 0.0034 0.0088 0.0089 0.0033 0.0017 0.0077 0.0116 0.0171 0.0131 0.0146 0.0109 0.0111 0.0101 0.0096 0.0098 0.0065 0.0109 0.0099 0.0086 0.0120 0.0073 0.0100 0.0118 0.0143 0.0109 0.0077 0.0097 0.0077 0.0068 0.0066 0.0083 0.0074 0.0106 0.0087 0.0152 0.0101 0.0084 0.0096 0.0092 0.0133 0.0091 0.0090 0.0075 0.0094 0.0099 0.0089 0.0103 0.0088
0.2106 0.3137 0.0000 0.3425 0.3313 0.2386 0.1979 0.1733 0.2750 0.3399 0.3104 0.3822 0.3551 0.3447 0.3412 0.2491 0.2731 0.3718 0.2013 0.3410 0.2386 0.1972 0.1661 0.2913 0.1232 0.1867 0.1644 0.1545 0.2547 0.2398 0.1833 0.1938 0.1243 0.1294 0.0738 0.0717 0.1087 0.1564 0.2995 0.1047 0.0524 0.2393 0.2578 0.4205 0.4121 0.6696 0.3672 0.2878 0.3395 0.2804 0.2918 0.2517 0.2561 0.2427 0.3689 0.3778 0.5143 0.3793 0.3078 0.3277 0.3379 0.4537 0.3445 0.3343 0.2321 0.2740 0.3393 0.2850 0.3369 0.2779
0.4137 0.5591 0.0000 0.6632 0.6956 0.4842 0.3745 0.3473 0.5540 0.5607 0.5746 0.5565 0.4770 0.5776 0.3996 0.4880 0.5584 0.7191 0.4830 0.5848 0.3600 0.4168 0.3626 0.4617 0.4014 0.6154 0.5293 0.4020 0.5749 0.5556 0.3156 0.4888 0.2552 0.3836 0.3576 0.2295 0.2250 0.2571 0.2147 0.2502 0.2162 0.2486 0.2528 0.2413 0.3360 0.3115 0.1787 0.1443 0.1097 0.0868 0.1394 0.3263 0.3743 0.1151 0.0963 0.4020 0.7671 0.6223 0.4713 0.5573 0.7732 0.9182 0.6374 0.6461 0.5358 0.5691 0.5695 0.5074 0.6218 0.6346
0.1176 0.1776 0.0000 0.2047 0.2471 0.1605 0.1375 0.1302 0.1678 0.1581 0.1915 0.1716 0.1504 0.1766 0.1413 0.1538 0.1676 0.2207 0.1607 0.1880 0.1105 0.1354 0.1184 0.1355 0.1278 0.1474 0.1325 0.1208 0.1425 0.1969 0.1218 0.1823 0.1340 0.1322 0.1210 0.1088 0.1102 0.0791 0.1320 0.1350 0.1189 0.1206 0.0929 0.1260 0.1375 0.1868 0.0834 0.1004 0.0869 0.0454 0.0628 0.0729 0.0355 0.0413 0.0643 0.0588 0.1212 0.0623 0.0613 0.0498 0.0391 0.0614 0.0275 0.0267 0.0342 0.1177 0.1328 0.0318 0.0217 0.1077
0.0376 0.0561 0.0000 0.0601 0.0713 0.0632 0.0459 0.0439 0.0675 0.0573 0.0560 0.0533 0.0484 0.0703 0.0460 0.0544 0.0580 0.0738 0.0580 0.0633 0.0412 0.0515 0.0364 0.0388 0.0432 0.0462 0.0410 0.0375 0.0480 0.0607 0.0392 0.0584 0.0488 0.0465 0.0406 0.0386 0.0393 0.0307 0.0547 0.0502 0.0414 0.0500 0.0314 0.0410 0.0483 0.0595 0.0386 0.0295 0.0360 0.0263 0.0283 0.0343 0.0343 0.0377 0.0539 0.0405 0.0594 0.0395 0.0307 0.0366 0.0222 0.0519 0.0290 0.0186 0.0187 0.0342 0.0140 0.0179 0.0225 0.0205
0.0083 0.0086 0.0000 0.0086 0.0073 0.0055 0.0028 0.0026 0.0063 0.0198 0.0219 0.0048 0.0024 0.0200 0.0190 0.0206 0.0217 0.0297 0.0245 0.0338 0.0243 0.0270 0.0228 0.0219 0.0197 0.0223 0.0205 0.0219 0.0219 0.0293 0.0168 0.0234 0.0201 0.0179 0.0173 0.0168 0.0138 0.0101 0.0212 0.0182 0.0159 0.0178 0.0139 0.0172 0.0213 0.0279 0.0206 0.0152 0.0188 0.0146 0.0157 0.0152 0.0162 0.0155 0.0215 0.0192 0.0267 0.0188 0.0158 0.0171 0.0150 0.0224 0.0160 0.0144 0.0123 0.0195 0.0192 0.0210 0.0241 0.0171
0.1343 0.1780 0.0000 0.1969 0.1311 0.1484 0.0962 0.0601 0.1092 0.1787 0.0659 0.0894 0.0863 0.1118 0.0929 0.0785 0.1093 0.1059 0.0620 0.0793 0.0304 0.0381 0.0496 0.1834 0.1863 0.0470 0.0239 0.1506 0.2232 0.3004 0.1611 0.2557 0.2310 0.2512 0.2361 0.2509 0.2382 0.1558 0.2647 0.2415 0.2181 0.2811 0.1722 0.2254 0.2493 0.3037 0.2303 0.1590 0.2049 0.1621 0.1412 0.1355 0.1706 0.1524 0.2234 0.1849 0.3225 0.2148 0.1896 0.2174 0.2173 0.3125 0.2301 0.2189 0.1879 0.2226 0.2326 0.2086 0.2332 0.2076
0.1631 0.2350 0.0000 0.2546 0.2461 0.1773 0.1437 0.1258 0.1997 0.2557 0.2460 0.2590 0.2320 0.2470 0.1620 0.1809 0.1902 0.2702 0.1249 0.2375 0.1140 0.0941 0.0963 0.1709 0.0588 0.0925 0.0967 0.0976 0.1167 0.1139 0.0829 0.0876 0.0567 0.0591 0.0337 0.0328 0.0496 0.1334 0.2556 0.0500 0.0249 0.1975 0.1619 0.2132 0.2283 0.3057 0.2434 0.2054 0.2574 0.2152 0.2539 0.2132 0.2169 0.2055 0.2860 0.2696 0.3672 0.2587 0.2040 0.2177 0.2240 0.3008 0.2284 0.2216 0.1538 0.1817 0.2249 0.1889 0.2234 0.1842
0.1844 0.2514 0.0000 0.3041 0.3340 0.2324 0.2055 0.1977 0.3039 0.2865 0.2758 0.2642 0.2187 0.2772 0.1857 0.2192 0.2489 0.3205 0.2153 0.2607 0.1605 0.1857 0.1616 0.2581 0.2286 0.2598 0.2603 0.2159 0.1960 0.2476 0.1407 0.2179 0.1103 0.1710 0.1219 0.0782 0.0930 0.1245 0.0732 0.1023 0.1050 0.1297 0.0929 0.0832 0.1255 0.1164 0.0658 0.0532 0.0404 0.0320 0.0514 0.1858 0.2132 0.0392 0.0332 0.1929 0.3121 0.2188 0.1704 0.1960 0.2118 0.3477 0.2565 0.2630 0.2407 0.3728 0.3031 0.2594 0.2665 0.2403
0.1114 0.1576 0.0000 0.1584 0.1791 0.1164 0.0997 0.0943 0.1216 0.1146 0.1388 0.1244 0.1090 0.1280 0.1072 0.1199 0.1431 0.1958 0.1518 0.1849 0.1256 0.1580 0.1346 0.1480 0.1303 0.1353 0.1137 0.1176 0.1203 0.1533 0.0941 0.1321 0.0971 0.0959 0.0877 0.0788 0.0798 0.1186 0.2019 0.1346 0.1335 0.1647 0.0746 0.0914 0.0997 0.1354 0.0605 0.0728 0.0694 0.0362 0.0455 0.0840 0.0284 0.0419 0.0968 0.0885 0.1050 0.0507 0.0545 0.0443 0.0340 0.0534 0.0239 0.0232 0.0297 0.1438 0.1733 0.0254 0.0176 0.1048
0.0773 0.1121 0.0000 0.1200 0.1425 0.1132 0.0942 0.0942 0.1600 0.1608 0.1997 0.1655 0.1261 0.1405 0.1080 0.1122 0.1158 0.1551 0.1157 0.1264 0.0823 0.1030 0.0727 0.0775 0.0864 0.0922 0.0827 0.0809 0.1037 0.1374 0.0886 0.1322 0.1141 0.1133 0.1226 0.1210 0.1188 0.0911 0.1512 0.1212 0.1002 0.1287 0.0807 0.0949 0.1092 0.1264 0.0967 0.0673 0.0767 0.0561 0.0602 0.0944 0.0963 0.0773 0.1278 0.1021 0.1186 0.0789 0.0614 0.0730 0.0443 0.1036 0.0579 0.0371 0.0373 0.0810 0.0281 0.0383 0.0622 0.0566
0.1365 0.1348 0.0000 0.1407 0.1187 0.0903 0.0456 0.0432 0.1025 0.5100 0.4765 0.0743 0.0376 0.3988 0.2956 0.3516 0.3629 0.5079 0.4189 0.5589 0.3536 0.4676 0.4354 0.4748 0.4927 0.5887 0.4355 0.3740 0.4436 0.5218 0.2879 0.4249 0.3438 0.3058 0.2958 0.2875 0.2363 0.1720 0.3615 0.3109 0.2763 0.3261 0.2601 0.3370 0.4172 0.5458 0.4160 0.3205 0.4311 0.3428 0.3603 0.3467 0.3457 0.3057 0.4221 0.3997 0.5571 0.3692 0.2966 0.3133 0.2952 0.4122 0.2766 0.2483 0.2124 0.4241 0.4171 0.3278 0.4371 0.3475
0.0290 0.0395 0.0000 0.0437 0.0291 0.0329 0.0208 0.0130 0.0242 0.0420 0.0142 0.0207 0.0239 0.0310 0.0212 0.0172 0.0249 0.0242 0.0141 0.0181 0.0069 0.0087 0.0113 0.0560 0.0525 0.0101 0.0052 0.0408 0.0486 0.0655 0.0351 0.0557 0.0503 0.0547 0.0514 0.0528 0.0524 0.0357 0.0700 0.0645 0.0671 0.0637 0.0442 0.0508 0.0543 0.0697 0.0502 0.0346 0.0447 0.0353 0.0308 0.0295 0.0372 0.0332 0.0492 0.0430 0.0761 0.0531 0.0469 0.0537 0.0556 0.0833 0.0659 0.0584 0.0539 0.0638 0.0626 0.0520 0.0580 0.0547
0.0577 0.0783 0.0000 0.0794 0.0822 0.0555 0.0420 0.0368 0.0585 0.0788 0.0758 0.0757 0.0686 0.0758 0.0474 0.0530 0.0557 0.0791 0.0365 0.0695 0.0334 0.0275 0.0282 0.0505 0.0172 0.0273 0.0297 0.0300 0.0342 0.0333 0.0243 0.0256 0.0166 0.0173 0.0099 0.0096 0.0145 0.0479 0.0788 0.0146 0.0073 0.0699 0.0542 0.0758 0.0781 0.1087 0.0865 0.0730 0.0862 0.0711 0.0741 0.0639 0.0650 0.0616 0.0974 0.1080 0.1414 0.0920 0.0726 0.0774 0.0796 0.1069 0.0812 0.0788 0.0547 0.0646 0.0800 0.0671 0.0794 0.0661
0.2894 0.4133 0.0000 0.4999 0.5536 0.3853 0.2889 0.2550 0.4297 0.4463 0.4573 0.4380 0.3616 0.4597 0.3080 0.3617 0.3927 0.4949 0.3369 0.3989 0.2455 0.2843 0.2473 0.3330 0.2948 0.3742 0.3359 0.2786 0.2999 0.3791 0.2153 0.3334 0.1687 0.2616 0.1865 0.1197 0.1424 0.1606 0.1120 0.1409 0.1355 0.1673 0.1319 0.1258 0.1759 0.1631 0.0932 0.0753 0.0572 0.0453 0.0727 0.2397 0.2750 0.0600 0.0502 0.3198 0.4832 0.3639 0.2673 0.3259 0.3522 0.5783 0.4015 0.4068 0.3375 0.3655 0.4215 0.3793 0.4609 0.4330
1.0681 1.3386 0.0000 1.3707 1.3511 0.8406 0.7560 0.6814 0.9577 0.8281 1.0028 0.8983 0.9047 1.1201 0.9543 1.1171 1.3328 1.8237 1.4353 1.6875 0.9614 1.0916 1.0304 1.1964 1.1185 1.2720 1.0656 1.0550 1.0791 1.4343 0.8413 1.1563 0.8621 0.7974 0.6974 0.6268 0.6349 0.5408 0.9028 0.9050 0.7971 0.8087 0.5340 0.6601 0.7202 0.9780 0.4367 0.5256 0.4991 0.2607 0.3289 0.4888 0.2041 0.2670 0.4329 0.3959 0.6903 0.3547 0.3534 0.2870 0.2226 0.3499 0.1565 0.1519 0.1945 0.9487 0.9083 0.1827 0.1233 0.9396
0.1086 0.1752 0.0000 0.1876 0.2228 0.1690 0.1324 0.1309 0.2014 0.1708 0.1727 0.1659 0.1494 0.2098 0.1615 0.2100 0.1876 0.2749 0.1817 0.1976 0.1292 0.1610 0.1153 0.1212 0.1351 0.1441 0.1369 0.1321 0.1718 0.2262 0.1458 0.2175 0.1712 0.1631 0.1381 0.1225 0.1345 0.1079 0.1919 0.1807 0.1542 0.1779 0.1147 0.1526 0.1728 0.2093 0.1358 0.0986 0.1152 0.0843 0.0905 0.1023 0.1023 0.1086 0.1608 0.1207 0.1854 0.1234 0.0960 0.1142 0.0692 0.1620 0.0905 0.0580 0.0583 0.1020 0.0438 0.0535 0.0671 0.0611
0.2401 0.2525 0.0000 0.2434 0.2081 0.1583 0.0799 0.0757 0.1797 0.5941 0.6140 0.1408 0.0704 0.6596 0.4597 0.6257 0.6400 0.9034 0.8314 0.9234 0.5499 0.7183 0.6064 0.5809 0.5234 0.5924 0.5463 0.6179 0.6520 0.8959 0.6810 0.8699 0.7260 0.6069 0.6250 0.5706 0.4692 0.3414 0.7178 0.6170 0.5515 0.6505 0.5190 0.6361 0.7194 0.8833 0.6134 0.4537 0.5119 0.3871 0.4302 0.4545 0.4843 0.4737 0.7202 0.5834 0.9555 0.6955 0.5889 0.6251 0.5503 0.7768 0.5444 0.4889 0.4180 0.5189 0.5103 0.5097 0.6084 0.4552
0.0280 0.0393 0.0000 0.0435 0.0289 0.0328 0.0201 0.0126 0.0241 0.0293 0.0137 0.0161 0.0149 0.0193 0.0190 0.0164 0.0220 0.0213 0.0126 0.0162 0.0062 0.0078 0.0101 0.0317 0.0322 0.0098 0.0050 0.0292 0.0352 0.0541 0.0299 0.0460 0.0464 0.0421 0.0372 0.0378 0.0371 0.0243 0.0434 0.0400 0.0358 0.0471 0.0346 0.0471 0.0550 0.0780 0.0492 0.0319 0.0438 0.0326 0.0302 0.0272 0.0343 0.0306 0.0503 0.0439 0.0778 0.0534 0.0430 0.0463 0.0436 0.0627 0.0417 0.0369 0.0342 0.0445 0.0467 0.0429 0.0526 0.0422
0.0844 0.1276 0.0000 0.1331 0.1287 0.0879 0.0683 0.0598 0.0949 0.0878 0.0845 0.0900 0.0796 0.0848 0.0696 0.0801 0.0842 0.1196 0.0553 0.1051 0.0490 0.0405 0.0426 0.0587 0.0253 0.0352 0.0332 0.0335 0.0502 0.0490 0.0355 0.0375 0.0244 0.0254 0.0145 0.0141 0.0213 0.0498 0.0878 0.0215 0.0107 0.0873 0.0596 0.0898 0.0954 0.1288 0.1220 0.0804 0.0948 0.0783 0.0815 0.0703 0.0715 0.0678 0.1030 0.1055 0.1500 0.1064 0.1021 0.1087 0.1311 0.1508 0.1288 0.1111 0.0789 0.0911 0.1127 0.0947 0.1207 0.1039
0.0953 0.1220 0.0000 0.1265 0.1309 0.0911 0.0683 0.0626 0.1016 0.1055 0.1081 0.1062 0.0964 0.1108 0.0872 0.1065 0.1219 0.1735 0.1165 0.1351 0.0797 0.0923 0.0803 0.0817 0.0723 0.0918 0.0824 0.0683 0.0859 0.1191 0.0676 0.1048 0.0530 0.0822 0.0534 0.0343 0.0447 0.0394 0.0321 0.0359 0.0332 0.0410 0.0381 0.0364 0.0502 0.0465 0.0269 0.0217 0.0165 0.0131 0.0210 0.0588 0.0675 0.0172 0.0145 0.0756 0.1183 0.0960 0.0744 0.0859 0.1105 0.1416 0.0983 0.0996 0.0826 0.0878 0.0878 0.0782 0.0959 0.0979
0.0628 0.0948 0.0000 0.1092 0.1319 0.1206 0.0734 0.0820 0.1192 0.1072 0.1298 0.1163 0.0988 0.1044 0.0754 0.0821 0.0894 0.1177 0.0858 0.1003 0.0590 0.0722 0.0632 0.0723 0.0682 0.0786 0.0707 0.0645 0.0760 0.1051 0.0650 0.0973 0.0823 0.0869 0.0860 0.0773 0.0783 0.0422 0.0704 0.0720 0.0634 0.0644 0.0593 0.0854 0.0932 0.1266 0.0566 0.0680 0.0588 0.0307 0.0426 0.0389 0.0241 0.0222 0.0343 0.0314 0.0821 0.0422 0.0382 0.0274 0.0265 0.0416 0.0186 0.0181 0.0231 0.0628 0.0709 0.0215 0.0147 0.0575
0.0364 0.0605 0.0000 0.0647 0.0914 0.0567 0.0444 0.0439 0.0675 0.0572 0.0560 0.0533 0.0484 0.0703 0.0483 0.0572 0.0742 0.0942 0.0836 0.0811 0.0696 0.0660 0.0536 0.0505 0.0554 0.0591 0.0636 0.0606 0.0664 0.0789 0.0465 0.0650 0.0512 0.0488 0.0413 0.0386 0.0403 0.0323 0.0574 0.0540 0.0489 0.0535 0.0395 0.0533 0.0633 0.0862 0.0623 0.0458 0.0535 0.0391 0.0420 0.0343 0.0343 0.0364 0.0539 0.0405 0.0693 0.0506 0.0394 0.0468 0.0284 0.0664 0.0338 0.0217 0.0239 0.0342 0.0164 0.0179 0.0225 0.0205
0.0298 0.0314 0.0000 0.0299 0.0258 0.0196 0.0099 0.0094 0.0223 0.0613 0.0677 0.0173 0.0087 0.0649 0.0541 0.0736 0.0754 0.1063 0.1043 0.1087 0.0647 0.0846 0.0714 0.0683 0.0616 0.0697 0.0643 0.0727 0.0726 0.1017 0.0673 0.0932 0.0856 0.0899 0.0737 0.0917 0.0695 0.0506 0.1063 0.0914 0.0797 0.0803 0.0566 0.0681 0.0771 0.0971 0.0683 0.0505 0.0588 0.0456 0.0492 0.0506 0.0539 0.0520 0.0772 0.0637 0.1024 0.0745 0.0631 0.0726 0.0705 0.1124 0.0806 0.0724 0.0619 0.0611 0.0601 0.0600 0.0716 0.0536
0.1358 0.2159 0.0000 0.2388 0.1589 0.1799 0.1033 0.0646 0.1325 0.1279 0.0707 0.0700 0.0651 0.0844 0.0988 0.0851 0.1041 0.0929 0.0657 0.0840 0.0322 0.0403 0.0526 0.1384 0.1406 0.0505 0.0259 0.1207 0.1271 0.1958 0.1108 0.1666 0.1790 0.1519 0.1345 0.1365 0.1340 0.0877 0.1490 0.1359 0.1229 0.1701 0.1137 0.1448 0.1813 0.2343 0.1827 0.1641 0.1826 0.1484 0.2194 0.1746 0.1925 0.1718 0.2519 0.1877 0.2803 0.1755 0.1416 0.1522 0.1434 0.2063 0.1370 0.1232 0.1126 0.1465 0.1536 0.1411 0.1730 0.1429
0.0361 0.0526 0.0000 0.0635 0.0710 0.0548 0.0495 0.0434 0.0689 0.0394 0.0379 0.0404 0.0357 0.0381 0.0374 0.0613 0.0632 0.0915 0.0393 0.0748 0.0297 0.0245 0.0303 0.0263 0.0153 0.0159 0.0149 0.0150 0.0300 0.0293 0.0193 0.0180 0.0146 0.0152 0.0087 0.0084 0.0128 0.0206 0.0394 0.0130 0.0064 0.0360 0.0247 0.0372 0.0404 0.0533 0.0505 0.0333 0.0392 0.0324 0.0337 0.0291 0.0296 0.0281 0.0426 0.0437 0.0594 0.0438 0.0397 0.0423 0.0465 0.0792 0.0481 0.0543 0.0530 0.0866 0.0690 0.0580 0.0596 0.0442
0.0574 0.0735 0.0000 0.0779 0.0818 0.0569 0.0440 0.0408 0.0651 0.0659 0.0675 0.0654 0.0581 0.0683 0.0538 0.0642 0.0734 0.1045 0.0812 0.1052 0.0723 0.0897 0.0781 0.0533 0.0472 0.0599 0.0538 0.0446 0.0669 0.1289 0.0703 0.1137 0.0522 0.0809 0.0477 0.0306 0.0440 0.0257 0.0287 0.0236 0.0217 0.0268 0.0333 0.0318 0.0404 0.0329 0.0235 0.0190 0.0145 0.0114 0.0184 0.0384 0.0440 0.0154 0.0127 0.0473 0.1033 0.0838 0.0649 0.0750 0.0965 0.1236 0.0858 0.0870 0.0721 0.0766 0.0767 0.0683 0.0837 0.0854
0.3078 0.4649 0.0000 0.5357 0.6468 0.5337 0.3600 0.4023 0.6390 0.6126 0.7763 0.6649 0.4650 0.4913 0.3698 0.4026 0.4387 0.5776 0.4207 0.4920 0.2893 0.3544 0.3099 0.3546 0.3346 0.3858 0.3469 0.3163 0.3730 0.5155 0.3187 0.4771 0.3872 0.4088 0.4023 0.3616 0.3662 0.2069 0.3455 0.3533 0.3112 0.3157 0.2907 0.4885 0.5331 0.7238 0.3232 0.3888 0.3066 0.1602 0.2434 0.1908 0.1254 0.1088 0.1683 0.1538 0.4231 0.2174 0.1967 0.1407 0.1364 0.2144 0.0959 0.0931 0.1192 0.3080 0.3476 0.1123 0.0756 0.2819
0.0225 0.0373 0.0000 0.0399 0.0564 0.0350 0.0274 0.0271 0.0417 0.0353 0.0346 0.0329 0.0299 0.0434 0.0284 0.0351 0.0430 0.0546 0.0458 0.0636 0.0326 0.0481 0.0419 0.0454 0.0506 0.0585 0.0383 0.0315 0.0362 0.0446 0.0263 0.0377 0.0301 0.0287 0.0251 0.0239 0.0243 0.0190 0.0337 0.0314 0.0276 0.0309 0.0223 0.0302 0.0358 0.0470 0.0337 0.0276 0.0362 0.0265 0.0284 0.0212 0.0212 0.0225 0.0333 0.0250 0.0511 0.0463 0.0360 0.0428 0.0259 0.0607 0.0282 0.0181 0.0219 0.0211 0.0136 0.0111 0.0139 0.0126
0.0763 0.0803 0.0000 0.0621 0.0661 0.0503 0.0254 0.0241 0.0571 0.1178 0.1300 0.0448 0.0224 0.1188 0.1028 0.1399 0.1432 0.2021 0.1983 0.2065 0.1230 0.1607 0.1356 0.1300 0.1181 0.1350 0.1234 0.1382 0.1586 0.2067 0.1310 0.1985 0.1754 0.1781 0.1695 0.1606 0.1627 0.1047 0.2021 0.1737 0.2043 0.1980 0.1332 0.1547 0.1750 0.2149 0.1491 0.1103 0.1245 0.0900 0.1047 0.1106 0.1179 0.1152 0.1751 0.1452 0.2377 0.1691 0.1432 0.1708 0.1739 0.2771 0.1906 0.1711 0.1463 0.1161 0.1142 0.1141 0.1361 0.1019
0.0449 0.0747 0.0000 0.0826 0.0526 0.0596 0.0342 0.0214 0.0438 0.0423 0.0234 0.0232 0.0215 0.0279 0.0327 0.0282 0.0344 0.0308 0.0218 0.0278 0.0107 0.0134 0.0174 0.0482 0.0465 0.0167 0.0086 0.0462 0.0493 0.0760 0.0420 0.0647 0.0695 0.0590 0.0522 0.0530 0.0520 0.0340 0.0624 0.0567 0.0508 0.0666 0.0490 0.0625 0.0760 0.1011 0.0779 0.0530 0.0777 0.0518 0.0556 0.0472 0.0545 0.0487 0.0927 0.1007 0.1196 0.0806 0.0638 0.0681 0.0649 0.0933 0.0636 0.0593 0.0550 0.0715 0.0749 0.0656 0.0820 0.0697
0.0486 0.0694 0.0000 0.0867 0.0955 0.0645 0.0488 0.0428 0.0679 0.0422 0.0405 0.0432 0.0382 0.0407 0.0335 0.0456 0.0471 0.0681 0.0301 0.0573 0.0250 0.0207 0.0232 0.0282 0.0129 0.0169 0.0159 0.0161 0.0259 0.0253 0.0171 0.0180 0.0126 0.0131 0.0075 0.0073 0.0110 0.0277 0.0421 0.0110 0.0055 0.0483 0.0330 0.0497 0.0528 0.0713 0.0645 0.0445 0.0525 0.0434 0.0451 0.0389 0.0428 0.0410 0.0618 0.0599 0.0980 0.0672 0.0583 0.0679 0.0668 0.0797 0.0684 0.0587 0.0479 0.0500 0.0596 0.0500 0.0733 0.0631
0.0988 0.1209 0.0000 0.1253 0.1297 0.0903 0.0677 0.0585 0.1006 0.1045 0.1071 0.1052 0.0955 0.1098 0.0864 0.1055 0.1208 0.1597 0.1073 0.1244 0.0734 0.0849 0.0739 0.0686 0.0608 0.0771 0.0692 0.0574 0.0721 0.0955 0.0542 0.0840 0.0425 0.0659 0.0449 0.0288 0.0359 0.0331 0.0269 0.0302 0.0279 0.0345 0.0317 0.0303 0.0421 0.0391 0.0224 0.0181 0.0138 0.0109 0.0175 0.0552 0.0567 0.0144 0.0121 0.0749 0.1056 0.0848 0.0642 0.0760 0.0917 0.1264 0.0877 0.0889 0.0737 0.0783 0.0887 0.0799 0.0971 0.0938
0.0854 0.1192 0.0000 0.1424 0.1404 0.0840 0.0785 0.0682 0.0995 0.0830 0.1003 0.0899 0.0940 0.1240 0.0992 0.1321 0.1383 0.1751 0.1232 0.1440 0.0783 0.0939 0.0886 0.1041 0.0982 0.1162 0.1093 0.0967 0.1163 0.1641 0.0966 0.1280 0.0972 0.0899 0.0769 0.0691 0.0700 0.0445 0.0743 0.0760 0.0669 0.0679 0.0519 0.0660 0.0720 0.0978 0.0437 0.0525 0.0485 0.0253 0.0329 0.0410 0.0198 0.0233 0.0362 0.0331 0.0670 0.0344 0.0342 0.0278 0.0216 0.0340 0.0152 0.0148 0.0189 0.0820 0.0748 0.0178 0.0120 0.0832
0.0220 0.0356 0.0000 0.0381 0.0470 0.0343 0.0269 0.0266 0.0409 0.0347 0.0384 0.0369 0.0332 0.0457 0.0359 0.0411 0.0419 0.0605 0.0414 0.0417 0.0296 0.0340 0.0272 0.0256 0.0285 0.0304 0.0323 0.0325 0.0405 0.0586 0.0380 0.0522 0.0402 0.0383 0.0309 0.0288 0.0316 0.0253 0.0451 0.0431 0.0397 0.0428 0.0295 0.0393 0.0444 0.0515 0.0345 0.0248 0.0283 0.0207 0.0222 0.0208 0.0207 0.0220 0.0326 0.0245 0.0380 0.0260 0.0202 0.0241 0.0146 0.0342 0.0186 0.0119 0.0123 0.0207 0.0090 0.0109 0.0136 0.0124
0.0052 0.0055 0.0000 0.0053 0.0045 0.0034 0.0017 0.0016 0.0039 0.0147 0.0132 0.0030 0.0015 0.0164 0.0107 0.0142 0.0140 0.0205 0.0169 0.0216 0.0129 0.0168 0.0142 0.0136 0.0139 0.0159 0.0145 0.0155 0.0186 0.0241 0.0125 0.0196 0.0147 0.0124 0.0127 0.0116 0.0106 0.0070 0.0146 0.0126 0.0128 0.0156 0.0120 0.0168 0.0208 0.0275 0.0185 0.0137 0.0147 0.0111 0.0130 0.0137 0.0146 0.0145 0.0209 0.0177 0.0256 0.0183 0.0147 0.0150 0.0137 0.0191 0.0128 0.0115 0.0098 0.0121 0.0119 0.0119 0.0142 0.0106
0.2109 0.2872 0.0000 0.3177 0.2116 0.2395 0.1512 0.0945 0.1762 0.2460 0.1034 0.1347 0.1252 0.1622 0.1430 0.1232 0.1654 0.1604 0.0952 0.1216 0.0467 0.0584 0.0761 0.3289 0.2704 0.0738 0.0375 0.3162 0.3007 0.4303 0.2307 0.3661 0.3306 0.3595 0.3181 0.3229 0.3171 0.2111 0.4133 0.3806 0.3413 0.4359 0.3209 0.3796 0.3771 0.5208 0.3442 0.2275 0.3081 0.2321 0.2205 0.1940 0.2442 0.2181 0.3674 0.3368 0.5684 0.4188 0.3697 0.4238 0.4787 0.6757 0.4215 0.3925 0.3640 0.4705 0.4930 0.4364 0.4862 0.4342
0.1857 0.2661 0.0000 0.2523 0.2645 0.1787 0.1353 0.1185 0.1881 0.1885 0.1813 0.1900 0.1681 0.1789 0.1262 0.1409 0.1482 0.2104 0.0973 0.1850 0.0888 0.0733 0.0750 0.1239 0.0458 0.0715 0.0702 0.0709 0.0909 0.0887 0.0646 0.0683 0.0442 0.0460 0.0262 0.0255 0.0387 0.1302 0.1884 0.0389 0.0194 0.2249 0.1212 0.1695 0.1746 0.2431 0.1937 0.1634 0.1927 0.1592 0.1657 0.1514 0.1774 0.1699 0.2560 0.2324 0.3910 0.2421 0.1715 0.2074 0.1861 0.2393 0.1907 0.1763 0.1334 0.1445 0.1789 0.1502 0.2041 0.1863
0.0427 0.0643 0.0000 0.0778 0.0948 0.0707 0.0482 0.0438 0.0754 0.0776 0.0770 0.0725 0.0598 0.0761 0.0510 0.0599 0.0650 0.0765 0.0558 0.0633 0.0364 0.0422 0.0367 0.0433 0.0384 0.0459 0.0412 0.0342 0.0368 0.0466 0.0264 0.0409 0.0207 0.0321 0.0229 0.0147 0.0175 0.0197 0.0138 0.0173 0.0174 0.0214 0.0162 0.0154 0.0216 0.0200 0.0114 0.0092 0.0070 0.0056 0.0089 0.0412 0.0358 0.0074 0.0062 0.0529 0.0644 0.0457 0.0337 0.0410 0.0443 0.0727 0.0535 0.0549 0.0485 0.0551 0.0681 0.0572 0.0695 0.0528
0.7288 0.9241 0.0000 0.9462 0.9327 0.5986 0.5216 0.4855 0.6608 0.5897 0.7141 0.6401 0.6246 0.8329 0.6588 0.7757 0.9240 1.2642 1.0510 1.2801 0.9802 1.0613 1.0013 1.0669 0.9423 0.9850 0.8304 0.8716 0.8916 1.0721 0.6423 0.8252 0.7123 0.6592 0.5636 0.5065 0.5131 0.4624 0.7719 0.6840 0.6492 0.6835 0.3805 0.4700 0.5129 0.6964 0.3110 0.3743 0.3554 0.1857 0.2342 0.3982 0.1454 0.2036 0.3702 0.3383 0.5106 0.2526 0.2650 0.2151 0.1652 0.2596 0.1162 0.1128 0.1443 0.9224 0.7766 0.1302 0.0879 0.7767
0.0284 0.0412 0.0000 0.0441 0.0524 0.0416 0.0346 0.0346 0.0588 0.0528 0.0645 0.0572 0.0468 0.0516 0.0406 0.0425 0.0426 0.0587 0.0426 0.0465 0.0302 0.0378 0.0267 0.0285 0.0318 0.0339 0.0313 0.0342 0.0392 0.0549 0.0354 0.0528 0.0481 0.0477 0.0490 0.0534 0.0501 0.0366 0.0608 0.0511 0.0423 0.0543 0.0341 0.0401 0.0461 0.0519 0.0396 0.0284 0.0324 0.0237 0.0254 0.0316 0.0316 0.0284 0.0470 0.0366 0.0436 0.0290 0.0226 0.0268 0.0163 0.0381 0.0213 0.0137 0.0137 0.0298 0.0103 0.0141 0.0204 0.0186
0.0214 0.0212 0.0000 0.0221 0.0186 0.0142 0.0072 0.0068 0.0161 0.0871 0.0668 0.0117 0.0059 0.0718 0.0440 0.0524 0.0521 0.0757 0.0624 0.0833 0.0526 0.0696 0.0625 0.0642 0.0714 0.0762 0.0696 0.0589 0.0723 0.0854 0.0442 0.0696 0.0521 0.0456 0.0451 0.0428 0.0375 0.0256 0.0539 0.0463 0.0453 0.0605 0.0426 0.0583 0.0721 0.0944 0.0758 0.0584 0.0799 0.0606 0.0723 0.0677 0.0675 0.0590 0.0821 0.0780 0.1087 0.0689 0.0565 0.0558 0.0576 0.0805 0.0540 0.0485 0.0415 0.0573 0.0564 0.0488 0.0628 0.0487
0.0458 0.0624 0.0000 0.0691 0.0460 0.0521 0.0329 0.0205 0.0383 0.0640 0.0225 0.0316 0.0343 0.0445 0.0323 0.0268 0.0380 0.0368 0.0216 0.0276 0.0106 0.0132 0.0172 0.1051 0.0753 0.0160 0.0081 0.0844 0.0697 0.0998 0.0535 0.0849 0.0766 0.0833 0.0737 0.0751 0.0783 0.0566 0.1212 0.0992 0.0890 0.1011 0.0753 0.0880 0.0874 0.1207 0.0798 0.0527 0.0714 0.0538 0.0512 0.0450 0.0566 0.0506 0.0852 0.0842 0.1318 0.0973 0.0857 0.0982 0.1062 0.1591 0.1172 0.1096 0.1012 0.1408 0.1361 0.1062 0.1192 0.1129
0.4862 0.6303 0.0000 0.6100 0.7099 0.4680 0.3543 0.3103 0.4924 0.4992 0.4899 0.4440 0.4182 0.4621 0.2949 0.3293 0.3462 0.4917 0.2273 0.4323 0.2074 0.1713 0.1753 0.3079 0.1070 0.1671 0.1896 0.1914 0.2124 0.2073 0.1509 0.1595 0.1033 0.1075 0.0613 0.0596 0.0903 0.3875 0.5090 0.0910 0.0453 0.5887 0.2995 0.4188 0.4314 0.6005 0.4785 0.4038 0.4762 0.3934 0.4094 0.3876 0.4974 0.4242 0.6392 0.5742 0.9388 0.5984 0.4238 0.5126 0.4597 0.5912 0.4712 0.4355 0.3300 0.3571 0.4421 0.3713 0.5048 0.4968
0.0689 0.1041 0.0000 0.1257 0.1481 0.1047 0.0842 0.0766 0.1316 0.1440 0.1504 0.1230 0.1022 0.1377 0.0923 0.0980 0.1087 0.1281 0.1034 0.1146 0.0660 0.0763 0.0664 0.0710 0.0642 0.0742 0.0666 0.0571 0.0595 0.0751 0.0427 0.0661 0.0335 0.0519 0.0370 0.0237 0.0282 0.0318 0.0222 0.0280 0.0290 0.0358 0.0262 0.0249 0.0349 0.0323 0.0185 0.0149 0.0113 0.0090 0.0144 0.0761 0.0598 0.0119 0.0100 0.0959 0.1103 0.0840 0.0612 0.0752 0.0813 0.1320 0.0917 0.0929 0.0770 0.0818 0.0988 0.0842 0.1023 0.0988
0.0389 0.0520 0.0000 0.0533 0.0525 0.0322 0.0294 0.0261 0.0372 0.0317 0.0384 0.0344 0.0351 0.0469 0.0371 0.0465 0.0555 0.0758 0.0597 0.0697 0.0397 0.0477 0.0450 0.0528 0.0499 0.0604 0.0500 0.0490 0.0501 0.0642 0.0377 0.0484 0.0401 0.0370 0.0317 0.0285 0.0288 0.0201 0.0335 0.0343 0.0302 0.0307 0.0205 0.0253 0.0276 0.0375 0.0167 0.0201 0.0191 0.0100 0.0126 0.0185 0.0078 0.0101 0.0163 0.0149 0.0264 0.0136 0.0135 0.0110 0.0085 0.0134 0.0060 0.0058 0.0074 0.0417 0.0337 0.0070 0.0047 0.0421
0.0403 0.0651 0.0000 0.0697 0.0856 0.0628 0.0492 0.0486 0.0748 0.0635 0.0752 0.0680 0.0612 0.0842 0.0662 0.0752 0.0764 0.1103 0.0754 0.0759 0.0539 0.0618 0.0495 0.0466 0.0519 0.0554 0.0588 0.0623 0.0737 0.1067 0.0688 0.0955 0.0788 0.0750 0.0639 0.0596 0.0654 0.0525 0.0933 0.0895 0.0831 0.0890 0.0614 0.0778 0.0876 0.0987 0.0713 0.0512 0.0584 0.0427 0.0458 0.0380 0.0380 0.0404 0.0597 0.0449 0.0691 0.0474 0.0369 0.0439 0.0266 0.0622 0.0338 0.0216 0.0224 0.0379 0.0164 0.0199 0.0249 0.0227
0.0056 0.0059 0.0000 0.0057 0.0049 0.0037 0.0019 0.0018 0.0042 0.0181 0.0143 0.0033 0.0016 0.0202 0.0114 0.0144 0.0143 0.0208 0.0171 0.0228 0.0136 0.0178 0.0150 0.0151 0.0167 0.0179 0.0163 0.0166 0.0199 0.0244 0.0127 0.0199 0.0150 0.0125 0.0130 0.0118 0.0110 0.0071 0.0148 0.0127 0.0133 0.0177 0.0122 0.0171 0.0211 0.0273 0.0210 0.0155 0.0187 0.0142 0.0165 0.0174 0.0186 0.0173 0.0241 0.0237 0.0319 0.0202 0.0166 0.0164 0.0169 0.0236 0.0158 0.0142 0.0122 0.0135 0.0132 0.0126 0.0151 0.0114
0.0150 0.0204 0.0000 0.0226 0.0150 0.0170 0.0107 0.0067 0.0125 0.0183 0.0073 0.0096 0.0096 0.0124 0.0102 0.0088 0.0118 0.0114 0.0068 0.0086 0.0033 0.0042 0.0054 0.0294 0.0211 0.0052 0.0027 0.0285 0.0212 0.0314 0.0173 0.0267 0.0269 0.0254 0.0225 0.0228 0.0224 0.0153 0.0321 0.0277 0.0248 0.0308 0.0227 0.0279 0.0319 0.0430 0.0291 0.0185 0.0261 0.0189 0.0191 0.0162 0.0199 0.0178 0.0318 0.0314 0.0481 0.0363 0.0298 0.0318 0.0321 0.0461 0.0327 0.0304 0.0282 0.0367 0.0385 0.0336 0.0416 0.0358
0.0170 0.0218 0.0000 0.0211 0.0239 0.0162 0.0122 0.0107 0.0170 0.0128 0.0123 0.0125 0.0111 0.0119 0.0093 0.0107 0.0112 0.0160 0.0074 0.0140 0.0065 0.0054 0.0057 0.0082 0.0034 0.0048 0.0048 0.0048 0.0067 0.0065 0.0047 0.0050 0.0033 0.0034 0.0019 0.0019 0.0029 0.0095 0.0128 0.0029 0.0014 0.0167 0.0084 0.0125 0.0133 0.0179 0.0159 0.0113 0.0133 0.0110 0.0114 0.0099 0.0116 0.0109 0.0164 0.0159 0.0261 0.0177 0.0147 0.0176 0.0159 0.0197 0.0163 0.0145 0.0114 0.0119 0.0147 0.0124 0.0174 0.0169
0.0415 0.0654 0.0000 0.0661 0.0715 0.0497 0.0360 0.0327 0.0563 0.0584 0.0599 0.0596 0.0552 0.0627 0.0494 0.0628 0.0669 0.0788 0.0563 0.0640 0.0368 0.0426 0.0371 0.0321 0.0284 0.0360 0.0323 0.0268 0.0334 0.0435 0.0247 0.0383 0.0194 0.0300 0.0208 0.0133 0.0164 0.0155 0.0125 0.0141 0.0130 0.0161 0.0147 0.0140 0.0195 0.0181 0.0104 0.0084 0.0064 0.0050 0.0081 0.0309 0.0265 0.0067 0.0056 0.0422 0.0517 0.0419 0.0317 0.0375 0.0453 0.0619 0.0429 0.0435 0.0361 0.0383 0.0434 0.0375 0.0456 0.0440
0.0401 0.0561 0.0000 0.0677 0.0693 0.0415 0.0388 0.0337 0.0491 0.0410 0.0495 0.0444 0.0464 0.0639 0.0490 0.0602 0.0644 0.0820 0.0616 0.0719 0.0404 0.0485 0.0458 0.0538 0.0507 0.0588 0.0553 0.0500 0.0601 0.0830 0.0529 0.0659 0.0517 0.0478 0.0409 0.0367 0.0372 0.0218 0.0364 0.0372 0.0328 0.0332 0.0256 0.0326 0.0356 0.0483 0.0216 0.0260 0.0239 0.0125 0.0162 0.0201 0.0098 0.0114 0.0177 0.0162 0.0331 0.0170 0.0169 0.0137 0.0107 0.0168 0.0075 0.0073 0.0093 0.0427 0.0366 0.0088 0.0059 0.0430
0.1188 0.1973 0.0000 0.2111 0.2983 0.1849 0.1448 0.1432 0.2204 0.1868 0.1946 0.1870 0.1684 0.2315 0.1820 0.2094 0.2457 0.3414 0.2727 0.2645 0.1949 0.2155 0.1789 0.1686 0.1808 0.1930 0.2124 0.2354 0.2476 0.3166 0.1830 0.2541 0.2025 0.1927 0.1609 0.1500 0.1648 0.1320 0.2349 0.2194 0.2024 0.2239 0.1651 0.2230 0.2649 0.3855 0.2420 0.1737 0.1980 0.1449 0.1555 0.1119 0.1119 0.1189 0.1759 0.1320 0.2261 0.1652 0.1285 0.1529 0.0927 0.2168 0.1104 0.0708 0.0781 0.1115 0.0535 0.0585 0.0734 0.0668
0.0175 0.0185 0.0000 0.0176 0.0152 0.0116 0.0058 0.0055 0.0131 0.0435 0.0399 0.0102 0.0051 0.0482 0.0272 0.0370 0.0379 0.0535 0.0525 0.0546 0.0325 0.0425 0.0359 0.0344 0.0389 0.0404 0.0369 0.0374 0.0449 0.0577 0.0366 0.0554 0.0484 0.0441 0.0467 0.0397 0.0402 0.0259 0.0500 0.0430 0.0486 0.0649 0.0368 0.0475 0.0527 0.0642 0.0474 0.0350 0.0422 0.0320 0.0372 0.0403 0.0430 0.0390 0.0598 0.0517 0.0846 0.0558 0.0473 0.0548 0.0664 0.0864 0.0580 0.0520 0.0445 0.0307 0.0302 0.0302 0.0360 0.0269
0.7098 1.1805 0.0000 1.3054 0.8309 0.9406 0.5403 0.3376 0.6924 0.7150 0.3697 0.3916 0.3639 0.4719 0.5164 0.4450 0.5443 0.5196 0.3437 0.4392 0.1685 0.2109 0.2747 1.1304 0.7860 0.2638 0.1352 1.0508 0.8976 1.3827 0.7646 1.1769 1.2642 1.0731 0.9500 0.9638 0.9463 0.6194 1.1996 1.0354 0.9284 1.2016 0.8479 1.0772 1.3115 1.7427 1.3589 1.0713 1.3580 1.0482 1.1246 0.9543 1.1028 0.9845 1.8738 1.6230 2.0858 1.4199 1.1239 1.1986 1.2013 1.7256 1.2234 1.1393 1.0569 1.3744 1.4407 1.2588 1.5582 1.3405
0.1191 0.1610 0.0000 0.1886 0.2342 0.1892 0.1387 0.1214 0.1926 0.0978 0.0941 0.1003 0.0887 0.0945 0.0864 0.1177 0.1213 0.1757 0.0776 0.1478 0.0645 0.0533 0.0599 0.0654 0.0333 0.0392 0.0370 0.0373 0.0667 0.0651 0.0430 0.0419 0.0324 0.0338 0.0193 0.0187 0.0284 0.0678 0.0978 0.0283 0.0142 0.1185 0.0641 0.0966 0.1050 0.1385 0.1312 0.0864 0.1019 0.0842 0.0876 0.0756 0.0820 0.0735 0.1108 0.1135 0.1701 0.1167 0.1032 0.1179 0.1247 0.2160 0.1427 0.1410 0.1347 0.1406 0.1540 0.1293 0.1768 0.1488
0.0602 0.0819 0.0000 0.0826 0.0910 0.0632 0.0506 0.0459 0.0791 0.0821 0.0842 0.0785 0.0720 0.0882 0.0694 0.0769 0.0880 0.1216 0.1049 0.1378 0.0982 0.1099 0.0956 0.0490 0.0434 0.0551 0.0495 0.0410 0.0616 0.0986 0.0549 0.0867 0.0408 0.0632 0.0406 0.0261 0.0344 0.0236 0.0244 0.0217 0.0199 0.0246 0.0290 0.0277 0.0352 0.0288 0.0205 0.0166 0.0126 0.0100 0.0160 0.0438 0.0405 0.0131 0.0111 0.0593 0.0732 0.0594 0.0460 0.0532 0.0684 0.0876 0.0608 0.0616 0.0511 0.0543 0.0579 0.0488 0.0593 0.0606
0.0751 0.1054 0.0000 0.1273 0.1480 0.1240 0.0924 0.0891 0.1579 0.1411 0.1410 0.1264 0.1280 0.1533 0.0971 0.1082 0.1157 0.1474 0.1126 0.1316 0.0800 0.0961 0.0906 0.1064 0.1004 0.1114 0.1038 0.0990 0.1189 0.1490 0.0921 0.1389 0.1311 0.1404 0.1438 0.1518 0.1474 0.0458 0.0765 0.0782 0.0689 0.0699 0.0644 0.1101 0.1195 0.1620 0.0633 0.0761 0.0639 0.0334 0.0476 0.0423 0.0261 0.0241 0.0373 0.0341 0.0893 0.0459 0.0415 0.0297 0.0288 0.0452 0.0202 0.0196 0.0252 0.0847 0.0770 0.0234 0.0159 0.0851
0.0308 0.0511 0.0000 0.0547 0.0773 0.0479 0.0375 0.0371 0.0571 0.0484 0.0505 0.0454 0.0409 0.0595 0.0428 0.0493 0.0589 0.0804 0.0649 0.0913 0.0518 0.0659 0.0641 0.0647 0.0595 0.0635 0.0652 0.0609 0.0589 0.0742 0.0429 0.0596 0.0499 0.0474 0.0429 0.0400 0.0439 0.0352 0.0626 0.0560 0.0512 0.0597 0.0440 0.0539 0.0641 0.0847 0.0705 0.0586 0.0800 0.0659 0.0760 0.0290 0.0290 0.0308 0.0456 0.0342 0.0700 0.0645 0.0499 0.0593 0.0314 0.0735 0.0363 0.0233 0.0265 0.0289 0.0176 0.0152 0.0190 0.0173
0.3218 0.3386 0.0000 0.2625 0.2789 0.2121 0.1071 0.1014 0.2409 0.6476 0.5759 0.1868 0.0944 0.7167 0.6392 0.6882 0.7909 0.9941 0.8050 1.0740 0.6795 0.8985 0.8365 1.0919 0.8391 0.9304 0.7191 0.7187 0.7324 0.9607 0.5533 0.7685 0.6602 0.5876 0.5683 0.5525 0.4540 0.3305 0.6946 0.5970 0.5211 0.5829 0.4575 0.5658 0.7006 0.9168 0.6868 0.5291 0.7122 0.5659 0.5948 0.5770 0.5735 0.5088 0.7051 0.6599 0.9197 0.6176 0.5191 0.5598 0.4928 0.7341 0.5271 0.4731 0.4045 1.3795 1.2424 0.7088 0.9566 1.0537
0.0318 0.0386 0.0000 0.0427 0.0284 0.0322 0.0227 0.0142 0.0237 0.0581 0.0155 0.0276 0.0351 0.0454 0.0238 0.0190 0.0323 0.0316 0.0159 0.0203 0.0078 0.0098 0.0127 0.0483 0.0525 0.0111 0.0058 0.0342 0.0472 0.0596 0.0358 0.0507 0.0458 0.0498 0.0468 0.0481 0.0521 0.0474 0.0686 0.0601 0.0456 0.0558 0.0349 0.0447 0.0494 0.0602 0.0457 0.0315 0.0406 0.0322 0.0280 0.0269 0.0338 0.0302 0.0443 0.0367 0.0640 0.0426 0.0376 0.0431 0.0438 0.0657 0.0520 0.0507 0.0425 0.0518 0.0506 0.0414 0.0462 0.0431
0.0211 0.0291 0.0000 0.0315 0.0304 0.0219 0.0178 0.0156 0.0247 0.0616 0.0690 0.0342 0.0345 0.0556 0.0214 0.0224 0.0235 0.0334 0.0154 0.0294 0.0149 0.0123 0.0119 0.0321 0.0077 0.0178 0.0249 0.0252 0.0174 0.0154 0.0144 0.0154 0.0085 0.0088 0.0050 0.0049 0.0074 0.0202 0.0413 0.0065 0.0034 0.0256 0.0392 0.0389 0.0430 0.0558 0.0368 0.0321 0.0427 0.0322 0.0335 0.0292 0.0294 0.0278 0.0423 0.0408 0.0555 0.0392 0.0309 0.0329 0.0339 0.0455 0.0345 0.0335 0.0233 0.0275 0.0340 0.0286 0.0338 0.0279
0.0485 0.0662 0.0000 0.0800 0.0879 0.0612 0.0502 0.0466 0.0742 0.0708 0.0726 0.0695 0.0576 0.0730 0.0489 0.0577 0.0655 0.0843 0.0566 0.0686 0.0422 0.0489 0.0425 0.0684 0.0574 0.1149 0.0784 0.0596 0.0645 0.0652 0.0370 0.0573 0.0290 0.0450 0.0401 0.0257 0.0252 0.0375 0.0241 0.0313 0.0294 0.0363 0.0289 0.0270 0.0391 0.0363 0.0205 0.0166 0.0126 0.0100 0.0160 0.0438 0.0502 0.0129 0.0108 0.0507 0.1254 0.0805 0.0694 0.0721 0.0673 0.1105 0.0859 0.0836 0.0765 0.0828 0.0813 0.0724 0.0812 0.0764
0.0718 0.1036 0.0000 0.1042 0.1178 0.0765 0.0655 0.0620 0.0799 0.0754 0.0913 0.0818 0.0717 0.0841 0.0705 0.0788 0.0940 0.1287 0.0981 0.1147 0.0771 0.0980 0.0826 0.0880 0.0780 0.0889 0.0748 0.0738 0.0755 0.1008 0.0619 0.0868 0.0639 0.0630 0.0577 0.0518 0.0525 0.0652 0.1042 0.1119 0.1262 0.1053 0.0628 0.0601 0.0655 0.0890 0.0397 0.0478 0.0584 0.0305 0.0317 0.0698 0.0239 0.0353 0.0571 0.0522 0.0884 0.0427 0.0459 0.0373 0.0286 0.0450 0.0201 0.0195 0.0250 0.0852 0.0961 0.0214 0.0148 0.0657
0.0697 0.0916 0.0000 0.0980 0.1098 0.0872 0.0726 0.0726 0.1233 0.1296 0.1090 0.1034 0.0840 0.1082 0.0708 0.0837 0.0892 0.1136 0.0892 0.0974 0.0634 0.0793 0.0560 0.0597 0.0666 0.0710 0.0632 0.0578 0.0739 0.0935 0.0603 0.0899 0.0751 0.0715 0.0742 0.0732 0.0718 0.0523 0.0870 0.0773 0.0637 0.0779 0.0488 0.0630 0.0743 0.0915 0.0594 0.0455 0.0554 0.0406 0.0435 0.1050 0.1033 0.0697 0.1187 0.1498 0.1077 0.0608 0.0473 0.0563 0.0341 0.0798 0.0523 0.0335 0.0288 0.0950 0.0253 0.0431 0.0749 0.0682
0.0094 0.0090 0.0000 0.0113 0.0082 0.0062 0.0031 0.0030 0.0071 0.0211 0.0239 0.0049 0.0025 0.0175 0.0184 0.0261 0.0320 0.0377 0.0258 0.0295 0.0180 0.0229 0.0194 0.0187 0.0167 0.0189 0.0174 0.0197 0.0197 0.0276 0.0177 0.0246 0.0212 0.0225 0.0182 0.0196 0.0174 0.0126 0.0266 0.0229 0.0185 0.0187 0.0146 0.0180 0.0203 0.0263 0.0185 0.0137 0.0160 0.0124 0.0133 0.0137 0.0146 0.0141 0.0203 0.0173 0.0270 0.0196 0.0166 0.0179 0.0164 0.0261 0.0202 0.0181 0.0155 0.0186 0.0174 0.0203 0.0251 0.0171
0.1763 0.1347 0.0000 0.1489 0.1036 0.1122 0.0991 0.0601 0.0923 0.1259 0.0658 0.0746 0.0639 0.0775 0.1083 0.0934 0.1142 0.1039 0.0721 0.0921 0.0354 0.0443 0.0576 0.0936 0.0951 0.0469 0.0284 0.0817 0.1039 0.1600 0.0905 0.1362 0.1463 0.1242 0.1099 0.1115 0.1095 0.0717 0.1217 0.1111 0.1004 0.1390 0.0851 0.1166 0.1481 0.1801 0.1458 0.1279 0.1299 0.1212 0.1428 0.1424 0.1600 0.1428 0.1748 0.1302 0.1950 0.1265 0.1020 0.1125 0.1074 0.1546 0.1060 0.1007 0.0865 0.1097 0.1150 0.1043 0.1247 0.1026
0.0920 0.1371 0.0000 0.1596 0.1782 0.1373 0.1242 0.1189 0.1887 0.1164 0.1120 0.1194 0.1056 0.1125 0.1106 0.2362 0.2153 0.3198 0.1302 0.2477 0.0984 0.0813 0.1004 0.0778 0.0508 0.0469 0.0440 0.0444 0.0994 0.0971 0.0641 0.0597 0.0483 0.0503 0.0287 0.0279 0.0423 0.0607 0.1164 0.0431 0.0212 0.0967 0.0732 0.1103 0.1250 0.1581 0.1498 0.0987 0.1164 0.0962 0.1001 0.0864 0.0878 0.0832 0.1265 0.1295 0.1763 0.1301 0.1178 0.1254 0.1379 0.2351 0.1405 0.1610 0.1482 0.1780 0.2050 0.1721 0.1665 0.1236
