2.7599 1.3875 0.0000 1.8552 1.1596 0.6257 0.3888 0.2043 1.7292 0.4703 0.3646 0.3165 0.2127 1.4576 0.1181 0.3058 0.3679 1.1888 0.3444 0.4127 0.0475 0.1616 0.0132 0.0151 0.0482 0.0645 0.0351 0.0181 0.1055 0.3292 0.0392 0.3613 0.1329 0.0954 0.0623 0.0475 0.0500 0.0084 0.1924 0.1421 0.0439 0.1229 0.0086 0.0373 0.0922 0.2581 0.0172 0.0043 0.0115 0.0018 0.0025 0.0500 0.0291 1.8246 2.3569 0.1542 1.1580 0.0192 0.0042 0.0132 0.0002 0.0705 0.0092 0.0003 0.0001 0.0614 0.0000 0.0002 0.0010 0.0007
0.0009 0.0004 0.0000 0.0003 0.0000 0.0000 0.0000 0.0000 0.0000 0.0788 0.1814 0.0000 0.0000 0.0525 0.4156 10.8718 2.9356 43.1881 2.0435 6.9963 0.3843 1.8749 0.6672 0.3145 0.1742 0.3792 0.2775 0.8296 0.6258 4.5269 0.2694 1.3449 0.6400 0.2608 0.2423 0.2172 0.0396 0.0060 0.5491 0.2343 0.1158 0.1724 0.0763 0.1962 0.6233 2.8675 0.3746 0.0706 0.1288 0.0328 0.0474 0.0557 0.0855 0.0845 0.5354 0.2108 1.2899 0.2847 0.1265 0.1754 0.0583 0.4915 0.0797 0.0374 0.0156 0.1338 0.0954 0.7197 1.3377 0.0863
0.0379 0.0191 0.0000 0.0334 0.0011 0.0064 0.0023 0.0001 0.0005 0.0121 0.0000 0.0002 0.0001 0.0002 0.0012 0.0002 0.0018 0.0006 0.0000 0.0001 0.0000 0.0000 0.0000 0.0088 0.0130 0.0000 0.0000 0.0045 0.1018 1.1735 0.5650 0.4688 0.0697 0.0830 0.0461 0.0358 0.0393 0.0029 0.0387 0.0270 0.0129 0.1126 0.0065 0.0390 0.0988 0.2480 0.0609 0.0079 0.0276 0.0083 0.0025 0.0016 0.0099 0.0052 0.0327 0.0100 0.2973 0.0293 0.0114 0.0262 0.0181 0.1143 0.0129 0.0131 0.0042 0.0146 0.0205 0.0138 0.0282 0.0116
0.0282 0.2716 0.0000 0.4285 0.2340 0.0427 0.0159 0.0065 0.0715 0.3995 0.1918 1.4135 1.1555 0.4607 1.1457 0.0551 0.0835 0.4691 0.0063 0.2857 0.0595 0.0066 0.0023 0.1614 0.0002 0.0041 0.0021 0.0014 0.0641 0.0174 0.0085 0.0045 0.0002 0.0003 0.0000 0.0000 0.0001 0.0036 0.1524 0.0000 0.0000 0.0319 0.1944 5.3008 2.8481 78.8398 1.3066 0.3995 0.8052 0.3500 0.3763 0.1020 0.1067 0.0914 0.9342 1.6531 6.3745 1.5690 0.4878 0.6091 0.7486 2.6733 0.6912 0.6154 0.0460 0.0899 0.5012 0.1896 0.4637 0.1386
0.3800 1.6360 0.0000 5.1150 5.4631 0.7508 0.1577 0.1039 1.1828 1.2687 1.5812 1.5987 0.6711 1.6671 0.2144 0.7240 1.5681 5.5520 0.4431 1.2523 0.0905 0.1621 0.0743 0.3680 0.1509 4.0384 1.6704 0.1854 2.7169 0.9154 0.0383 0.4812 0.0037 0.1135 0.0774 0.0022 0.0018 0.0112 0.0005 0.0026 0.0012 0.0022 0.0084 0.0027 0.0267 0.0072 0.0002 0.0001 0.0000 0.0000 0.0000 0.0443 0.1249 0.0000 0.0000 0.1400 8.8095 4.7701 0.8383 2.4904 35.5515 46.0136 5.6733 7.2509 2.3544 1.9163 1.8376 1.1324 3.7241 6.4674
0.1793 1.9347 0.0000 4.7602 16.2673 1.2635 0.6178 0.4826 0.9410 0.5606 2.7796 1.4814 0.7467 1.4344 0.6139 0.8020 1.1585 4.9251 0.7687 1.6299 0.0806 0.2303 0.1102 0.2255 0.1824 0.4624 0.2758 0.1388 0.4129 2.6788 0.2258 2.1392 0.2755 0.2637 0.1544 0.0726 0.0744 0.0101 0.1366 0.2453 0.1306 0.0869 0.0331 0.1967 0.2569 1.6175 0.0049 0.0517 0.0081 0.0001 0.0009 0.0028 0.0000 0.0000 0.0004 0.0003 0.0325 0.0004 0.0006 0.0001 0.0000 0.0001 0.0000 0.0000 0.0000 0.0651 0.1685 0.0000 0.0000 0.0429
0.0493 0.4796 0.0000 0.6413 1.9063 1.9261 0.2398 0.2035 1.7226 0.4275 0.3648 0.3167 0.2146 2.3963 0.1951 0.5028 0.6049 1.9543 0.5662 0.6785 0.0781 0.2656 0.0218 0.0247 0.0793 0.1060 0.0577 0.0297 0.1734 0.5411 0.0646 0.5939 0.2186 0.1576 0.0629 0.0474 0.0504 0.0138 0.3163 0.2346 0.0721 0.2020 0.0141 0.0614 0.1516 0.4243 0.0282 0.0071 0.0189 0.0030 0.0042 0.0189 0.0171 0.0495 0.3084 0.0420 0.3003 0.0316 0.0069 0.0217 0.0003 0.1159 0.0024 0.0001 0.0001 0.0080 0.0000 0.0001 0.0002 0.0002
0.0001 0.0000 0.0000 0.0000 0.0000 0.0000 0.0000 0.0000 0.0000 0.0346 0.0796 0.0000 0.0000 0.0378 0.0666 0.0848 0.0935 0.5512 0.2395 1.9937 0.5208 0.6672 0.2374 0.1124 0.0620 0.1349 0.0979 0.1797 0.1355 0.6712 0.0316 0.1604 0.0750 0.0305 0.0284 0.0255 0.0046 0.0007 0.0644 0.0275 0.0136 0.0202 0.0089 0.0249 0.0924 0.4251 0.0808 0.0153 0.0452 0.0117 0.0167 0.0120 0.0184 0.0167 0.0794 0.0455 0.2133 0.0356 0.0148 0.0206 0.0068 0.0576 0.0093 0.0044 0.0018 0.0409 0.0339 0.1149 0.2202 0.0190
0.0323 0.1189 0.0000 0.2083 0.0052 0.0397 0.0020 0.0000 0.0016 0.0926 0.0000 0.0004 0.0005 0.0020 0.0012 0.0002 0.0020 0.0007 0.0000 0.0001 0.0000 0.0000 0.0000 0.1660 0.2471 0.0000 0.0000 0.0516 1.0160 5.3010 0.1379 2.1178 1.4914 3.1948 2.3361 4.3919 2.6310 0.1660 2.5918 1.8087 1.1869 5.7043 0.3270 1.4440 2.1129 5.3984 1.3035 0.1395 0.5870 0.1785 0.0440 0.0289 0.1756 0.0919 0.6991 0.2129 6.3593 0.6752 0.4215 0.9685 0.9205 5.7909 1.1630 0.8774 0.3798 0.7616 1.0439 0.6808 1.0446 0.5871
0.1348 0.9833 0.0000 1.4533 0.7902 0.1448 0.0446 0.0183 0.2001 1.4978 1.1069 2.2370 1.3480 1.1568 0.0958 0.1543 0.1658 1.3194 0.0048 0.5671 0.0052 0.0006 0.0010 0.0774 0.0000 0.0005 0.0010 0.0012 0.0040 0.0014 0.0005 0.0002 0.0000 0.0000 0.0000 0.0000 0.0000 0.0384 1.6187 0.0000 0.0000 0.2576 0.1636 0.7609 0.8536 4.7565 1.7221 0.9689 3.2228 1.5484 4.6947 1.0193 1.0657 0.9086 4.4896 4.0093 15.5276 2.6163 0.6430 0.8170 0.9866 3.5234 0.9110 0.8111 0.0607 0.1185 0.6605 0.2499 0.6112 0.1826
0.1927 0.8936 0.0000 3.2823 5.1210 0.7038 0.4469 0.3978 3.3378 1.9884 1.4823 1.3676 0.4307 1.5559 0.1534 0.3920 0.7954 2.8160 0.2247 0.6352 0.0459 0.0819 0.0377 1.2149 0.5803 1.3078 1.9132 0.4396 0.1501 0.4643 0.0194 0.2441 0.0014 0.0576 0.0043 0.0001 0.0005 0.0112 0.0000 0.0007 0.0012 0.0041 0.0009 0.0002 0.0032 0.0008 0.0000 0.0000 0.0000 0.0000 0.0000 0.1702 0.4803 0.0000 0.0000 0.1307 2.1031 0.3407 0.0754 0.1779 0.3221 6.0745 1.2360 1.7385 1.2748 23.4713 4.0454 1.7825 1.3684 0.8538
0.2569 1.6089 0.0000 1.2810 2.5397 0.1981 0.0964 0.0753 0.1469 0.0879 0.4358 0.2313 0.1171 0.2249 0.1406 0.2294 0.7010 4.0956 1.0735 3.1831 0.5195 1.8442 0.7128 1.0476 0.4770 0.5104 0.1743 0.2474 0.2270 0.7563 0.0600 0.3340 0.0430 0.0413 0.0242 0.0114 0.0116 0.6462 10.2647 0.5364 0.7610 2.5478 0.0121 0.0308 0.0403 0.2525 0.0008 0.0081 0.0028 0.0000 0.0001 0.0206 0.0000 0.0001 0.0258 0.0179 0.0221 0.0002 0.0005 0.0001 0.0000 0.0001 0.0000 0.0000 0.0000 0.7649 3.4133 0.0000 0.0000 0.0764
0.0260 0.2019 0.0000 0.2699 0.8058 0.3290 0.1266 0.1563 2.9864 3.0137 18.4180 5.1292 0.8151 1.0129 0.3127 0.2772 0.2557 1.2495 0.2383 0.2868 0.0329 0.1123 0.0092 0.0105 0.0335 0.0446 0.0261 0.0236 0.1397 0.6394 0.0760 0.7018 0.3413 0.3441 0.8051 0.8225 0.6483 0.1525 1.9650 0.4696 0.1489 0.6941 0.0484 0.0883 0.1791 0.2986 0.0776 0.0089 0.0135 0.0021 0.0030 0.1127 0.1205 0.0260 0.5347 0.1221 0.1269 0.0134 0.0029 0.0091 0.0001 0.0490 0.0010 0.0000 0.0000 0.0139 0.0000 0.0000 0.0015 0.0010
0.0005 0.0001 0.0000 0.0002 0.0000 0.0000 0.0000 0.0000 0.0000 6.7944 3.9513 0.0000 0.0000 0.9149 0.2082 0.5654 0.5215 3.6745 1.6033 10.1007 0.9155 4.9163 3.9504 5.4385 9.6382 32.8564 3.9101 1.1977 3.7380 6.3947 0.2104 1.7719 0.5021 0.2046 0.1893 0.1704 0.0310 0.0047 0.4290 0.1838 0.1054 0.2447 0.1244 0.5055 1.8790 8.6437 2.1801 0.5773 3.4574 1.0934 1.2771 0.8568 0.7592 0.3658 1.6931 1.5656 7.3445 0.7466 0.2137 0.2500 0.1458 0.7190 0.0671 0.0313 0.0132 1.9778 1.6426 0.3589 2.3699 0.5221
0.0030 0.0139 0.0000 0.0243 0.0006 0.0047 0.0002 0.0000 0.0002 0.0175 0.0000 0.0001 0.0003 0.0015 0.0002 0.0000 0.0003 0.0001 0.0000 0.0000 0.0000 0.0000 0.0000 0.2725 0.2093 0.0000 0.0000 0.0311 0.1009 0.5358 0.0139 0.2131 0.1501 0.3215 0.2330 0.3301 0.2876 0.0256 1.2901 0.9780 2.0714 0.7958 0.1270 0.1929 0.2126 0.8362 0.1312 0.0140 0.0593 0.0180 0.0045 0.0029 0.0177 0.0093 0.0764 0.0363 1.2408 0.1933 0.1207 0.2760 0.3482 3.0771 1.1273 0.4744 0.3698 0.7415 0.6026 0.2099 0.3123 0.2835
0.0443 0.1966 0.0000 0.1686 0.1615 0.0173 0.0031 0.0013 0.0137 0.1572 0.1162 0.1519 0.1003 0.1173 0.0066 0.0106 0.0114 0.0904 0.0003 0.0388 0.0004 0.0000 0.0001 0.0058 0.0000 0.0000 0.0001 0.0001 0.0003 0.0001 0.0000 0.0000 0.0000 0.0000 0.0000 0.0000 0.0000 0.0141 0.1699 0.0000 0.0000 0.0847 0.0340 0.2600 0.2113 1.6254 0.5885 0.3311 0.6703 0.2901 0.3132 0.0849 0.0888 0.0757 1.0734 3.6669 10.2882 0.8941 0.2207 0.2792 0.3372 1.2041 0.3113 0.2772 0.0207 0.0405 0.2267 0.0854 0.2098 0.0672
0.4308 2.9300 0.0000 10.7626 18.0035 2.4741 0.4018 0.1759 3.1488 4.1809 5.2110 4.8080 1.4814 5.4939 0.5417 1.3251 1.8567 5.4984 0.4914 1.1517 0.0832 0.1491 0.0683 0.5371 0.2565 1.4369 0.8458 0.1944 0.2721 0.8456 0.0354 0.4425 0.0026 0.1044 0.0078 0.0002 0.0009 0.0050 0.0000 0.0005 0.0005 0.0018 0.0008 0.0003 0.0028 0.0007 0.0000 0.0000 0.0000 0.0000 0.0000 0.0752 0.2123 0.0000 0.0000 0.4594 4.1969 1.2296 0.1678 0.6420 1.1625 21.9210 2.7028 3.4393 1.1216 1.0726 3.3198 2.2222 6.8163 5.9738
6.6243 15.2970 0.0000 14.1858 9.0618 0.4924 0.3594 0.1873 0.7492 0.2185 1.0833 0.5748 0.9150 2.7294 1.9616 4.6745 14.2838 83.4566 24.7123 54.7298 2.0849 3.1792 2.8610 6.6141 4.9479 11.2000 3.7260 3.6997 3.3954 15.9574 0.8703 4.0704 0.5872 0.3302 0.1329 0.0626 0.0640 0.0358 0.4844 0.7373 0.3925 0.2611 0.0278 0.0766 0.1001 0.6277 0.0019 0.0202 0.0068 0.0001 0.0004 0.0086 0.0000 0.0001 0.0012 0.0008 0.0253 0.0003 0.0005 0.0001 0.0000 0.0001 0.0000 0.0000 0.0000 0.8987 0.5977 0.0000 0.0000 1.1383
0.0433 0.8098 0.0000 1.0827 3.2327 0.9036 0.2116 0.2363 1.9997 0.4963 0.5524 0.5231 0.3307 2.7939 0.8663 4.9333 1.3793 14.1974 0.9942 1.1506 0.1372 0.4504 0.0415 0.0420 0.1345 0.1797 0.1694 0.1358 0.9047 3.9311 0.4676 4.3145 0.9748 0.6997 0.2160 0.0911 0.1817 0.0616 1.4107 1.2786 0.5241 1.0092 0.0883 0.4461 0.7942 1.9342 0.1286 0.0208 0.0390 0.0062 0.0086 0.0219 0.0198 0.0435 0.3580 0.0487 0.5092 0.0536 0.0118 0.0367 0.0006 0.1966 0.0041 0.0001 0.0002 0.0093 0.0000 0.0001 0.0003 0.0002
0.0016 0.0009 0.0000 0.0005 0.0001 0.0000 0.0000 0.0000 0.0000 0.7795 1.0416 0.0000 0.0000 1.9012 0.2599 2.1527 1.8437 13.9294 15.0397 20.8084 1.1429 5.5521 1.9843 0.9355 0.5159 1.1229 0.8254 2.4673 2.9279 18.1055 8.4192 21.4923 7.8749 1.9190 2.9814 1.5986 0.2916 0.0444 4.0414 1.7240 1.0369 2.3973 1.2187 3.1352 5.5086 15.0248 1.7528 0.3319 0.4640 0.0970 0.1798 0.2608 0.4000 0.4429 4.5497 1.1588 20.6142 4.5502 2.0134 2.4492 0.8147 4.4009 0.5869 0.2754 0.1151 0.3402 0.2826 0.4481 1.1852 0.1582
0.0060 0.0354 0.0000 0.0620 0.0015 0.0118 0.0004 0.0000 0.0005 0.0024 0.0000 0.0000 0.0000 0.0001 0.0002 0.0000 0.0003 0.0001 0.0000 0.0000 0.0000 0.0000 0.0000 0.0065 0.0097 0.0000 0.0000 0.0053 0.0187 0.2937 0.0098 0.1168 0.2036 0.0970 0.0430 0.0553 0.0438 0.0028 0.0656 0.0499 0.0308 0.1733 0.0443 0.2745 0.6263 5.6350 0.2975 0.0190 0.1346 0.0244 0.0100 0.0040 0.0240 0.0125 0.2435 0.1156 3.9357 0.5310 0.1574 0.2135 0.1246 0.7837 0.0673 0.0282 0.0231 0.1004 0.1413 0.1131 0.3734 0.0890
0.1900 2.0782 0.0000 2.2447 1.2258 0.1440 0.0312 0.0128 0.1399 0.0716 0.0529 0.1181 0.0644 0.0553 0.0293 0.0602 0.0646 0.5145 0.0019 0.2211 0.0016 0.0002 0.0004 0.0037 0.0000 0.0000 0.0000 0.0001 0.0012 0.0004 0.0001 0.0001 0.0000 0.0000 0.0000 0.0000 0.0000 0.0037 0.0773 0.0000 0.0000 0.0996 0.0139 0.1970 0.2061 1.2316 1.8773 0.1363 0.2748 0.1194 0.1284 0.0348 0.0366 0.0312 0.3188 0.5642 3.1229 0.5568 0.6918 0.8638 3.8708 3.8408 2.6347 0.8841 0.0801 0.1292 0.7201 0.2724 1.2421 0.5282
0.5987 1.6528 0.0000 1.7016 1.6228 0.2230 0.0362 0.0215 0.2838 0.3769 0.4697 0.5318 0.3605 0.5818 0.2166 0.7314 1.5841 12.8321 1.0241 2.0251 0.1033 0.1843 0.0848 0.0657 0.0314 0.1757 0.1034 0.0237 0.1192 0.7975 0.0333 0.4192 0.0025 0.0989 0.0034 0.0001 0.0008 0.0006 0.0000 0.0001 0.0001 0.0002 0.0004 0.0001 0.0012 0.0003 0.0000 0.0000 0.0000 0.0000 0.0000 0.0092 0.0260 0.0000 0.0000 0.0414 0.5043 0.2731 0.0581 0.1426 1.0869 2.6340 0.3248 0.4151 0.1348 0.1097 0.1052 0.0648 0.2132 0.3702
0.0358 0.3862 0.0000 0.9503 3.2475 4.2801 0.1233 0.3800 2.0089 0.8086 4.0094 2.1368 0.8293 0.6696 0.1220 0.1601 0.2313 0.9832 0.1535 0.3254 0.0161 0.0460 0.0220 0.0450 0.0364 0.0923 0.0551 0.0277 0.0824 0.5348 0.0451 0.4271 0.1752 0.2941 0.3310 0.1558 0.1594 0.0020 0.0273 0.0490 0.0261 0.0173 0.0288 0.2837 0.3706 2.3332 0.0071 0.0746 0.0116 0.0001 0.0013 0.0006 0.0000 0.0000 0.0001 0.0000 0.0466 0.0006 0.0004 0.0000 0.0000 0.0002 0.0000 0.0000 0.0000 0.0130 0.0336 0.0000 0.0000 0.0086
0.0080 0.1890 0.0000 0.2527 3.1630 0.1667 0.0389 0.0436 0.3689 0.0912 0.0778 0.0678 0.0460 0.5132 0.0624 0.1622 0.9906 3.1452 2.4926 1.1258 1.2709 0.4407 0.1136 0.0468 0.1316 0.1759 0.4632 0.3332 0.5411 1.0099 0.0570 0.3093 0.0699 0.0504 0.0155 0.0102 0.0131 0.0044 0.1011 0.0917 0.0609 0.0759 0.0201 0.1156 0.3046 1.9511 0.3156 0.0569 0.1066 0.0169 0.0236 0.0040 0.0037 0.0080 0.0658 0.0089 0.2304 0.0524 0.0115 0.0359 0.0005 0.1923 0.0018 0.0000 0.0002 0.0017 0.0000 0.0000 0.0000 0.0000
0.0002 0.0001 0.0000 0.0001 0.0000 0.0000 0.0000 0.0000 0.0000 0.0252 0.0581 0.0000 0.0000 0.0414 0.0248 0.2052 0.1765 1.3334 2.4389 1.9833 0.1089 0.5315 0.1891 0.0892 0.0494 0.1075 0.0787 0.2352 0.1774 1.2833 0.1890 0.9475 0.7638 1.2273 0.2879 2.0082 0.1865 0.0284 2.5733 1.1025 0.5427 0.3396 0.0618 0.1376 0.2429 0.8129 0.1062 0.0200 0.0364 0.0093 0.0134 0.0158 0.0242 0.0240 0.2006 0.0598 0.9088 0.2006 0.0888 0.2093 0.1573 2.3135 0.3753 0.1761 0.0736 0.0326 0.0271 0.0427 0.1135 0.0151
0.1978 3.2726 0.0000 5.7325 0.1427 1.0927 0.0196 0.0005 0.0449 0.0326 0.0002 0.0003 0.0002 0.0011 0.0107 0.0020 0.0076 0.0013 0.0002 0.0007 0.0000 0.0000 0.0000 0.0906 0.1349 0.0000 0.0000 0.0464 0.0542 0.8581 0.0348 0.3428 1.0121 0.2798 0.1245 0.1596 0.1269 0.0080 0.1250 0.0872 0.0577 0.5018 0.0590 0.2087 0.8501 3.5377 1.0761 1.0166 1.2635 0.4798 9.3861 1.3125 2.6607 1.3867 10.5458 1.3438 11.1535 0.7083 0.2099 0.2835 0.1654 1.0453 0.0894 0.0423 0.0309 0.1345 0.1893 0.1501 0.4959 0.1502
0.0117 0.0939 0.0000 0.3389 0.6159 0.1971 0.1509 0.0619 0.6771 0.0065 0.0048 0.0108 0.0059 0.0050 0.0118 0.4521 0.4134 3.8662 0.0076 0.9030 0.0017 0.0002 0.0016 0.0003 0.0000 0.0000 0.0000 0.0000 0.0012 0.0004 0.0001 0.0000 0.0000 0.0000 0.0000 0.0000 0.0000 0.0002 0.0070 0.0000 0.0000 0.0044 0.0007 0.0092 0.0116 0.0574 0.0874 0.0063 0.0128 0.0056 0.0060 0.0016 0.0017 0.0014 0.0149 0.0263 0.1013 0.0249 0.0193 0.0241 0.0501 1.2927 0.0527 0.1624 0.2053 5.8683 0.8571 0.3243 0.2489 0.0311
0.0408 0.1131 0.0000 0.1398 0.1499 0.0205 0.0043 0.0028 0.0323 0.0347 0.0432 0.0437 0.0247 0.0480 0.0179 0.0500 0.1084 0.8777 0.2331 1.1506 0.2076 0.6580 0.3027 0.0086 0.0041 0.0231 0.0137 0.0031 0.0686 6.9254 0.2062 3.7206 0.0097 0.3903 0.0061 0.0002 0.0033 0.0001 0.0000 0.0000 0.0000 0.0000 0.0006 0.0002 0.0009 0.0001 0.0000 0.0000 0.0000 0.0000 0.0000 0.0012 0.0034 0.0000 0.0000 0.0038 0.7406 0.4010 0.0854 0.2093 1.5961 3.8681 0.4769 0.6096 0.1979 0.1611 0.1545 0.0952 0.3131 0.5437
0.0846 0.9133 0.0000 2.2472 7.6793 4.3095 0.2916 0.8985 9.8750 6.7627 48.7700 17.8708 1.3962 1.1224 0.2898 0.3786 0.5469 2.3250 0.3629 0.7694 0.0381 0.1087 0.0520 0.1064 0.0861 0.2183 0.1302 0.0655 0.1949 1.2646 0.1066 1.0099 0.2937 0.4930 0.5266 0.2478 0.2536 0.0048 0.0645 0.1158 0.0616 0.0410 0.0682 2.3828 3.1134 19.5130 0.0591 0.6242 0.0451 0.0004 0.0109 0.0014 0.0000 0.0000 0.0002 0.0001 0.1652 0.0020 0.0016 0.0001 0.0000 0.0007 0.0000 0.0000 0.0000 0.0307 0.0795 0.0000 0.0000 0.0203
0.0028 0.0664 0.0000 0.0887 1.1108 0.0585 0.0136 0.0152 0.1296 0.0320 0.0273 0.0237 0.0162 0.1802 0.0146 0.0550 0.2081 0.6578 0.3285 2.8567 0.0453 0.6104 0.2808 0.3685 1.1811 3.0601 0.1326 0.0285 0.0686 0.1721 0.0097 0.0650 0.0164 0.0118 0.0047 0.0035 0.0038 0.0010 0.0237 0.0193 0.0104 0.0152 0.0034 0.0197 0.0521 0.2462 0.0371 0.0163 0.0795 0.0126 0.0175 0.0014 0.0013 0.0028 0.0231 0.0031 0.3513 0.4707 0.1033 0.3233 0.0049 1.7262 0.0076 0.0002 0.0016 0.0006 0.0000 0.0000 0.0000 0.0000
0.0022 0.0012 0.0000 0.0001 0.0001 0.0000 0.0000 0.0000 0.0000 0.0215 0.0496 0.0000 0.0000 0.0237 0.0194 0.1605 0.1381 1.0430 1.9076 1.5513 0.0852 0.4157 0.1479 0.0700 0.0414 0.0979 0.0668 0.1839 0.4382 1.7453 0.1806 1.8907 1.1137 1.3542 1.0946 0.7996 0.8185 0.0451 2.0216 0.8624 5.0178 2.2848 0.2832 0.4672 0.8245 2.2487 0.2612 0.0495 0.0694 0.0099 0.0269 0.0392 0.0601 0.0660 0.6780 0.2092 3.7047 0.6781 0.3000 0.9557 1.0579 15.5632 1.7819 0.8326 0.3481 0.0255 0.0212 0.0336 0.0887 0.0118
0.0134 0.3184 0.0000 0.5578 0.0096 0.0737 0.0013 0.0000 0.0030 0.0022 0.0000 0.0000 0.0000 0.0001 0.0007 0.0001 0.0005 0.0001 0.0000 0.0000 0.0000 0.0000 0.0000 0.0094 0.0091 0.0000 0.0000 0.0104 0.0136 0.2158 0.0072 0.0862 0.2545 0.0704 0.0313 0.0401 0.0318 0.0020 0.0591 0.0398 0.0246 0.1353 0.0353 0.1254 0.4038 2.1263 0.5902 0.0554 0.6811 0.0503 0.0699 0.0166 0.0497 0.0259 1.7008 4.9023 6.1442 0.7149 0.1811 0.2301 0.1484 0.9298 0.0993 0.0629 0.0515 0.2241 0.3138 0.1675 0.6501 0.2501
0.0794 0.5451 0.0000 2.6002 4.1641 0.4484 0.0788 0.0323 0.3534 0.0067 0.0049 0.0110 0.0060 0.0051 0.0028 0.0231 0.0212 0.1971 0.0005 0.0588 0.0002 0.0000 0.0001 0.0003 0.0000 0.0000 0.0000 0.0000 0.0002 0.0001 0.0000 0.0000 0.0000 0.0000 0.0000 0.0000 0.0000 0.0011 0.0072 0.0000 0.0000 0.0299 0.0042 0.0597 0.0624 0.3729 0.3875 0.0413 0.0836 0.0362 0.0389 0.0106 0.0211 0.0196 0.1872 0.2106 3.6971 0.5010 0.2721 0.7093 0.5889 0.7927 0.5655 0.1817 0.0515 0.0366 0.1486 0.0560 0.8026 0.3413
1.2272 2.3193 0.0000 2.3879 2.2773 0.3130 0.0508 0.0186 0.3983 0.5288 0.6591 0.7463 0.5059 0.8164 0.3040 1.0264 2.2328 9.8286 0.7844 1.5511 0.0788 0.1411 0.0646 0.0236 0.0113 0.0631 0.0371 0.0085 0.0428 0.1951 0.0082 0.1021 0.0006 0.0242 0.0012 0.0000 0.0002 0.0002 0.0000 0.0000 0.0000 0.0001 0.0001 0.0000 0.0004 0.0001 0.0000 0.0000 0.0000 0.0000 0.0000 0.0083 0.0093 0.0000 0.0000 0.0584 0.2987 0.1496 0.0263 0.0781 0.3514 1.5603 0.1924 0.2448 0.0798 0.0647 0.1734 0.1166 0.3577 0.3949
0.1448 0.8131 0.0000 2.6904 1.7186 0.0679 0.0682 0.0260 0.1421 0.0307 0.1495 0.0797 0.1735 0.8730 0.3720 2.5886 2.6738 8.2348 0.9684 2.0354 0.0526 0.1268 0.1141 0.2890 0.2328 0.7338 0.6337 0.2499 0.8697 6.7161 0.3760 1.3020 0.2188 0.1230 0.0411 0.0194 0.0198 0.0010 0.0134 0.0241 0.0128 0.0085 0.0030 0.0106 0.0138 0.0870 0.0003 0.0028 0.0007 0.0000 0.0000 0.0003 0.0000 0.0000 0.0000 0.0000 0.0027 0.0000 0.0000 0.0000 0.0000 0.0000 0.0000 0.0000 0.0000 0.0373 0.0165 0.0000 0.0000 0.0577
0.0038 0.0710 0.0000 0.0949 0.3893 0.0792 0.0185 0.0206 0.1752 0.0433 0.1033 0.0978 0.0618 0.4388 0.1620 0.3186 0.2670 2.4329 0.2271 0.1386 0.0327 0.0542 0.0125 0.0051 0.0162 0.0217 0.0509 0.0586 0.2719 2.5881 0.3258 1.4973 0.2842 0.2031 0.0418 0.0266 0.0532 0.0180 0.4113 0.4211 0.3289 0.3595 0.0554 0.2800 0.4834 0.8382 0.0727 0.0107 0.0163 0.0026 0.0036 0.0019 0.0017 0.0038 0.0312 0.0042 0.0480 0.0065 0.0014 0.0044 0.0001 0.0237 0.0004 0.0000 0.0000 0.0008 0.0000 0.0000 0.0000 0.0000
0.0000 0.0000 0.0000 0.0000 0.0000 0.0000 0.0000 0.0000 0.0000 0.0150 0.0060 0.0000 0.0000 0.0374 0.0031 0.0202 0.0127 0.1314 0.0573 0.2472 0.0136 0.0663 0.0236 0.0112 0.0172 0.0409 0.0278 0.0530 0.1821 0.6883 0.0133 0.1907 0.0287 0.0073 0.0113 0.0061 0.0025 0.0002 0.0153 0.0066 0.0114 0.0356 0.0134 0.1010 0.3754 1.8760 0.1700 0.0319 0.0299 0.0064 0.0174 0.0253 0.0388 0.0483 0.3239 0.1205 0.7503 0.1447 0.0420 0.0362 0.0157 0.0774 0.0072 0.0034 0.0014 0.0041 0.0034 0.0054 0.0141 0.0019
0.0185 0.0849 0.0000 0.1487 0.0037 0.0285 0.0011 0.0000 0.0012 0.0178 0.0000 0.0002 0.0001 0.0006 0.0006 0.0001 0.0009 0.0003 0.0000 0.0000 0.0000 0.0000 0.0000 0.2843 0.0735 0.0000 0.0000 0.3249 0.1634 1.4135 0.0366 0.5623 0.3960 0.8482 0.3758 0.4837 0.3829 0.0279 1.4119 1.0657 0.6579 2.9364 0.7666 1.4729 0.8863 6.3857 0.4947 0.0370 0.2337 0.0474 0.0240 0.0077 0.0466 0.0244 0.5836 0.4138 9.4346 2.3020 1.4370 3.3017 8.6206 46.5656 2.3713 1.5030 1.2289 5.0784 7.1137 4.1604 6.2194 3.5879
0.6219 4.3423 0.0000 2.1319 2.2671 0.2441 0.0429 0.0176 0.1924 0.1900 0.1404 0.2728 0.1487 0.1271 0.0192 0.0309 0.0332 0.2644 0.0010 0.1136 0.0010 0.0001 0.0002 0.0085 0.0000 0.0001 0.0001 0.0001 0.0008 0.0003 0.0001 0.0000 0.0000 0.0000 0.0000 0.0000 0.0000 0.0495 0.2053 0.0000 0.0000 1.1885 0.0236 0.1807 0.1469 1.1297 0.4108 0.2311 0.4658 0.2025 0.2177 0.0953 0.3202 0.2979 2.8413 1.8543 41.1917 2.3873 0.2423 0.8644 0.3364 0.8405 0.3244 0.1935 0.0296 0.0283 0.1576 0.0594 0.4584 0.3162
0.0352 0.3722 0.0000 1.3671 5.0528 1.2233 0.0907 0.0505 1.0798 1.3314 1.2722 1.0167 0.3132 1.1617 0.1145 0.2802 0.3926 0.6657 0.1039 0.1719 0.0071 0.0127 0.0058 0.0156 0.0075 0.0258 0.0152 0.0035 0.0049 0.0152 0.0006 0.0080 0.0000 0.0019 0.0001 0.0000 0.0000 0.0001 0.0000 0.0000 0.0000 0.0000 0.0000 0.0000 0.0000 0.0000 0.0000 0.0000 0.0000 0.0000 0.0000 0.0216 0.0062 0.0000 0.0000 0.0971 0.1488 0.0268 0.0037 0.0140 0.0254 0.4770 0.0958 0.1354 0.0738 0.1054 0.5770 0.2183 0.6696 0.1005
2.4666 6.2688 0.0000 5.8135 3.7136 0.2609 0.1467 0.0997 0.3057 0.1158 0.5740 0.3059 0.3750 2.0672 0.8039 2.0097 6.0612 35.4141 16.4958 48.9139 21.4576 22.1084 19.8088 22.5142 10.5218 11.8633 4.1584 6.6965 6.1456 12.6241 0.8196 2.1948 1.0628 0.6003 0.2004 0.0943 0.0965 0.0861 1.1638 0.6392 0.6317 0.5699 0.0148 0.0406 0.0531 0.3326 0.0010 0.0107 0.0036 0.0000 0.0002 0.0138 0.0000 0.0001 0.0029 0.0020 0.0183 0.0002 0.0004 0.0001 0.0000 0.0001 0.0000 0.0000 0.0000 6.2498 1.4360 0.0000 0.0000 2.0692
0.0104 0.0810 0.0000 0.1083 0.3232 0.1320 0.0508 0.0627 1.1979 0.4780 2.5411 1.2413 0.3552 0.4063 0.1513 0.1413 0.1026 0.6369 0.0960 0.1150 0.0132 0.0450 0.0037 0.0042 0.0135 0.0180 0.0134 0.0298 0.0709 0.5149 0.0604 0.5578 0.4212 0.4247 0.6399 1.4958 0.8142 0.1282 1.6528 0.5898 0.1878 0.8716 0.0608 0.1109 0.2249 0.3016 0.0757 0.0112 0.0170 0.0027 0.0038 0.0211 0.0191 0.0104 0.2145 0.0396 0.0509 0.0054 0.0012 0.0037 0.0000 0.0196 0.0004 0.0000 0.0000 0.0056 0.0000 0.0000 0.0002 0.0002
0.0000 0.0000 0.0000 0.0000 0.0000 0.0000 0.0000 0.0000 0.0000 1.5255 0.1732 0.0000 0.0000 0.3175 0.0149 0.0411 0.0278 0.2658 0.1160 0.7307 0.0657 0.3526 0.2107 0.1757 0.5535 0.7396 0.5049 0.1363 0.5646 1.0089 0.0195 0.2796 0.0421 0.0148 0.0167 0.0123 0.0037 0.0003 0.0310 0.0133 0.0168 0.1079 0.0196 0.1266 0.4643 2.1452 0.8364 0.2215 1.5116 0.3258 1.0873 0.5765 0.5109 0.2256 1.1052 1.0536 4.9424 0.3455 0.1177 0.0785 0.0982 0.4859 0.0451 0.0211 0.0088 0.0639 0.0531 0.0257 0.1264 0.0229
0.0013 0.0059 0.0000 0.0104 0.0003 0.0020 0.0001 0.0000 0.0001 0.0055 0.0000 0.0000 0.0001 0.0003 0.0000 0.0000 0.0001 0.0000 0.0000 0.0000 0.0000 0.0000 0.0000 0.4784 0.0398 0.0000 0.0000 0.1232 0.0194 0.1676 0.0044 0.0669 0.0469 0.1005 0.0446 0.0589 0.0762 0.0110 1.1730 0.3337 0.2060 0.3496 0.1004 0.1746 0.1051 0.7570 0.0589 0.0044 0.0277 0.0056 0.0029 0.0009 0.0055 0.0029 0.0698 0.0918 1.1233 0.2777 0.1711 0.3914 0.7119 6.2907 1.2689 0.8328 0.6576 4.9571 3.5813 0.7395 1.1699 1.0946
2.2748 6.9421 0.0000 4.0394 10.1762 0.8929 0.1569 0.0646 0.7038 0.7648 0.6669 0.3895 0.3565 0.4151 0.0274 0.0441 0.0474 0.3774 0.0014 0.1622 0.0015 0.0002 0.0003 0.0204 0.0000 0.0001 0.0005 0.0006 0.0011 0.0004 0.0001 0.0001 0.0000 0.0000 0.0000 0.0000 0.0000 0.5235 0.9753 0.0000 0.0000 4.3471 0.0535 0.4094 0.3327 2.5589 0.9305 0.5235 1.0552 0.4586 0.4931 0.2891 2.0635 0.7362 7.0221 4.2004 73.7500 5.4313 0.5489 1.9667 0.7620 1.9038 0.7349 0.4383 0.0676 0.0640 0.3569 0.1350 1.0475 1.3468
0.0364 0.3923 0.0000 1.4225 3.9785 0.6231 0.1798 0.1009 2.1315 4.3561 6.3512 1.5862 0.5150 3.0972 0.3054 0.3265 0.5446 0.9234 0.3385 0.4603 0.0190 0.0340 0.0156 0.0182 0.0103 0.0267 0.0157 0.0048 0.0051 0.0157 0.0007 0.0082 0.0000 0.0019 0.0001 0.0000 0.0000 0.0001 0.0000 0.0000 0.0000 0.0001 0.0000 0.0000 0.0000 0.0000 0.0000 0.0000 0.0000 0.0000 0.0000 0.0685 0.0085 0.0000 0.0000 0.2601 0.2500 0.0802 0.0103 0.0419 0.0762 1.3055 0.1610 0.2057 0.0668 0.0541 0.2469 0.1051 0.3223 0.3558
0.0982 0.3857 0.0000 0.3577 0.2285 0.0111 0.0090 0.0042 0.0188 0.0049 0.0244 0.0130 0.0230 0.1278 0.0495 0.2077 0.6345 3.6912 1.0930 2.2974 0.0879 0.2118 0.1906 0.4807 0.3889 1.4783 0.4488 0.4067 0.3732 1.3044 0.0711 0.1905 0.0648 0.0365 0.0122 0.0057 0.0059 0.0006 0.0084 0.0151 0.0081 0.0054 0.0006 0.0017 0.0023 0.0141 0.0000 0.0005 0.0001 0.0000 0.0000 0.0002 0.0000 0.0000 0.0000 0.0000 0.0006 0.0000 0.0000 0.0000 0.0000 0.0000 0.0000 0.0000 0.0000 0.0623 0.0104 0.0000 0.0000 0.0939
0.0054 0.1004 0.0000 0.1342 0.5274 0.1120 0.0262 0.0293 0.2480 0.0615 0.2564 0.1452 0.0918 0.6544 0.2415 0.4529 0.3634 3.3108 0.3077 0.1877 0.0444 0.0735 0.0169 0.0070 0.0219 0.0293 0.0690 0.1206 0.3684 3.5220 0.4171 2.1283 0.7055 0.5042 0.1640 0.1047 0.2086 0.0707 1.6131 1.7027 1.4137 1.4599 0.2250 0.7550 1.2867 1.7254 0.2791 0.0412 0.0629 0.0100 0.0138 0.0027 0.0025 0.0054 0.0444 0.0060 0.0651 0.0088 0.0019 0.0060 0.0001 0.0321 0.0005 0.0000 0.0000 0.0012 0.0000 0.0000 0.0000 0.0000
0.0000 0.0000 0.0000 0.0000 0.0000 0.0000 0.0000 0.0000 0.0000 0.0367 0.0053 0.0000 0.0000 0.0939 0.0022 0.0099 0.0066 0.0646 0.0282 0.1768 0.0097 0.0474 0.0169 0.0117 0.0358 0.0493 0.0336 0.0408 0.1402 0.3384 0.0068 0.0938 0.0148 0.0036 0.0058 0.0030 0.0016 0.0001 0.0075 0.0032 0.0071 0.0456 0.0069 0.0535 0.1903 0.8058 0.2179 0.0409 0.0981 0.0211 0.0573 0.0834 0.1274 0.0925 0.4669 0.5934 2.0791 0.1453 0.0497 0.0330 0.0415 0.2044 0.0190 0.0089 0.0037 0.0043 0.0035 0.0038 0.0101 0.0015
0.0008 0.0035 0.0000 0.0061 0.0001 0.0012 0.0000 0.0000 0.0000 0.0011 0.0000 0.0000 0.0000 0.0000 0.0000 0.0000 0.0000 0.0000 0.0000 0.0000 0.0000 0.0000 0.0000 0.0786 0.0065 0.0000 0.0000 0.0947 0.0064 0.0721 0.0024 0.0288 0.0502 0.0332 0.0147 0.0189 0.0150 0.0014 0.1205 0.0532 0.0329 0.1149 0.0301 0.0810 0.1545 0.9111 0.0862 0.0047 0.0407 0.0060 0.0050 0.0012 0.0059 0.0031 0.1227 0.1615 1.6448 0.4882 0.1700 0.2160 0.2201 1.3728 0.2024 0.1277 0.1049 0.4546 0.6396 0.3355 1.2038 0.5075
0.2528 0.7039 0.0000 0.4096 0.8408 0.0905 0.0159 0.0065 0.0714 0.0066 0.0048 0.0074 0.0040 0.0038 0.0013 0.0027 0.0029 0.0232 0.0001 0.0100 0.0001 0.0000 0.0000 0.0002 0.0000 0.0000 0.0000 0.0000 0.0000 0.0000 0.0000 0.0000 0.0000 0.0000 0.0000 0.0000 0.0000 0.0030 0.0071 0.0000 0.0000 0.0868 0.0009 0.0124 0.0129 0.0773 0.0696 0.0091 0.0184 0.0080 0.0086 0.0023 0.0083 0.0065 0.0624 0.0705 1.2373 0.1544 0.0564 0.1876 0.0783 0.1423 0.0755 0.0328 0.0069 0.0049 0.0267 0.0101 0.1067 0.1183
0.0922 1.4227 0.0000 1.1833 1.6413 0.2236 0.0271 0.0150 0.3215 0.4250 0.5320 0.6688 0.5349 0.7879 0.2946 1.3911 1.6590 2.8132 0.3770 0.6263 0.0259 0.0462 0.0213 0.0043 0.0020 0.0115 0.0068 0.0016 0.0073 0.0289 0.0012 0.0152 0.0001 0.0036 0.0002 0.0000 0.0000 0.0000 0.0000 0.0000 0.0000 0.0000 0.0000 0.0000 0.0001 0.0000 0.0000 0.0000 0.0000 0.0000 0.0000 0.0067 0.0017 0.0000 0.0000 0.0494 0.0801 0.0434 0.0076 0.0225 0.1015 0.4183 0.0516 0.0656 0.0214 0.0173 0.0465 0.0222 0.0680 0.0754
0.0495 0.2817 0.0000 1.0169 0.8889 0.0352 0.0353 0.0134 0.0735 0.0159 0.0777 0.0412 0.0898 0.6398 0.1932 0.6905 0.8564 2.7551 0.5512 1.1586 0.0394 0.0949 0.0854 0.2165 0.1744 0.4617 0.3988 0.1872 0.6514 4.2258 0.4607 0.9542 0.2073 0.1166 0.0389 0.0184 0.0187 0.0005 0.0064 0.0115 0.0061 0.0041 0.0016 0.0055 0.0072 0.0450 0.0001 0.0014 0.0004 0.0000 0.0000 0.0001 0.0000 0.0000 0.0000 0.0000 0.0014 0.0000 0.0000 0.0000 0.0000 0.0000 0.0000 0.0000 0.0000 0.0298 0.0079 0.0000 0.0000 0.0432
0.0095 0.2255 0.0000 0.3014 3.7726 0.1988 0.0464 0.0520 0.4400 0.1087 0.1551 0.1469 0.0929 0.6592 0.2433 0.5043 1.3406 8.8872 2.9729 1.3428 0.4286 0.5257 0.1634 0.0673 0.1570 0.2098 0.6663 1.6805 1.9427 6.6434 0.3207 1.6294 0.4087 0.2908 0.0798 0.0507 0.1015 0.0343 0.7851 0.6665 0.5206 0.7075 0.1871 1.0776 2.8391 31.4845 1.5984 0.2361 0.3586 0.0572 0.0792 0.0048 0.0044 0.0096 0.0788 0.0107 0.2749 0.0625 0.0137 0.0430 0.0007 0.2294 0.0022 0.0001 0.0002 0.0020 0.0000 0.0000 0.0001 0.0000
0.0001 0.0000 0.0000 0.0000 0.0000 0.0000 0.0000 0.0000 0.0000 0.0295 0.0147 0.0000 0.0000 0.0714 0.0017 0.0140 0.0120 0.0912 0.1668 0.1356 0.0075 0.0364 0.0129 0.0061 0.0220 0.0234 0.0160 0.0194 0.0666 0.2370 0.0245 0.2567 0.1386 0.0678 0.1333 0.0400 0.0408 0.0022 0.1008 0.0432 0.1828 1.1763 0.0352 0.1396 0.2105 0.5355 0.1036 0.0194 0.0466 0.0101 0.0272 0.0482 0.0740 0.0441 0.4903 0.2115 3.7468 0.3694 0.1642 0.4098 1.9097 5.2974 0.4921 0.2299 0.0965 0.0022 0.0018 0.0029 0.0077 0.0010
0.0782 1.8737 0.0000 3.2821 0.0564 0.4320 0.0077 0.0002 0.0178 0.0225 0.0001 0.0002 0.0002 0.0007 0.0042 0.0008 0.0030 0.0009 0.0001 0.0003 0.0000 0.0000 0.0000 1.4335 0.0927 0.0000 0.0000 1.2396 0.2565 4.0810 0.1366 1.6304 4.8131 1.3308 0.5923 0.7589 0.6008 0.0381 1.7585 0.7768 0.4796 2.3866 0.4397 1.5212 4.9182 25.7833 7.8425 2.5154 9.2088 2.2819 3.1587 0.7482 2.2448 1.1699 76.8586 34.0393 81.6423 10.3640 2.6260 3.3220 3.2267 20.1242 2.9535 1.8721 1.5373 6.6648 9.3765 4.9180 17.5694 7.4393
0.2524 1.0864 0.0000 3.0729 13.2282 6.2364 0.8363 0.3429 3.7357 0.0134 0.0099 0.0221 0.0120 0.0103 0.0133 0.1112 0.1017 0.9471 0.0024 0.2823 0.0012 0.0001 0.0005 0.0007 0.0000 0.0000 0.0000 0.0000 0.0010 0.0004 0.0000 0.0000 0.0000 0.0000 0.0000 0.0000 0.0000 0.0036 0.0145 0.0000 0.0000 0.0950 0.0020 0.0275 0.0349 0.1720 0.2622 0.0190 0.0384 0.0167 0.0179 0.0049 0.0087 0.0047 0.0445 0.0788 0.6743 0.0914 0.0578 0.1294 0.1968 5.7616 0.4717 0.4870 0.5082 0.3598 0.7267 0.2749 2.2275 0.7855
0.0570 0.2576 0.0000 0.2114 0.3371 0.0457 0.0128 0.0071 0.1511 0.1997 0.2500 0.1847 0.1360 0.3703 0.1384 0.2088 0.4523 2.8707 1.8060 10.0276 2.4326 3.2978 1.5107 0.0041 0.0019 0.0109 0.0064 0.0015 0.0322 0.7036 0.0250 0.3699 0.0012 0.0474 0.0015 0.0000 0.0004 0.0000 0.0000 0.0000 0.0000 0.0000 0.0002 0.0001 0.0003 0.0000 0.0000 0.0000 0.0000 0.0000 0.0000 0.0034 0.0016 0.0000 0.0000 0.0232 0.0400 0.0217 0.0046 0.0113 0.0862 0.2090 0.0259 0.0329 0.0107 0.0087 0.0141 0.0055 0.0169 0.0295
0.0240 0.1419 0.0000 0.5146 1.2852 0.8184 0.1267 0.1153 3.1217 1.1978 1.2112 0.6455 1.0780 2.4437 0.1518 0.2403 0.2967 0.9587 0.2224 0.4675 0.0306 0.0740 0.0663 0.1679 0.1352 0.2505 0.2000 0.1458 0.5052 1.4640 0.1234 1.2427 1.2563 2.3718 3.5277 6.2668 4.5275 0.0006 0.0082 0.0148 0.0079 0.0052 0.0087 0.3530 0.4397 2.7197 0.0027 0.0288 0.0035 0.0000 0.0005 0.0002 0.0000 0.0000 0.0000 0.0000 0.0141 0.0002 0.0001 0.0000 0.0000 0.0001 0.0000 0.0000 0.0000 0.0235 0.0102 0.0000 0.0000 0.0335
0.0020 0.0464 0.0000 0.0620 0.7761 0.0409 0.0095 0.0107 0.0905 0.0224 0.0325 0.0178 0.0113 0.1259 0.0227 0.0470 0.1454 0.8275 0.3020 2.9669 0.1082 0.4265 0.4877 0.3570 0.2333 0.3104 0.5597 0.3412 0.1965 0.5974 0.0288 0.1465 0.0551 0.0392 0.0208 0.0132 0.0264 0.0089 0.2043 0.1214 0.0873 0.1841 0.0487 0.1253 0.3301 1.6568 0.8686 0.4288 2.9015 1.2339 3.1023 0.0010 0.0009 0.0020 0.0162 0.0022 0.2465 0.3813 0.0798 0.2465 0.0012 0.4333 0.0032 0.0001 0.0004 0.0004 0.0000 0.0000 0.0000 0.0000
0.0019 0.0010 0.0000 0.0001 0.0001 0.0000 0.0000 0.0000 0.0000 0.1637 0.0632 0.0000 0.0000 0.3890 0.4084 0.4869 1.0921 3.1644 1.1855 7.4684 0.6769 3.6351 2.9209 17.7604 2.6282 4.8267 0.8246 0.8855 0.7883 3.3225 0.1556 0.7939 0.3696 0.1513 0.1399 0.1260 0.0229 0.0035 0.3172 0.1353 0.0669 0.0996 0.0442 0.1226 0.4555 2.1046 0.4597 0.1217 0.7323 0.2306 0.2693 0.1929 0.1665 0.0824 0.3930 0.3302 1.5489 0.1756 0.0731 0.1013 0.0337 0.2839 0.0463 0.0216 0.0090 113.4855 45.5372 0.7041 5.1391 16.7844
0.0169 0.0300 0.0000 0.0525 0.0013 0.0101 0.0010 0.0000 0.0004 0.6653 0.0000 0.0019 0.0205 0.0892 0.0012 0.0001 0.0067 0.0024 0.0000 0.0001 0.0000 0.0000 0.0000 0.2087 0.5357 0.0000 0.0000 0.0191 0.2069 0.6344 0.0419 0.2534 0.1785 0.3823 0.2796 0.3960 0.7079 0.6769 2.8478 1.4211 0.2196 0.6827 0.0462 0.1728 0.2529 0.6461 0.1560 0.0167 0.0703 0.0214 0.0053 0.0035 0.0210 0.0110 0.0837 0.0255 0.7611 0.0808 0.0504 0.1159 0.1266 1.1190 0.4117 0.3812 0.1345 0.3397 0.2689 0.0815 0.1250 0.1031
0.0011 0.0057 0.0000 0.0084 0.0046 0.0008 0.0003 0.0001 0.0012 2.1356 5.6061 0.0220 0.0360 0.9486 0.0009 0.0009 0.0010 0.0076 0.0000 0.0033 0.0000 0.0000 0.0000 0.0141 0.0000 0.0001 0.0026 0.0030 0.0001 0.0000 0.0000 0.0000 0.0000 0.0000 0.0000 0.0000 0.0000 0.0012 0.0861 0.0000 0.0000 0.0022 0.2436 0.1107 0.1585 0.6919 0.0527 0.0392 0.2113 0.0428 0.0461 0.0137 0.0131 0.0112 0.1134 0.1232 0.4749 0.0804 0.0197 0.0250 0.0302 0.1082 0.0279 0.0248 0.0019 0.0036 0.0203 0.0076 0.0188 0.0056
0.0174 0.0811 0.0000 0.2979 0.4627 0.0636 0.0217 0.0145 0.1632 0.1074 0.1339 0.1236 0.0391 0.1412 0.0139 0.0354 0.0722 0.2544 0.0203 0.0574 0.0041 0.0074 0.0034 0.1172 0.0359 8.6646 0.5295 0.0588 0.0864 0.0421 0.0018 0.0221 0.0001 0.0052 0.0025 0.0001 0.0000 0.0031 0.0000 0.0002 0.0002 0.0006 0.0003 0.0001 0.0012 0.0003 0.0000 0.0000 0.0000 0.0000 0.0000 0.0062 0.0175 0.0000 0.0000 0.0118 6.2787 0.4915 0.2511 0.2566 0.1390 2.6103 0.8210 0.7471 0.5478 0.5216 0.4275 0.2635 0.4168 0.3669
0.1389 1.0260 0.0000 0.8205 1.6267 0.1263 0.0615 0.0483 0.0937 0.0561 0.2779 0.1481 0.0747 0.1434 0.0901 0.1463 0.4470 2.6119 0.5955 1.2572 0.1889 0.7316 0.2581 0.2933 0.1407 0.3255 0.1111 0.1075 0.0987 0.4844 0.0383 0.2130 0.0274 0.0264 0.0154 0.0073 0.0074 0.0941 0.8865 2.3872 9.8032 1.2955 0.0597 0.0197 0.0257 0.1610 0.0005 0.0052 0.0140 0.0001 0.0001 0.0912 0.0000 0.0004 0.0068 0.0047 0.1096 0.0008 0.0026 0.0003 0.0000 0.0005 0.0000 0.0000 0.0000 0.2068 0.5354 0.0000 0.0000 0.0332
0.0588 0.2008 0.0000 0.2673 0.4921 0.2018 0.0777 0.0959 1.8318 2.6769 0.6514 0.5557 0.1496 0.6213 0.0504 0.1304 0.1568 0.5045 0.1462 0.1759 0.0202 0.0686 0.0056 0.0064 0.0206 0.0274 0.0149 0.0077 0.0448 0.1403 0.0167 0.1540 0.0564 0.0407 0.0669 0.0683 0.0536 0.0081 0.1079 0.0606 0.0187 0.0576 0.0040 0.0159 0.0393 0.1095 0.0073 0.0018 0.0049 0.0008 0.0011 1.4398 1.1392 0.0588 1.5396 15.2902 0.3017 0.0082 0.0018 0.0056 0.0001 0.0301 0.0023 0.0001 0.0000 0.2739 0.0000 0.0006 0.0359 0.0244
0.0002 0.0000 0.0000 0.0002 0.0000 0.0000 0.0000 0.0000 0.0000 0.0366 0.1043 0.0000 0.0000 0.0079 0.0315 0.3782 1.4307 2.4579 0.2255 0.3982 0.0273 0.1062 0.0380 0.0193 0.0099 0.0215 0.0157 0.0472 0.0356 0.2576 0.0297 0.1484 0.0706 0.1254 0.0267 0.0573 0.0191 0.0029 0.2642 0.1127 0.0304 0.0190 0.0084 0.0217 0.0382 0.1632 0.0212 0.0040 0.0073 0.0019 0.0027 0.0032 0.0048 0.0048 0.0314 0.0120 0.1423 0.0314 0.0140 0.0194 0.0088 0.1291 0.0384 0.0180 0.0075 0.0170 0.0092 0.0544 0.1892 0.0118
11.5146 0.4431 0.0000 0.7761 0.0277 0.1479 0.0931 0.0018 0.0152 0.1917 0.0009 0.0034 0.0014 0.0036 0.1540 0.0292 0.1096 0.0219 0.0023 0.0101 0.0000 0.0000 0.0007 0.0240 0.0357 0.0001 0.0000 0.0123 0.0682 1.0854 0.0440 0.4336 1.2801 0.3539 0.1568 0.2018 0.1598 0.0101 0.1581 0.1103 0.0730 0.6320 0.0362 0.2337 1.0705 2.6880 1.1188 0.8651 0.5061 0.6043 1.8083 1.6314 3.8688 2.0162 3.4417 0.4385 3.7202 0.3177 0.0938 0.1567 0.1020 0.6444 0.0716 0.0535 0.0234 0.0822 0.1157 0.0830 0.2224 0.0650
0.0066 0.0639 0.0000 0.1709 0.3065 0.0976 0.0748 0.0640 0.6974 0.0125 0.0093 0.0207 0.0113 0.0097 0.0227 7.8006 2.5736 29.6668 0.0379 4.4824 0.0086 0.0010 0.0079 0.0007 0.0000 0.0000 0.0000 0.0000 0.0059 0.0022 0.0003 0.0001 0.0000 0.0000 0.0000 0.0000 0.0000 0.0003 0.0135 0.0000 0.0000 0.0039 0.0013 0.0183 0.0326 0.1141 0.1739 0.0126 0.0255 0.0111 0.0119 0.0032 0.0034 0.0029 0.0295 0.0522 0.2015 0.0498 0.0383 0.0479 0.0996 2.5705 0.0920 0.3230 0.2484 0.5604 1.7119 0.6448 0.3013 0.0377
