1.9050 0.9577 0.0000 1.2805 0.8004 0.4319 0.2683 0.1410 1.1935 0.3246 0.2517 0.2185 0.1468 1.0061 0.0815 0.2111 0.2540 0.8205 0.2377 0.2849 0.0328 0.1115 0.0091 0.0104 0.0333 0.0445 0.0242 0.0125 0.0728 0.2272 0.0270 0.2494 0.0918 0.0659 0.0430 0.0328 0.0345 0.0058 0.1328 0.0981 0.0303 0.0848 0.0059 0.0258 0.0636 0.1781 0.0118 0.0030 0.0079 0.0013 0.0018 0.0345 0.0201 1.2594 1.6268 0.1064 0.7993 0.0133 0.0029 0.0091 0.0001 0.0487 0.0064 0.0002 0.0001 0.0424 0.0000 0.0002 0.0007 0.0004
0.0006 0.0003 0.0000 0.0002 0.0000 0.0000 0.0000 0.0000 0.0000 0.0544 0.1252 0.0000 0.0000 0.0362 0.2869 7.5041 2.0262 29.8097 1.4105 4.8290 0.2652 1.2941 0.4605 0.2171 0.1202 0.2617 0.1916 0.5726 0.4319 3.1246 0.1859 0.9283 0.4417 0.1800 0.1672 0.1499 0.0274 0.0042 0.3790 0.1617 0.0799 0.1190 0.0526 0.1354 0.4303 1.9793 0.2586 0.0488 0.0889 0.0226 0.0327 0.0385 0.0590 0.0583 0.3696 0.1455 0.8904 0.1965 0.0873 0.1211 0.0403 0.3393 0.0550 0.0258 0.0108 0.0924 0.0659 0.4967 0.9233 0.0596
0.0262 0.0132 0.0000 0.0231 0.0007 0.0044 0.0016 0.0000 0.0003 0.0083 0.0000 0.0001 0.0001 0.0001 0.0008 0.0001 0.0012 0.0004 0.0000 0.0001 0.0000 0.0000 0.0000 0.0061 0.0090 0.0000 0.0000 0.0031 0.0703 0.8100 0.3900 0.3236 0.0481 0.0573 0.0318 0.0247 0.0271 0.0020 0.0267 0.0186 0.0089 0.0777 0.0045 0.0269 0.0682 0.1712 0.0421 0.0055 0.0190 0.0058 0.0017 0.0011 0.0069 0.0036 0.0226 0.0069 0.2052 0.0202 0.0079 0.0181 0.0125 0.0789 0.0089 0.0090 0.0029 0.0101 0.0142 0.0096 0.0195 0.0080
0.0194 0.1874 0.0000 0.2957 0.1615 0.0295 0.0110 0.0045 0.0493 0.2757 0.1324 0.9756 0.7975 0.3180 0.7908 0.0380 0.0576 0.3238 0.0044 0.1972 0.0411 0.0045 0.0016 0.1114 0.0001 0.0029 0.0014 0.0009 0.0442 0.0120 0.0058 0.0031 0.0001 0.0002 0.0000 0.0000 0.0001 0.0025 0.1052 0.0000 0.0000 0.0220 0.1342 3.6588 1.9659 54.4175 0.9019 0.2757 0.5558 0.2416 0.2597 0.0704 0.0736 0.0631 0.6448 1.1410 4.3999 1.0829 0.3367 0.4204 0.5167 1.8452 0.4771 0.4248 0.0318 0.0621 0.3459 0.1309 0.3201 0.0956
0.2623 1.1292 0.0000 3.5305 3.7708 0.5182 0.1088 0.0717 0.8164 0.8757 1.0914 1.1035 0.4632 1.1507 0.1480 0.4997 1.0824 3.8321 0.3058 0.8644 0.0625 0.1119 0.0513 0.2540 0.1042 2.7874 1.1530 0.1280 1.8753 0.6319 0.0264 0.3321 0.0025 0.0783 0.0534 0.0015 0.0012 0.0077 0.0003 0.0018 0.0008 0.0015 0.0058 0.0019 0.0185 0.0049 0.0001 0.0000 0.0000 0.0000 0.0000 0.0306 0.0862 0.0000 0.0000 0.0966 6.0806 3.2924 0.5786 1.7189 24.5387 31.7599 3.9159 5.0048 1.6251 1.3227 1.2684 0.7816 2.5705 4.4640
0.1237 1.3354 0.0000 3.2856 11.2282 0.8721 0.4264 0.3331 0.6495 0.3869 1.9185 1.0225 0.5154 0.9901 0.4237 0.5536 0.7996 3.3994 0.5306 1.1250 0.0557 0.1589 0.0760 0.1556 0.1259 0.3192 0.1904 0.0958 0.2850 1.8490 0.1559 1.4766 0.1902 0.1820 0.1066 0.0501 0.0513 0.0070 0.0943 0.1693 0.0901 0.0600 0.0229 0.1357 0.1774 1.1164 0.0034 0.0357 0.0056 0.0001 0.0006 0.0020 0.0000 0.0000 0.0003 0.0002 0.0224 0.0003 0.0004 0.0001 0.0000 0.0001 0.0000 0.0000 0.0000 0.0449 0.1163 0.0000 0.0000 0.0296
0.0341 0.3310 0.0000 0.4426 1.3158 1.3295 0.1656 0.1405 1.1890 0.2951 0.2518 0.2186 0.1481 1.6540 0.1346 0.3470 0.4175 1.3489 0.3908 0.4683 0.0539 0.1833 0.0150 0.0171 0.0547 0.0732 0.0398 0.0205 0.1197 0.3735 0.0446 0.4099 0.1509 0.1088 0.0434 0.0327 0.0348 0.0095 0.2183 0.1619 0.0498 0.1395 0.0097 0.0424 0.1046 0.2929 0.0195 0.0049 0.0130 0.0021 0.0029 0.0130 0.0118 0.0342 0.2129 0.0290 0.2073 0.0218 0.0048 0.0150 0.0002 0.0800 0.0017 0.0000 0.0001 0.0055 0.0000 0.0000 0.0002 0.0001
0.0001 0.0000 0.0000 0.0000 0.0000 0.0000 0.0000 0.0000 0.0000 0.0238 0.0549 0.0000 0.0000 0.0261 0.0460 0.0585 0.0646 0.3805 0.1653 1.3761 0.3595 0.4605 0.1639 0.0776 0.0428 0.0931 0.0676 0.1240 0.0935 0.4633 0.0218 0.1107 0.0518 0.0211 0.0196 0.0176 0.0032 0.0005 0.0444 0.0190 0.0094 0.0139 0.0062 0.0172 0.0638 0.2934 0.0558 0.0106 0.0312 0.0081 0.0115 0.0083 0.0127 0.0115 0.0548 0.0314 0.1472 0.0246 0.0102 0.0142 0.0047 0.0398 0.0064 0.0030 0.0013 0.0282 0.0234 0.0793 0.1520 0.0131
0.0223 0.0821 0.0000 0.1438 0.0036 0.0274 0.0013 0.0000 0.0011 0.0639 0.0000 0.0003 0.0003 0.0014 0.0008 0.0001 0.0014 0.0005 0.0000 0.0001 0.0000 0.0000 0.0000 0.1146 0.1706 0.0000 0.0000 0.0356 0.7012 3.6589 0.0952 1.4618 1.0294 2.2051 1.6125 3.0314 1.8160 0.1146 1.7889 1.2484 0.8192 3.9373 0.2257 0.9967 1.4584 3.7261 0.8997 0.0963 0.4052 0.1232 0.0304 0.0200 0.1212 0.0634 0.4825 0.1469 4.3894 0.4661 0.2909 0.6685 0.6353 3.9970 0.8027 0.6056 0.2622 0.5257 0.7205 0.4699 0.7210 0.4052
0.0931 0.6787 0.0000 1.0031 0.5454 0.0999 0.0308 0.0126 0.1381 1.0338 0.7640 1.5440 0.9304 0.7985 0.0661 0.1065 0.1144 0.9107 0.0033 0.3914 0.0036 0.0004 0.0007 0.0534 0.0000 0.0003 0.0007 0.0008 0.0028 0.0010 0.0003 0.0002 0.0000 0.0000 0.0000 0.0000 0.0000 0.0265 1.1173 0.0000 0.0000 0.1778 0.1129 0.5252 0.5892 3.2830 1.1887 0.6687 2.2245 1.0687 3.2404 0.7035 0.7356 0.6272 3.0989 2.7674 10.7176 1.8058 0.4438 0.5639 0.6810 2.4320 0.6288 0.5598 0.0419 0.0818 0.4559 0.1725 0.4218 0.1261
0.1330 0.6168 0.0000 2.2656 3.5347 0.4858 0.3084 0.2746 2.3038 1.3725 1.0231 0.9440 0.2973 1.0739 0.1059 0.2706 0.5490 1.9437 0.1551 0.4384 0.0317 0.0565 0.0260 0.8386 0.4005 0.9027 1.3206 0.3034 0.1036 0.3205 0.0134 0.1685 0.0010 0.0397 0.0030 0.0001 0.0003 0.0078 0.0000 0.0004 0.0008 0.0029 0.0006 0.0001 0.0022 0.0006 0.0000 0.0000 0.0000 0.0000 0.0000 0.1175 0.3315 0.0000 0.0000 0.0902 1.4516 0.2352 0.0521 0.1228 0.2224 4.1928 0.8531 1.2000 0.8799 16.2006 2.7922 1.2303 0.9445 0.5893
0.1774 1.1105 0.0000 0.8842 1.7529 0.1367 0.0666 0.0520 0.1014 0.0607 0.3008 0.1596 0.0808 0.1552 0.0971 0.1583 0.4838 2.8269 0.7410 2.1971 0.3586 1.2729 0.4920 0.7231 0.3292 0.3523 0.1203 0.1707 0.1567 0.5220 0.0414 0.2305 0.0297 0.0285 0.0167 0.0079 0.0080 0.4460 7.0850 0.3703 0.5253 1.7586 0.0083 0.0213 0.0278 0.1743 0.0005 0.0056 0.0019 0.0000 0.0001 0.0142 0.0000 0.0001 0.0178 0.0124 0.0152 0.0001 0.0004 0.0000 0.0000 0.0001 0.0000 0.0000 0.0000 0.5279 2.3560 0.0000 0.0000 0.0528
0.0180 0.1393 0.0000 0.1863 0.5562 0.2271 0.0874 0.1079 2.0613 2.0801 12.7126 3.5403 0.5626 0.6992 0.2158 0.1913 0.1765 0.8624 0.1645 0.1980 0.0227 0.0775 0.0063 0.0072 0.0231 0.0308 0.0180 0.0163 0.0964 0.4413 0.0525 0.4844 0.2356 0.2375 0.5557 0.5677 0.4475 0.1052 1.3563 0.3242 0.1028 0.4791 0.0334 0.0609 0.1236 0.2061 0.0536 0.0062 0.0093 0.0015 0.0021 0.0778 0.0831 0.0180 0.3690 0.0843 0.0876 0.0092 0.0020 0.0063 0.0001 0.0338 0.0007 0.0000 0.0000 0.0096 0.0000 0.0000 0.0010 0.0007
0.0003 0.0001 0.0000 0.0001 0.0000 0.0000 0.0000 0.0000 0.0000 4.6897 2.7273 0.0000 0.0000 0.6315 0.1437 0.3903 0.3599 2.5362 1.1066 6.9718 0.6319 3.3933 2.7267 3.7538 6.6525 22.6785 2.6988 0.8267 2.5801 4.4138 0.1452 1.2230 0.3466 0.1412 0.1306 0.1176 0.0214 0.0033 0.2961 0.1269 0.0727 0.1689 0.0858 0.3489 1.2969 5.9661 1.5047 0.3985 2.3864 0.7547 0.8815 0.5914 0.5240 0.2525 1.1687 1.0807 5.0694 0.5153 0.1475 0.1725 0.1007 0.4962 0.0463 0.0216 0.0091 1.3651 1.1338 0.2477 1.6358 0.3604
0.0021 0.0096 0.0000 0.0168 0.0004 0.0032 0.0001 0.0000 0.0001 0.0120 0.0000 0.0000 0.0002 0.0010 0.0001 0.0000 0.0002 0.0001 0.0000 0.0000 0.0000 0.0000 0.0000 0.1881 0.1444 0.0000 0.0000 0.0215 0.0697 0.3698 0.0096 0.1471 0.1036 0.2219 0.1609 0.2278 0.1985 0.0177 0.8904 0.6750 1.4298 0.5493 0.0877 0.1331 0.1468 0.5771 0.0905 0.0097 0.0410 0.0124 0.0031 0.0020 0.0122 0.0064 0.0527 0.0250 0.8564 0.1334 0.0833 0.1905 0.2403 2.1239 0.7781 0.3275 0.2552 0.5118 0.4159 0.1448 0.2156 0.1957
0.0306 0.1357 0.0000 0.1164 0.1115 0.0119 0.0021 0.0009 0.0095 0.1085 0.0802 0.1048 0.0692 0.0809 0.0045 0.0073 0.0078 0.0624 0.0002 0.0268 0.0002 0.0000 0.0000 0.0040 0.0000 0.0000 0.0001 0.0001 0.0002 0.0001 0.0000 0.0000 0.0000 0.0000 0.0000 0.0000 0.0000 0.0098 0.1173 0.0000 0.0000 0.0584 0.0235 0.1795 0.1459 1.1219 0.4062 0.2285 0.4627 0.2002 0.2162 0.0586 0.0613 0.0523 0.7409 2.5310 7.1012 0.6171 0.1523 0.1927 0.2327 0.8311 0.2149 0.1913 0.0143 0.0280 0.1565 0.0589 0.1448 0.0464
0.2973 2.0224 0.0000 7.4286 12.4265 1.7077 0.2774 0.1214 2.1734 2.8858 3.5968 3.3186 1.0225 3.7920 0.3739 0.9146 1.2815 3.7952 0.3392 0.7950 0.0575 0.1029 0.0472 0.3707 0.1771 0.9918 0.5838 0.1341 0.1878 0.5836 0.0244 0.3055 0.0018 0.0720 0.0054 0.0002 0.0006 0.0034 0.0000 0.0003 0.0004 0.0013 0.0006 0.0002 0.0019 0.0005 0.0000 0.0000 0.0000 0.0000 0.0000 0.0519 0.1466 0.0000 0.0000 0.3171 2.8968 0.8487 0.1158 0.4431 0.8024 15.1305 1.8655 2.3739 0.7742 0.7403 2.2914 1.5338 4.7048 4.1233
4.5723 10.5584 0.0000 9.7915 6.2547 0.3399 0.2481 0.1293 0.5171 0.1508 0.7477 0.3968 0.6316 1.8839 1.3539 3.2265 9.8591 57.6042 17.0571 37.7761 1.4391 2.1944 1.9747 4.5653 3.4152 7.7306 2.5718 2.5537 2.3436 11.0142 0.6007 2.8095 0.4053 0.2279 0.0918 0.0432 0.0442 0.0247 0.3344 0.5089 0.2709 0.1802 0.0192 0.0529 0.0691 0.4332 0.0013 0.0139 0.0047 0.0000 0.0002 0.0059 0.0000 0.0000 0.0008 0.0006 0.0174 0.0002 0.0004 0.0000 0.0000 0.0001 0.0000 0.0000 0.0000 0.6203 0.4126 0.0000 0.0000 0.7857
0.0299 0.5589 0.0000 0.7473 2.2313 0.6237 0.1461 0.1631 1.3802 0.3426 0.3813 0.3611 0.2283 1.9285 0.5979 3.4051 0.9520 9.7994 0.6862 0.7942 0.0947 0.3109 0.0287 0.0290 0.0928 0.1241 0.1169 0.0938 0.6244 2.7133 0.3227 2.9780 0.6728 0.4829 0.1491 0.0629 0.1254 0.0425 0.9737 0.8825 0.3618 0.6966 0.0609 0.3079 0.5482 1.3350 0.0888 0.0144 0.0269 0.0043 0.0059 0.0151 0.0137 0.0300 0.2471 0.0336 0.3514 0.0370 0.0081 0.0253 0.0004 0.1357 0.0028 0.0001 0.0001 0.0064 0.0000 0.0000 0.0002 0.0001
0.0011 0.0006 0.0000 0.0003 0.0001 0.0000 0.0000 0.0000 0.0000 0.5380 0.7190 0.0000 0.0000 1.3123 0.1794 1.4859 1.2726 9.6144 10.3808 14.3626 0.7889 3.8322 1.3696 0.6457 0.3561 0.7751 0.5697 1.7030 2.0209 12.4970 5.8111 14.8346 5.4355 1.3246 2.0578 1.1034 0.2013 0.0306 2.7895 1.1900 0.7157 1.6547 0.8412 2.1640 3.8022 10.3706 1.2098 0.2291 0.3202 0.0670 0.1241 0.1800 0.2761 0.3057 3.1403 0.7999 14.2285 3.1407 1.3897 1.6905 0.5623 3.0376 0.4051 0.1901 0.0795 0.2348 0.1950 0.3093 0.8181 0.1092
0.0041 0.0244 0.0000 0.0428 0.0011 0.0082 0.0002 0.0000 0.0003 0.0016 0.0000 0.0000 0.0000 0.0001 0.0001 0.0000 0.0002 0.0001 0.0000 0.0000 0.0000 0.0000 0.0000 0.0045 0.0067 0.0000 0.0000 0.0037 0.0129 0.2027 0.0068 0.0806 0.1405 0.0670 0.0297 0.0382 0.0302 0.0019 0.0452 0.0345 0.0213 0.1196 0.0306 0.1895 0.4323 3.8894 0.2054 0.0131 0.0929 0.0168 0.0069 0.0027 0.0165 0.0087 0.1681 0.0798 2.7166 0.3665 0.1086 0.1474 0.0860 0.5409 0.0465 0.0195 0.0159 0.0693 0.0975 0.0780 0.2578 0.0614
0.1312 1.4344 0.0000 1.5493 0.8461 0.0994 0.0215 0.0088 0.0966 0.0494 0.0365 0.0815 0.0445 0.0381 0.0202 0.0415 0.0446 0.3551 0.0013 0.1526 0.0011 0.0001 0.0003 0.0025 0.0000 0.0000 0.0000 0.0000 0.0008 0.0003 0.0001 0.0001 0.0000 0.0000 0.0000 0.0000 0.0000 0.0025 0.0534 0.0000 0.0000 0.0687 0.0096 0.1360 0.1423 0.8501 1.2958 0.0941 0.1897 0.0824 0.0886 0.0240 0.0252 0.0215 0.2200 0.3894 2.1555 0.3843 0.4775 0.5962 2.6717 2.6510 1.8185 0.6103 0.0553 0.0892 0.4970 0.1880 0.8573 0.3646
0.4132 1.1408 0.0000 1.1745 1.1201 0.1539 0.0250 0.0148 0.1959 0.2601 0.3242 0.3671 0.2488 0.4016 0.1495 0.5048 1.0934 8.8571 0.7068 1.3978 0.0713 0.1272 0.0585 0.0453 0.0216 0.1213 0.0714 0.0163 0.0823 0.5504 0.0230 0.2893 0.0017 0.0683 0.0023 0.0001 0.0006 0.0004 0.0000 0.0001 0.0000 0.0002 0.0003 0.0001 0.0008 0.0002 0.0000 0.0000 0.0000 0.0000 0.0000 0.0063 0.0179 0.0000 0.0000 0.0286 0.3481 0.1885 0.0401 0.0984 0.7502 1.8181 0.2242 0.2865 0.0930 0.0757 0.0726 0.0447 0.1471 0.2555
0.0247 0.2666 0.0000 0.6559 2.2415 2.9542 0.0851 0.2623 1.3866 0.5581 2.7674 1.4749 0.5724 0.4622 0.0842 0.1105 0.1596 0.6787 0.1059 0.2246 0.0111 0.0317 0.0152 0.0311 0.0251 0.0637 0.0380 0.0191 0.0569 0.3691 0.0311 0.2948 0.1210 0.2030 0.2285 0.1075 0.1101 0.0014 0.0188 0.0338 0.0180 0.0120 0.0199 0.1958 0.2558 1.6104 0.0049 0.0515 0.0080 0.0001 0.0009 0.0004 0.0000 0.0000 0.0001 0.0000 0.0322 0.0004 0.0003 0.0000 0.0000 0.0001 0.0000 0.0000 0.0000 0.0090 0.0232 0.0000 0.0000 0.0059
0.0055 0.1305 0.0000 0.1744 2.1832 0.1151 0.0268 0.0301 0.2547 0.0629 0.0537 0.0468 0.0317 0.3543 0.0431 0.1119 0.6837 2.1709 1.7204 0.7771 0.8772 0.3042 0.0784 0.0323 0.0908 0.1214 0.3197 0.2300 0.3735 0.6971 0.0394 0.2135 0.0482 0.0348 0.0107 0.0070 0.0090 0.0030 0.0698 0.0633 0.0421 0.0524 0.0139 0.0798 0.2102 1.3467 0.2178 0.0393 0.0736 0.0117 0.0163 0.0028 0.0025 0.0055 0.0454 0.0062 0.1591 0.0362 0.0079 0.0248 0.0004 0.1328 0.0013 0.0000 0.0001 0.0012 0.0000 0.0000 0.0000 0.0000
0.0002 0.0001 0.0000 0.0000 0.0000 0.0000 0.0000 0.0000 0.0000 0.0174 0.0401 0.0000 0.0000 0.0286 0.0171 0.1416 0.1218 0.9204 1.6834 1.3689 0.0752 0.3669 0.1305 0.0615 0.0341 0.0742 0.0543 0.1623 0.1224 0.8858 0.1304 0.6540 0.5272 0.8471 0.1987 1.3861 0.1287 0.0196 1.7762 0.7610 0.3746 0.2344 0.0426 0.0950 0.1676 0.5611 0.0733 0.0138 0.0251 0.0064 0.0093 0.0109 0.0167 0.0165 0.1384 0.0413 0.6273 0.1385 0.0613 0.1445 0.1085 1.5968 0.2591 0.1216 0.0508 0.0225 0.0187 0.0295 0.0783 0.0104
0.1366 2.2588 0.0000 3.9567 0.0985 0.7542 0.0135 0.0003 0.0310 0.0225 0.0002 0.0002 0.0002 0.0007 0.0074 0.0014 0.0053 0.0009 0.0001 0.0005 0.0000 0.0000 0.0000 0.0625 0.0931 0.0000 0.0000 0.0321 0.0374 0.5923 0.0240 0.2366 0.6985 0.1931 0.0860 0.1101 0.0876 0.0055 0.0863 0.0602 0.0399 0.3464 0.0407 0.1441 0.5868 2.4419 0.7427 0.7017 0.8721 0.3312 6.4786 0.9059 1.8365 0.9571 7.2790 0.9275 7.6985 0.4889 0.1449 0.1957 0.1142 0.7215 0.0617 0.0292 0.0213 0.0929 0.1306 0.1036 0.3423 0.1036
0.0081 0.0648 0.0000 0.2339 0.4251 0.1360 0.1042 0.0427 0.4673 0.0045 0.0033 0.0074 0.0041 0.0035 0.0082 0.3121 0.2853 2.6686 0.0053 0.6233 0.0012 0.0001 0.0011 0.0002 0.0000 0.0000 0.0000 0.0000 0.0008 0.0003 0.0000 0.0000 0.0000 0.0000 0.0000 0.0000 0.0000 0.0001 0.0049 0.0000 0.0000 0.0031 0.0004 0.0063 0.0080 0.0396 0.0604 0.0044 0.0088 0.0038 0.0041 0.0011 0.0012 0.0010 0.0103 0.0181 0.0699 0.0172 0.0133 0.0166 0.0346 0.8922 0.0364 0.1121 0.1417 4.0505 0.5916 0.2238 0.1718 0.0215
0.0281 0.0780 0.0000 0.0965 0.1035 0.0142 0.0030 0.0020 0.0223 0.0239 0.0298 0.0301 0.0170 0.0331 0.0123 0.0345 0.0748 0.6058 0.1609 0.7942 0.1433 0.4541 0.2090 0.0060 0.0029 0.0159 0.0094 0.0022 0.0474 4.7801 0.1423 2.5681 0.0067 0.2694 0.0042 0.0001 0.0022 0.0001 0.0000 0.0000 0.0000 0.0000 0.0004 0.0001 0.0006 0.0001 0.0000 0.0000 0.0000 0.0000 0.0000 0.0008 0.0024 0.0000 0.0000 0.0026 0.5112 0.2768 0.0589 0.1445 1.1017 2.6699 0.3292 0.4207 0.1366 0.1112 0.1066 0.0657 0.2161 0.3753
0.0584 0.6304 0.0000 1.5510 5.3005 2.9746 0.2013 0.6202 6.8160 4.6678 33.6624 12.3350 0.9637 0.7747 0.2000 0.2613 0.3775 1.6048 0.2505 0.5311 0.0263 0.0750 0.0359 0.0735 0.0594 0.1507 0.0899 0.0452 0.1346 0.8728 0.0736 0.6970 0.2027 0.3403 0.3635 0.1710 0.1751 0.0033 0.0445 0.0799 0.0426 0.0283 0.0470 1.6447 2.1489 13.4684 0.0408 0.4308 0.0311 0.0003 0.0075 0.0009 0.0000 0.0000 0.0001 0.0001 0.1140 0.0014 0.0011 0.0000 0.0000 0.0005 0.0000 0.0000 0.0000 0.0212 0.0549 0.0000 0.0000 0.0140
0.0019 0.0458 0.0000 0.0613 0.7667 0.0404 0.0094 0.0105 0.0894 0.0221 0.0189 0.0164 0.0111 0.1244 0.0101 0.0380 0.1436 0.4540 0.2267 1.9718 0.0313 0.4213 0.1938 0.2544 0.8152 2.1122 0.0915 0.0197 0.0473 0.1188 0.0067 0.0448 0.0113 0.0081 0.0033 0.0024 0.0026 0.0007 0.0163 0.0133 0.0072 0.0105 0.0024 0.0136 0.0360 0.1699 0.0256 0.0113 0.0549 0.0087 0.0121 0.0010 0.0009 0.0019 0.0159 0.0022 0.2424 0.3249 0.0713 0.2232 0.0034 1.1915 0.0053 0.0002 0.0011 0.0004 0.0000 0.0000 0.0000 0.0000
0.0015 0.0008 0.0000 0.0001 0.0001 0.0000 0.0000 0.0000 0.0000 0.0149 0.0342 0.0000 0.0000 0.0163 0.0134 0.1108 0.0953 0.7199 1.3167 1.0707 0.0588 0.2869 0.1021 0.0483 0.0286 0.0676 0.0461 0.1270 0.3025 1.2047 0.1246 1.3050 0.7687 0.9347 0.7555 0.5519 0.5650 0.0311 1.3953 0.5952 3.4634 1.5770 0.1955 0.3225 0.5691 1.5521 0.1803 0.0341 0.0479 0.0069 0.0186 0.0271 0.0415 0.0456 0.4680 0.1444 2.5571 0.4680 0.2071 0.6597 0.7302 10.7421 1.2299 0.5747 0.2402 0.0176 0.0146 0.0232 0.0613 0.0082
0.0092 0.2198 0.0000 0.3850 0.0066 0.0509 0.0009 0.0000 0.0021 0.0015 0.0000 0.0000 0.0000 0.0000 0.0005 0.0001 0.0003 0.0001 0.0000 0.0000 0.0000 0.0000 0.0000 0.0065 0.0063 0.0000 0.0000 0.0072 0.0094 0.1490 0.0050 0.0595 0.1757 0.0486 0.0216 0.0277 0.0219 0.0014 0.0408 0.0275 0.0170 0.0934 0.0244 0.0866 0.2787 1.4676 0.4074 0.0383 0.4701 0.0347 0.0482 0.0114 0.0343 0.0179 1.1739 3.3837 4.2409 0.4934 0.1250 0.1588 0.1025 0.6418 0.0685 0.0434 0.0355 0.1546 0.2166 0.1156 0.4487 0.1726
0.0548 0.3762 0.0000 1.7947 2.8742 0.3095 0.0544 0.0223 0.2439 0.0046 0.0034 0.0076 0.0041 0.0035 0.0019 0.0160 0.0146 0.1361 0.0003 0.0406 0.0002 0.0000 0.0001 0.0002 0.0000 0.0000 0.0000 0.0000 0.0001 0.0001 0.0000 0.0000 0.0000 0.0000 0.0000 0.0000 0.0000 0.0008 0.0050 0.0000 0.0000 0.0206 0.0029 0.0412 0.0431 0.2574 0.2674 0.0285 0.0577 0.0250 0.0268 0.0073 0.0146 0.0135 0.1292 0.1453 2.5519 0.3458 0.1878 0.4896 0.4065 0.5472 0.3903 0.1254 0.0356 0.0253 0.1026 0.0386 0.5540 0.2356
0.8470 1.6009 0.0000 1.6482 1.5718 0.2160 0.0351 0.0128 0.2749 0.3650 0.4550 0.5151 0.3492 0.5635 0.2098 0.7084 1.5411 6.7840 0.5414 1.0706 0.0544 0.0974 0.0446 0.0163 0.0078 0.0435 0.0256 0.0059 0.0295 0.1347 0.0056 0.0705 0.0004 0.0167 0.0008 0.0000 0.0001 0.0001 0.0000 0.0000 0.0000 0.0001 0.0001 0.0000 0.0003 0.0001 0.0000 0.0000 0.0000 0.0000 0.0000 0.0057 0.0064 0.0000 0.0000 0.0403 0.2062 0.1032 0.0181 0.0539 0.2425 1.0770 0.1328 0.1690 0.0551 0.0447 0.1197 0.0805 0.2469 0.2725
0.0999 0.5613 0.0000 1.8570 1.1862 0.0469 0.0471 0.0179 0.0981 0.0212 0.1032 0.0550 0.1198 0.6026 0.2568 1.7868 1.8455 5.6839 0.6684 1.4049 0.0363 0.0875 0.0787 0.1995 0.1607 0.5065 0.4374 0.1725 0.6003 4.6356 0.2595 0.8987 0.1510 0.0849 0.0283 0.0134 0.0137 0.0007 0.0093 0.0166 0.0088 0.0059 0.0021 0.0073 0.0095 0.0600 0.0002 0.0019 0.0005 0.0000 0.0000 0.0002 0.0000 0.0000 0.0000 0.0000 0.0019 0.0000 0.0000 0.0000 0.0000 0.0000 0.0000 0.0000 0.0000 0.0257 0.0114 0.0000 0.0000 0.0398
0.0026 0.0490 0.0000 0.0655 0.2687 0.0546 0.0127 0.0142 0.1209 0.0299 0.0713 0.0675 0.0427 0.3029 0.1118 0.2199 0.1843 1.6793 0.1568 0.0956 0.0226 0.0374 0.0086 0.0035 0.0112 0.0149 0.0351 0.0405 0.1877 1.7864 0.2249 1.0335 0.1962 0.1402 0.0289 0.0183 0.0367 0.0125 0.2839 0.2907 0.2270 0.2481 0.0382 0.1932 0.3337 0.5786 0.0502 0.0074 0.0113 0.0018 0.0025 0.0013 0.0012 0.0026 0.0216 0.0029 0.0332 0.0045 0.0010 0.0030 0.0000 0.0163 0.0003 0.0000 0.0000 0.0006 0.0000 0.0000 0.0000 0.0000
0.0000 0.0000 0.0000 0.0000 0.0000 0.0000 0.0000 0.0000 0.0000 0.0104 0.0041 0.0000 0.0000 0.0258 0.0021 0.0140 0.0088 0.0907 0.0396 0.1706 0.0094 0.0457 0.0163 0.0077 0.0119 0.0282 0.0192 0.0366 0.1257 0.4751 0.0092 0.1316 0.0198 0.0051 0.0078 0.0042 0.0018 0.0001 0.0106 0.0045 0.0079 0.0246 0.0092 0.0697 0.2591 1.2949 0.1173 0.0220 0.0206 0.0044 0.0120 0.0175 0.0268 0.0333 0.2235 0.0832 0.5179 0.0999 0.0290 0.0250 0.0108 0.0534 0.0050 0.0023 0.0010 0.0028 0.0023 0.0037 0.0098 0.0013
0.0127 0.0586 0.0000 0.1026 0.0026 0.0196 0.0008 0.0000 0.0008 0.0123 0.0000 0.0001 0.0001 0.0004 0.0004 0.0001 0.0006 0.0002 0.0000 0.0000 0.0000 0.0000 0.0000 0.1962 0.0507 0.0000 0.0000 0.2242 0.1128 0.9757 0.0253 0.3881 0.2733 0.5855 0.2594 0.3339 0.2643 0.0193 0.9745 0.7356 0.4541 2.0268 0.5291 1.0166 0.6117 4.4076 0.3414 0.0256 0.1613 0.0327 0.0166 0.0053 0.0322 0.0168 0.4028 0.2856 6.5120 1.5889 0.9919 2.2789 5.9502 32.1409 1.6367 1.0374 0.8482 3.5053 4.9101 2.8716 4.2928 2.4765
0.4293 2.9972 0.0000 1.4715 1.5648 0.1685 0.0296 0.0121 0.1328 0.1311 0.0969 0.1883 0.1027 0.0877 0.0133 0.0213 0.0229 0.1825 0.0007 0.0784 0.0007 0.0001 0.0001 0.0059 0.0000 0.0001 0.0001 0.0001 0.0006 0.0002 0.0001 0.0000 0.0000 0.0000 0.0000 0.0000 0.0000 0.0341 0.1417 0.0000 0.0000 0.8203 0.0163 0.1247 0.1014 0.7797 0.2835 0.1595 0.3215 0.1397 0.1503 0.0658 0.2210 0.2056 1.9612 1.2799 28.4317 1.6478 0.1673 0.5967 0.2322 0.5801 0.2239 0.1335 0.0204 0.0195 0.1088 0.0410 0.3164 0.2182
0.0243 0.2569 0.0000 0.9436 3.4876 0.8443 0.0626 0.0348 0.7453 0.9190 0.8781 0.7017 0.2162 0.8018 0.0791 0.1934 0.2710 0.4595 0.0717 0.1186 0.0049 0.0088 0.0040 0.0108 0.0051 0.0178 0.0105 0.0024 0.0034 0.0105 0.0004 0.0055 0.0000 0.0013 0.0001 0.0000 0.0000 0.0001 0.0000 0.0000 0.0000 0.0000 0.0000 0.0000 0.0000 0.0000 0.0000 0.0000 0.0000 0.0000 0.0000 0.0149 0.0043 0.0000 0.0000 0.0671 0.1027 0.0185 0.0026 0.0096 0.0175 0.3293 0.0661 0.0934 0.0509 0.0727 0.3983 0.1507 0.4622 0.0694
1.7025 4.3269 0.0000 4.0126 2.5632 0.1801 0.1012 0.0688 0.2110 0.0799 0.3962 0.2112 0.2588 1.4268 0.5548 1.3871 4.1836 24.4438 11.3858 33.7618 14.8106 15.2598 13.6726 15.5399 7.2625 8.1884 2.8703 4.6221 4.2419 8.7135 0.5657 1.5149 0.7335 0.4144 0.1383 0.0651 0.0666 0.0594 0.8033 0.4412 0.4360 0.3934 0.0102 0.0280 0.0366 0.2296 0.0007 0.0074 0.0025 0.0000 0.0001 0.0095 0.0000 0.0000 0.0020 0.0014 0.0127 0.0001 0.0003 0.0000 0.0000 0.0001 0.0000 0.0000 0.0000 4.3138 0.9911 0.0000 0.0000 1.4283
0.0072 0.0559 0.0000 0.0747 0.2231 0.0911 0.0351 0.0433 0.8268 0.3299 1.7540 0.8568 0.2451 0.2804 0.1044 0.0975 0.0708 0.4396 0.0663 0.0794 0.0091 0.0311 0.0025 0.0029 0.0093 0.0124 0.0092 0.0205 0.0489 0.3554 0.0417 0.3850 0.2907 0.2931 0.4417 1.0324 0.5620 0.0885 1.1408 0.4071 0.1296 0.6016 0.0420 0.0765 0.1552 0.2082 0.0523 0.0077 0.0117 0.0019 0.0026 0.0146 0.0132 0.0072 0.1480 0.0273 0.0351 0.0037 0.0008 0.0025 0.0000 0.0136 0.0003 0.0000 0.0000 0.0039 0.0000 0.0000 0.0002 0.0001
0.0000 0.0000 0.0000 0.0000 0.0000 0.0000 0.0000 0.0000 0.0000 1.0529 0.1196 0.0000 0.0000 0.2192 0.0103 0.0284 0.0192 0.1835 0.0801 0.5044 0.0453 0.2433 0.1454 0.1213 0.3820 0.5105 0.3485 0.0941 0.3897 0.6964 0.0135 0.1930 0.0291 0.0102 0.0115 0.0085 0.0026 0.0002 0.0214 0.0092 0.0116 0.0745 0.0135 0.0874 0.3205 1.4807 0.5773 0.1529 1.0434 0.2249 0.7505 0.3980 0.3526 0.1557 0.7628 0.7272 3.4114 0.2384 0.0812 0.0542 0.0677 0.3354 0.0312 0.0146 0.0061 0.0441 0.0366 0.0178 0.0872 0.0158
0.0009 0.0041 0.0000 0.0072 0.0002 0.0014 0.0001 0.0000 0.0001 0.0038 0.0000 0.0000 0.0000 0.0002 0.0000 0.0000 0.0001 0.0000 0.0000 0.0000 0.0000 0.0000 0.0000 0.3302 0.0275 0.0000 0.0000 0.0851 0.0134 0.1157 0.0030 0.0462 0.0324 0.0694 0.0308 0.0406 0.0526 0.0076 0.8096 0.2303 0.1422 0.2413 0.0693 0.1205 0.0725 0.5225 0.0407 0.0030 0.0191 0.0039 0.0020 0.0006 0.0038 0.0020 0.0482 0.0634 0.7753 0.1917 0.1181 0.2702 0.4914 4.3420 0.8758 0.5748 0.4539 3.4215 2.4719 0.5104 0.8075 0.7555
1.5701 4.7916 0.0000 2.7881 7.0239 0.6163 0.1083 0.0446 0.4858 0.5279 0.4603 0.2688 0.2461 0.2865 0.0189 0.0305 0.0327 0.2605 0.0009 0.1120 0.0010 0.0001 0.0002 0.0141 0.0000 0.0001 0.0004 0.0004 0.0008 0.0003 0.0001 0.0000 0.0000 0.0000 0.0000 0.0000 0.0000 0.3613 0.6732 0.0000 0.0000 3.0005 0.0370 0.2826 0.2296 1.7662 0.6423 0.3613 0.7283 0.3166 0.3404 0.1995 1.4243 0.5081 4.8468 2.8992 50.9044 3.7488 0.3789 1.3575 0.5259 1.3141 0.5072 0.3025 0.0466 0.0442 0.2464 0.0932 0.7230 0.9296
0.0251 0.2708 0.0000 0.9818 2.7461 0.4301 0.1241 0.0696 1.4712 3.0067 4.3838 1.0949 0.3554 2.1378 0.2108 0.2254 0.3759 0.6374 0.2336 0.3177 0.0131 0.0235 0.0108 0.0126 0.0071 0.0185 0.0109 0.0033 0.0035 0.0108 0.0004 0.0057 0.0000 0.0013 0.0001 0.0000 0.0000 0.0001 0.0000 0.0000 0.0000 0.0000 0.0000 0.0000 0.0000 0.0000 0.0000 0.0000 0.0000 0.0000 0.0000 0.0473 0.0059 0.0000 0.0000 0.1796 0.1725 0.0554 0.0071 0.0289 0.0526 0.9011 0.1111 0.1420 0.0461 0.0374 0.1704 0.0725 0.2224 0.2456
0.0678 0.2662 0.0000 0.2469 0.1577 0.0077 0.0062 0.0029 0.0130 0.0034 0.0168 0.0090 0.0159 0.0882 0.0341 0.1433 0.4380 2.5478 0.7544 1.5857 0.0607 0.1462 0.1315 0.3318 0.2684 1.0204 0.3098 0.2807 0.2576 0.9003 0.0491 0.1315 0.0447 0.0252 0.0084 0.0040 0.0040 0.0004 0.0058 0.0105 0.0056 0.0037 0.0004 0.0012 0.0016 0.0098 0.0000 0.0003 0.0001 0.0000 0.0000 0.0001 0.0000 0.0000 0.0000 0.0000 0.0004 0.0000 0.0000 0.0000 0.0000 0.0000 0.0000 0.0000 0.0000 0.0430 0.0072 0.0000 0.0000 0.0648
0.0037 0.0693 0.0000 0.0927 0.3640 0.0773 0.0181 0.0202 0.1711 0.0425 0.1769 0.1002 0.0634 0.4517 0.1667 0.3126 0.2508 2.2852 0.2124 0.1296 0.0306 0.0507 0.0117 0.0048 0.0151 0.0202 0.0476 0.0833 0.2543 2.4310 0.2879 1.4690 0.4869 0.3480 0.1132 0.0722 0.1440 0.0488 1.1134 1.1753 0.9758 1.0077 0.1553 0.5211 0.8881 1.1909 0.1926 0.0285 0.0434 0.0069 0.0095 0.0019 0.0017 0.0037 0.0306 0.0042 0.0449 0.0060 0.0013 0.0041 0.0001 0.0221 0.0004 0.0000 0.0000 0.0008 0.0000 0.0000 0.0000 0.0000
0.0000 0.0000 0.0000 0.0000 0.0000 0.0000 0.0000 0.0000 0.0000 0.0253 0.0036 0.0000 0.0000 0.0648 0.0015 0.0069 0.0046 0.0446 0.0195 0.1220 0.0067 0.0327 0.0117 0.0081 0.0247 0.0340 0.0232 0.0282 0.0968 0.2336 0.0047 0.0647 0.0102 0.0025 0.0040 0.0021 0.0011 0.0001 0.0052 0.0022 0.0049 0.0315 0.0048 0.0369 0.1313 0.5562 0.1504 0.0282 0.0677 0.0145 0.0395 0.0576 0.0879 0.0638 0.3223 0.4096 1.4350 0.1003 0.0343 0.0228 0.0286 0.1411 0.0131 0.0062 0.0026 0.0029 0.0024 0.0026 0.0070 0.0010
0.0005 0.0024 0.0000 0.0042 0.0001 0.0008 0.0000 0.0000 0.0000 0.0007 0.0000 0.0000 0.0000 0.0000 0.0000 0.0000 0.0000 0.0000 0.0000 0.0000 0.0000 0.0000 0.0000 0.0543 0.0045 0.0000 0.0000 0.0654 0.0044 0.0498 0.0017 0.0199 0.0347 0.0229 0.0101 0.0131 0.0103 0.0010 0.0832 0.0367 0.0227 0.0793 0.0208 0.0559 0.1067 0.6289 0.0595 0.0032 0.0281 0.0042 0.0035 0.0008 0.0041 0.0021 0.0847 0.1115 1.1353 0.3370 0.1174 0.1491 0.1519 0.9475 0.1397 0.0881 0.0724 0.3138 0.4415 0.2316 0.8309 0.3503
0.1745 0.4859 0.0000 0.2827 0.5804 0.0625 0.0110 0.0045 0.0493 0.0045 0.0033 0.0051 0.0028 0.0026 0.0009 0.0019 0.0020 0.0160 0.0001 0.0069 0.0000 0.0000 0.0000 0.0002 0.0000 0.0000 0.0000 0.0000 0.0000 0.0000 0.0000 0.0000 0.0000 0.0000 0.0000 0.0000 0.0000 0.0021 0.0049 0.0000 0.0000 0.0599 0.0006 0.0085 0.0089 0.0534 0.0480 0.0063 0.0127 0.0055 0.0059 0.0016 0.0057 0.0045 0.0430 0.0486 0.8540 0.1065 0.0389 0.1295 0.0540 0.0982 0.0521 0.0226 0.0047 0.0034 0.0184 0.0070 0.0736 0.0816
0.0637 0.9820 0.0000 0.8167 1.1329 0.1543 0.0187 0.0104 0.2219 0.2933 0.3672 0.4616 0.3692 0.5438 0.2033 0.9602 1.1451 1.9418 0.2602 0.4323 0.0179 0.0319 0.0147 0.0030 0.0014 0.0080 0.0047 0.0011 0.0051 0.0200 0.0008 0.0105 0.0001 0.0025 0.0001 0.0000 0.0000 0.0000 0.0000 0.0000 0.0000 0.0000 0.0000 0.0000 0.0000 0.0000 0.0000 0.0000 0.0000 0.0000 0.0000 0.0046 0.0012 0.0000 0.0000 0.0341 0.0553 0.0299 0.0052 0.0156 0.0700 0.2888 0.0356 0.0453 0.0148 0.0120 0.0321 0.0153 0.0469 0.0520
0.0342 0.1944 0.0000 0.7019 0.6135 0.0243 0.0243 0.0093 0.0507 0.0109 0.0536 0.0284 0.0620 0.4416 0.1334 0.4766 0.5911 1.9017 0.3805 0.7997 0.0272 0.0655 0.0590 0.1494 0.1204 0.3187 0.2752 0.1292 0.4496 2.9168 0.3180 0.6586 0.1431 0.0805 0.0269 0.0127 0.0129 0.0003 0.0044 0.0080 0.0042 0.0028 0.0011 0.0038 0.0050 0.0311 0.0001 0.0010 0.0003 0.0000 0.0000 0.0001 0.0000 0.0000 0.0000 0.0000 0.0010 0.0000 0.0000 0.0000 0.0000 0.0000 0.0000 0.0000 0.0000 0.0206 0.0055 0.0000 0.0000 0.0298
0.0066 0.1556 0.0000 0.2081 2.6040 0.1372 0.0320 0.0359 0.3037 0.0751 0.1071 0.1014 0.0641 0.4550 0.1679 0.3481 0.9253 6.1342 2.0520 0.9268 0.2958 0.3628 0.1128 0.0465 0.1083 0.1448 0.4599 1.1599 1.3409 4.5855 0.2214 1.1247 0.2821 0.2007 0.0551 0.0350 0.0701 0.0237 0.5419 0.4601 0.3594 0.4883 0.1292 0.7438 1.9596 21.7315 1.1033 0.1630 0.2475 0.0395 0.0547 0.0033 0.0030 0.0066 0.0544 0.0074 0.1897 0.0432 0.0095 0.0297 0.0004 0.1583 0.0015 0.0000 0.0001 0.0014 0.0000 0.0000 0.0000 0.0000
0.0000 0.0000 0.0000 0.0000 0.0000 0.0000 0.0000 0.0000 0.0000 0.0204 0.0101 0.0000 0.0000 0.0493 0.0012 0.0097 0.0083 0.0630 0.1151 0.0936 0.0051 0.0251 0.0089 0.0042 0.0152 0.0162 0.0110 0.0134 0.0460 0.1636 0.0169 0.1772 0.0957 0.0468 0.0920 0.0276 0.0282 0.0015 0.0696 0.0298 0.1262 0.8119 0.0243 0.0963 0.1453 0.3696 0.0715 0.0134 0.0322 0.0069 0.0188 0.0333 0.0511 0.0305 0.3384 0.1460 2.5861 0.2550 0.1133 0.2829 1.3182 3.6564 0.3397 0.1587 0.0666 0.0015 0.0013 0.0020 0.0053 0.0007
0.0540 1.2933 0.0000 2.2654 0.0389 0.2982 0.0053 0.0001 0.0123 0.0155 0.0001 0.0001 0.0001 0.0005 0.0029 0.0006 0.0021 0.0006 0.0000 0.0002 0.0000 0.0000 0.0000 0.9894 0.0640 0.0000 0.0000 0.8556 0.1770 2.8169 0.0943 1.1254 3.3221 0.9186 0.4088 0.5238 0.4147 0.0263 1.2138 0.5362 0.3310 1.6473 0.3035 1.0500 3.3947 17.7964 5.4131 1.7362 6.3561 1.5750 2.1802 0.5164 1.5495 0.8075 53.0500 23.4949 56.3519 7.1536 1.8125 2.2929 2.2272 13.8903 2.0386 1.2922 1.0611 4.6002 6.4720 3.3945 12.1269 5.1349
0.1742 0.7499 0.0000 2.1210 9.1305 4.3046 0.5772 0.2367 2.5785 0.0092 0.0068 0.0152 0.0083 0.0071 0.0092 0.0768 0.0702 0.6537 0.0016 0.1949 0.0008 0.0001 0.0003 0.0005 0.0000 0.0000 0.0000 0.0000 0.0007 0.0002 0.0000 0.0000 0.0000 0.0000 0.0000 0.0000 0.0000 0.0025 0.0100 0.0000 0.0000 0.0656 0.0013 0.0190 0.0241 0.1187 0.1810 0.0131 0.0265 0.0115 0.0124 0.0034 0.0060 0.0032 0.0307 0.0544 0.4654 0.0631 0.0399 0.0893 0.1358 3.9768 0.3256 0.3361 0.3508 0.2483 0.5016 0.1898 1.5375 0.5422
0.0394 0.1778 0.0000 0.1459 0.2327 0.0316 0.0088 0.0049 0.1043 0.1379 0.1726 0.1275 0.0939 0.2556 0.0956 0.1441 0.3122 1.9815 1.2466 6.9213 1.6790 2.2762 1.0428 0.0028 0.0013 0.0075 0.0044 0.0010 0.0222 0.4856 0.0173 0.2553 0.0008 0.0327 0.0010 0.0000 0.0003 0.0000 0.0000 0.0000 0.0000 0.0000 0.0001 0.0000 0.0002 0.0000 0.0000 0.0000 0.0000 0.0000 0.0000 0.0023 0.0011 0.0000 0.0000 0.0160 0.0276 0.0150 0.0032 0.0078 0.0595 0.1442 0.0179 0.0227 0.0074 0.0060 0.0098 0.0038 0.0117 0.0204
0.0166 0.0980 0.0000 0.3552 0.8871 0.5649 0.0875 0.0796 2.1547 0.8267 0.8360 0.4455 0.7441 1.6867 0.1048 0.1659 0.2048 0.6617 0.1535 0.3227 0.0211 0.0511 0.0457 0.1159 0.0933 0.1729 0.1381 0.1006 0.3487 1.0105 0.0852 0.8577 0.8672 1.6371 2.4349 4.3255 3.1250 0.0004 0.0057 0.0102 0.0054 0.0036 0.0060 0.2437 0.3035 1.8772 0.0019 0.0199 0.0024 0.0000 0.0003 0.0001 0.0000 0.0000 0.0000 0.0000 0.0098 0.0001 0.0001 0.0000 0.0000 0.0000 0.0000 0.0000 0.0000 0.0162 0.0070 0.0000 0.0000 0.0231
0.0014 0.0320 0.0000 0.0428 0.5357 0.0282 0.0066 0.0074 0.0625 0.0154 0.0224 0.0123 0.0078 0.0869 0.0156 0.0324 0.1003 0.5711 0.2085 2.0478 0.0747 0.2944 0.3366 0.2464 0.1610 0.2143 0.3864 0.2355 0.1356 0.4123 0.0199 0.1011 0.0380 0.0271 0.0143 0.0091 0.0182 0.0062 0.1410 0.0838 0.0602 0.1271 0.0336 0.0865 0.2278 1.1435 0.5996 0.2960 2.0027 0.8517 2.1413 0.0007 0.0006 0.0014 0.0112 0.0015 0.1701 0.2632 0.0551 0.1701 0.0009 0.2991 0.0022 0.0001 0.0003 0.0003 0.0000 0.0000 0.0000 0.0000
0.0013 0.0007 0.0000 0.0001 0.0001 0.0000 0.0000 0.0000 0.0000 0.1130 0.0436 0.0000 0.0000 0.2685 0.2819 0.3361 0.7538 2.1841 0.8183 5.1549 0.4672 2.5090 2.0161 12.2588 1.8141 3.3316 0.5691 0.6112 0.5441 2.2933 0.1074 0.5480 0.2551 0.1044 0.0966 0.0870 0.0158 0.0024 0.2189 0.0934 0.0462 0.0687 0.0305 0.0846 0.3144 1.4527 0.3173 0.0840 0.5055 0.1592 0.1859 0.1331 0.1149 0.0568 0.2712 0.2279 1.0691 0.1212 0.0504 0.0699 0.0233 0.1960 0.0319 0.0149 0.0062 78.3310 31.4311 0.4860 3.5471 11.5851
0.0117 0.0207 0.0000 0.0362 0.0009 0.0069 0.0007 0.0000 0.0003 0.4592 0.0000 0.0013 0.0141 0.0616 0.0008 0.0001 0.0046 0.0017 0.0000 0.0001 0.0000 0.0000 0.0000 0.1441 0.3698 0.0000 0.0000 0.0132 0.1428 0.4379 0.0289 0.1749 0.1232 0.2639 0.1930 0.2733 0.4886 0.4672 1.9657 0.9809 0.1516 0.4712 0.0319 0.1193 0.1745 0.4459 0.1077 0.0115 0.0485 0.0147 0.0036 0.0024 0.0145 0.0076 0.0577 0.0176 0.5253 0.0558 0.0348 0.0800 0.0874 0.7724 0.2842 0.2631 0.0928 0.2345 0.1856 0.0562 0.0863 0.0711
0.0008 0.0039 0.0000 0.0058 0.0032 0.0006 0.0002 0.0001 0.0008 1.4741 3.8695 0.0152 0.0249 0.6547 0.0007 0.0006 0.0007 0.0053 0.0000 0.0023 0.0000 0.0000 0.0000 0.0097 0.0000 0.0001 0.0018 0.0021 0.0001 0.0000 0.0000 0.0000 0.0000 0.0000 0.0000 0.0000 0.0000 0.0008 0.0594 0.0000 0.0000 0.0015 0.1681 0.0764 0.1094 0.4776 0.0364 0.0270 0.1458 0.0296 0.0318 0.0095 0.0090 0.0077 0.0782 0.0850 0.3278 0.0555 0.0136 0.0172 0.0208 0.0747 0.0192 0.0171 0.0013 0.0025 0.0140 0.0053 0.0130 0.0039
0.0120 0.0560 0.0000 0.2056 0.3194 0.0439 0.0150 0.0100 0.1126 0.0742 0.0924 0.0853 0.0270 0.0975 0.0096 0.0244 0.0498 0.1756 0.0140 0.0396 0.0029 0.0051 0.0023 0.0809 0.0248 5.9806 0.3655 0.0406 0.0596 0.0291 0.0012 0.0152 0.0001 0.0036 0.0017 0.0000 0.0000 0.0021 0.0000 0.0001 0.0001 0.0004 0.0002 0.0001 0.0008 0.0002 0.0000 0.0000 0.0000 0.0000 0.0000 0.0043 0.0120 0.0000 0.0000 0.0082 4.3337 0.3392 0.1733 0.1771 0.0960 1.8017 0.5667 0.5156 0.3781 0.3600 0.2951 0.1819 0.2877 0.2532
0.0958 0.7082 0.0000 0.5663 1.1228 0.0872 0.0425 0.0333 0.0647 0.0387 0.1918 0.1022 0.0515 0.0990 0.0622 0.1010 0.3086 1.8028 0.4111 0.8677 0.1304 0.5049 0.1781 0.2024 0.0971 0.2247 0.0767 0.0742 0.0681 0.3344 0.0264 0.1470 0.0189 0.0182 0.0107 0.0050 0.0051 0.0650 0.6119 1.6477 6.7665 0.8942 0.0412 0.0136 0.0177 0.1112 0.0003 0.0036 0.0096 0.0001 0.0001 0.0629 0.0000 0.0003 0.0047 0.0032 0.0756 0.0006 0.0018 0.0002 0.0000 0.0003 0.0000 0.0000 0.0000 0.1427 0.3695 0.0000 0.0000 0.0229
0.0406 0.1386 0.0000 0.1845 0.3397 0.1393 0.0536 0.0662 1.2644 1.8477 0.4496 0.3836 0.1033 0.4288 0.0348 0.0900 0.1082 0.3482 0.1009 0.1214 0.0139 0.0473 0.0039 0.0044 0.0142 0.0189 0.0103 0.0053 0.0309 0.0968 0.0115 0.1063 0.0389 0.0281 0.0462 0.0472 0.0370 0.0056 0.0745 0.0418 0.0129 0.0398 0.0028 0.0109 0.0271 0.0756 0.0050 0.0013 0.0034 0.0005 0.0007 0.9938 0.7863 0.0406 1.0627 10.5537 0.2083 0.0057 0.0012 0.0039 0.0001 0.0207 0.0016 0.0000 0.0000 0.1891 0.0000 0.0004 0.0248 0.0169
0.0001 0.0000 0.0000 0.0001 0.0000 0.0000 0.0000 0.0000 0.0000 0.0253 0.0720 0.0000 0.0000 0.0055 0.0218 0.2611 0.9875 1.6965 0.1556 0.2748 0.0189 0.0733 0.0262 0.0133 0.0068 0.0148 0.0109 0.0326 0.0246 0.1778 0.0205 0.1024 0.0487 0.0866 0.0185 0.0395 0.0132 0.0020 0.1823 0.0778 0.0210 0.0131 0.0058 0.0149 0.0264 0.1126 0.0147 0.0028 0.0050 0.0013 0.0019 0.0022 0.0033 0.0033 0.0217 0.0083 0.0982 0.0217 0.0096 0.0134 0.0061 0.0891 0.0265 0.0124 0.0052 0.0117 0.0063 0.0375 0.1306 0.0081
7.9477 0.3058 0.0000 0.5357 0.0191 0.1021 0.0643 0.0013 0.0105 0.1323 0.0006 0.0024 0.0010 0.0025 0.1063 0.0202 0.0756 0.0151 0.0016 0.0070 0.0000 0.0000 0.0004 0.0166 0.0246 0.0001 0.0000 0.0085 0.0471 0.7492 0.0304 0.2993 0.8836 0.2443 0.1083 0.1393 0.1103 0.0070 0.1091 0.0762 0.0504 0.4362 0.0250 0.1613 0.7389 1.8553 0.7722 0.5971 0.3493 0.4171 1.2482 1.1260 2.6703 1.3917 2.3756 0.3027 2.5678 0.2193 0.0647 0.1082 0.0704 0.4448 0.0494 0.0369 0.0161 0.0567 0.0798 0.0573 0.1535 0.0449
0.0046 0.0441 0.0000 0.1180 0.2116 0.0674 0.0516 0.0442 0.4814 0.0086 0.0064 0.0143 0.0078 0.0067 0.0157 5.3842 1.7764 20.4769 0.0262 3.0939 0.0060 0.0007 0.0055 0.0004 0.0000 0.0000 0.0000 0.0000 0.0041 0.0015 0.0002 0.0000 0.0000 0.0000 0.0000 0.0000 0.0000 0.0002 0.0093 0.0000 0.0000 0.0027 0.0009 0.0126 0.0225 0.0787 0.1200 0.0087 0.0176 0.0076 0.0082 0.0022 0.0023 0.0020 0.0204 0.0361 0.1391 0.0344 0.0265 0.0330 0.0688 1.7743 0.0635 0.2229 0.1715 0.3868 1.1816 0.4451 0.2079 0.0260
