3.0411 1.5289 0.0000 2.0442 1.2777 0.6895 0.4284 0.2251 1.9053 0.5182 0.4017 0.3487 0.2343 1.6061 0.1302 0.3370 0.4054 1.3099 0.3795 0.4548 0.0524 0.1780 0.0145 0.0166 0.0532 0.0710 0.0387 0.0199 0.1162 0.3627 0.0431 0.3981 0.1465 0.1051 0.0686 0.0524 0.0550 0.0092 0.2120 0.1566 0.0484 0.1354 0.0094 0.0412 0.1016 0.2844 0.0189 0.0047 0.0127 0.0020 0.0028 0.0551 0.0320 2.0105 2.5970 0.1699 1.2760 0.0212 0.0046 0.0146 0.0002 0.0777 0.0102 0.0003 0.0001 0.0677 0.0000 0.0003 0.0011 0.0007
0.0010 0.0004 0.0000 0.0003 0.0001 0.0000 0.0000 0.0000 0.0000 0.0868 0.1999 0.0000 0.0000 0.0578 0.4579 11.9794 3.2346 47.5878 2.2517 7.7090 0.4234 2.0659 0.7351 0.3466 0.1920 0.4178 0.3058 0.9141 0.6896 4.9880 0.2968 1.4819 0.7051 0.2873 0.2670 0.2393 0.0437 0.0066 0.6051 0.2581 0.1276 0.1900 0.0840 0.2162 0.6868 3.1597 0.4128 0.0778 0.1419 0.0361 0.0522 0.0614 0.0942 0.0931 0.5900 0.2323 1.4214 0.3137 0.1394 0.1933 0.0643 0.5416 0.0879 0.0412 0.0172 0.1474 0.1051 0.7930 1.4739 0.0951
0.0418 0.0210 0.0000 0.0368 0.0012 0.0070 0.0025 0.0001 0.0005 0.0133 0.0000 0.0002 0.0001 0.0002 0.0013 0.0002 0.0019 0.0007 0.0000 0.0001 0.0000 0.0000 0.0000 0.0097 0.0144 0.0000 0.0000 0.0049 0.1122 1.2930 0.6226 0.5166 0.0768 0.0914 0.0508 0.0394 0.0433 0.0032 0.0426 0.0298 0.0143 0.1240 0.0071 0.0430 0.1088 0.2733 0.0671 0.0087 0.0304 0.0092 0.0027 0.0018 0.0110 0.0057 0.0360 0.0110 0.3276 0.0323 0.0125 0.0288 0.0199 0.1259 0.0142 0.0144 0.0046 0.0161 0.0226 0.0153 0.0311 0.0128
0.0310 0.2992 0.0000 0.4721 0.2578 0.0470 0.0175 0.0072 0.0787 0.4402 0.2114 1.5575 1.2732 0.5076 1.2624 0.0607 0.0920 0.5169 0.0070 0.3148 0.0656 0.0072 0.0025 0.1778 0.0002 0.0046 0.0023 0.0015 0.0706 0.0191 0.0093 0.0050 0.0002 0.0003 0.0000 0.0000 0.0001 0.0040 0.1680 0.0000 0.0000 0.0352 0.2142 5.8408 3.1383 86.8713 1.4397 0.4402 0.8873 0.3856 0.4146 0.1124 0.1175 0.1007 1.0294 1.8216 7.0239 1.7288 0.5375 0.6712 0.8248 2.9456 0.7616 0.6781 0.0507 0.0991 0.5522 0.2089 0.5109 0.1527
0.4187 1.8027 0.0000 5.6361 6.0196 0.8272 0.1737 0.1145 1.3033 1.3979 1.7423 1.7616 0.7395 1.8369 0.2363 0.7977 1.7279 6.1175 0.4882 1.3799 0.0997 0.1787 0.0819 0.4055 0.1663 4.4498 1.8406 0.2043 2.9937 1.0087 0.0422 0.5302 0.0040 0.1251 0.0853 0.0025 0.0019 0.0123 0.0005 0.0029 0.0013 0.0024 0.0092 0.0030 0.0295 0.0079 0.0002 0.0001 0.0000 0.0000 0.0001 0.0488 0.1377 0.0000 0.0000 0.1543 9.7069 5.2560 0.9237 2.7441 39.1732 50.7011 6.2512 7.9896 2.5942 2.1116 2.0248 1.2477 4.1034 7.1263
0.1975 2.1318 0.0000 5.2451 17.9245 1.3922 0.6807 0.5318 1.0369 0.6177 3.0627 1.6323 0.8227 1.5806 0.6765 0.8837 1.2765 5.4268 0.8471 1.7960 0.0888 0.2537 0.1214 0.2484 0.2010 0.5095 0.3039 0.1529 0.4550 2.9517 0.2489 2.3572 0.3036 0.2905 0.1701 0.0800 0.0819 0.0111 0.1505 0.2703 0.1439 0.0957 0.0365 0.2167 0.2831 1.7822 0.0054 0.0570 0.0089 0.0001 0.0010 0.0031 0.0000 0.0000 0.0004 0.0003 0.0358 0.0004 0.0007 0.0001 0.0000 0.0002 0.0000 0.0000 0.0000 0.0717 0.1857 0.0000 0.0000 0.0473
0.0544 0.5285 0.0000 0.7066 2.1005 2.1224 0.2643 0.2243 1.8980 0.4711 0.4020 0.3489 0.2365 2.6404 0.2149 0.5540 0.6665 2.1534 0.6239 0.7476 0.0861 0.2927 0.0240 0.0273 0.0874 0.1168 0.0636 0.0327 0.1911 0.5962 0.0712 0.6544 0.2408 0.1736 0.0693 0.0522 0.0556 0.0152 0.3485 0.2585 0.0795 0.2226 0.0155 0.0677 0.1670 0.4676 0.0311 0.0078 0.0208 0.0033 0.0046 0.0208 0.0188 0.0546 0.3398 0.0462 0.3309 0.0348 0.0076 0.0239 0.0004 0.1277 0.0026 0.0001 0.0001 0.0089 0.0000 0.0001 0.0003 0.0002
0.0001 0.0001 0.0000 0.0000 0.0000 0.0000 0.0000 0.0000 0.0000 0.0381 0.0877 0.0000 0.0000 0.0417 0.0734 0.0935 0.1031 0.6074 0.2639 2.1968 0.5739 0.7352 0.2616 0.1239 0.0683 0.1487 0.1079 0.1980 0.1493 0.7395 0.0348 0.1767 0.0826 0.0337 0.0313 0.0281 0.0051 0.0008 0.0709 0.0303 0.0149 0.0223 0.0098 0.0274 0.1018 0.4685 0.0890 0.0168 0.0498 0.0129 0.0184 0.0132 0.0203 0.0184 0.0875 0.0501 0.2350 0.0393 0.0163 0.0227 0.0075 0.0635 0.0103 0.0048 0.0020 0.0450 0.0374 0.1266 0.2426 0.0210
0.0356 0.1310 0.0000 0.2295 0.0057 0.0438 0.0022 0.0001 0.0018 0.1021 0.0000 0.0004 0.0005 0.0022 0.0013 0.0002 0.0022 0.0008 0.0000 0.0001 0.0000 0.0000 0.0000 0.1829 0.2723 0.0000 0.0000 0.0568 1.1195 5.8410 0.1519 2.3335 1.6434 3.5202 2.5741 4.8393 2.8990 0.1829 2.8558 1.9930 1.3078 6.2854 0.3604 1.5911 2.3281 5.9483 1.4363 0.1537 0.6468 0.1967 0.0485 0.0319 0.1935 0.1013 0.7703 0.2346 7.0071 0.7440 0.4645 1.0672 1.0142 6.3808 1.2814 0.9668 0.4185 0.8392 1.1502 0.7501 1.1511 0.6469
0.1486 1.0834 0.0000 1.6013 0.8707 0.1595 0.0491 0.0201 0.2205 1.6504 1.2196 2.4649 1.4853 1.2747 0.1056 0.1700 0.1826 1.4538 0.0053 0.6249 0.0058 0.0006 0.0011 0.0853 0.0000 0.0005 0.0011 0.0013 0.0044 0.0016 0.0005 0.0003 0.0000 0.0000 0.0000 0.0000 0.0000 0.0423 1.7836 0.0000 0.0000 0.2839 0.1802 0.8384 0.9406 5.2410 1.8976 1.0676 3.5511 1.7061 5.1730 1.1231 1.1743 1.0012 4.9470 4.4178 17.1094 2.8828 0.7085 0.9002 1.0871 3.8823 1.0038 0.8937 0.0669 0.1306 0.7278 0.2754 0.6734 0.2012
0.2124 0.9846 0.0000 3.6167 5.6427 0.7754 0.4924 0.4384 3.6778 2.1910 1.6332 1.5069 0.4745 1.7144 0.1691 0.4319 0.8764 3.1028 0.2476 0.6999 0.0506 0.0902 0.0415 1.3387 0.6394 1.4410 2.1081 0.4844 0.1654 0.5116 0.0214 0.2689 0.0016 0.0634 0.0047 0.0001 0.0005 0.0124 0.0000 0.0007 0.0013 0.0046 0.0009 0.0002 0.0035 0.0009 0.0000 0.0000 0.0000 0.0000 0.0000 0.1875 0.5292 0.0000 0.0000 0.1440 2.3173 0.3754 0.0831 0.1960 0.3550 6.6933 1.3619 1.9157 1.4047 25.8624 4.4575 1.9641 1.5078 0.9408
0.2831 1.7727 0.0000 1.4115 2.7984 0.2183 0.1063 0.0830 0.1619 0.0969 0.4802 0.2548 0.1290 0.2478 0.1549 0.2528 0.7724 4.5128 1.1828 3.5074 0.5724 2.0321 0.7855 1.1544 0.5256 0.5624 0.1921 0.2726 0.2501 0.8333 0.0661 0.3680 0.0474 0.0456 0.0267 0.0125 0.0128 0.7120 11.3103 0.5911 0.8386 2.8074 0.0133 0.0340 0.0444 0.2782 0.0008 0.0089 0.0031 0.0000 0.0002 0.0227 0.0000 0.0001 0.0285 0.0198 0.0243 0.0002 0.0006 0.0001 0.0000 0.0001 0.0000 0.0000 0.0000 0.8428 3.7610 0.0000 0.0000 0.0842
0.0287 0.2224 0.0000 0.2974 0.8879 0.3626 0.1395 0.1722 3.2906 3.3207 20.2942 5.6518 0.8981 1.1161 0.3445 0.3055 0.2817 1.3768 0.2626 0.3160 0.0362 0.1237 0.0101 0.0115 0.0369 0.0491 0.0288 0.0260 0.1539 0.7046 0.0838 0.7733 0.3761 0.3792 0.8871 0.9063 0.7144 0.1680 2.1651 0.5175 0.1641 0.7648 0.0533 0.0973 0.1973 0.3290 0.0855 0.0098 0.0149 0.0024 0.0033 0.1242 0.1327 0.0287 0.5891 0.1346 0.1399 0.0147 0.0032 0.0101 0.0002 0.0540 0.0011 0.0000 0.0001 0.0154 0.0000 0.0001 0.0016 0.0011
0.0005 0.0002 0.0000 0.0002 0.0000 0.0000 0.0000 0.0000 0.0000 7.4865 4.3538 0.0000 0.0000 1.0081 0.2294 0.6230 0.5746 4.0488 1.7666 11.1296 1.0088 5.4171 4.3528 5.9925 10.6200 36.2036 4.3084 1.3197 4.1188 7.0462 0.2319 1.9524 0.5532 0.2254 0.2085 0.1878 0.0341 0.0052 0.4727 0.2025 0.1161 0.2696 0.1370 0.5570 2.0704 9.5242 2.4021 0.6361 3.8096 1.2048 1.4072 0.9441 0.8365 0.4031 1.8656 1.7251 8.0927 0.8227 0.2355 0.2754 0.1607 0.7922 0.0739 0.0345 0.0145 2.1793 1.8099 0.3955 2.6114 0.5753
0.0033 0.0153 0.0000 0.0268 0.0007 0.0051 0.0002 0.0000 0.0002 0.0192 0.0000 0.0001 0.0004 0.0016 0.0002 0.0000 0.0003 0.0001 0.0000 0.0000 0.0000 0.0000 0.0000 0.3003 0.2306 0.0000 0.0000 0.0343 0.1112 0.5904 0.0153 0.2348 0.1654 0.3543 0.2568 0.3637 0.3169 0.0282 1.4215 1.0776 2.2824 0.8769 0.1399 0.2125 0.2343 0.9213 0.1445 0.0155 0.0654 0.0198 0.0049 0.0032 0.0195 0.0102 0.0842 0.0400 1.3672 0.2130 0.1330 0.3042 0.3837 3.3906 1.2421 0.5228 0.4074 0.8170 0.6639 0.2312 0.3442 0.3123
0.0488 0.2167 0.0000 0.1858 0.1779 0.0191 0.0034 0.0014 0.0151 0.1732 0.1280 0.1674 0.1105 0.1292 0.0072 0.0117 0.0125 0.0996 0.0004 0.0428 0.0004 0.0000 0.0001 0.0063 0.0000 0.0000 0.0001 0.0001 0.0003 0.0001 0.0000 0.0000 0.0000 0.0000 0.0000 0.0000 0.0000 0.0156 0.1872 0.0000 0.0000 0.0933 0.0375 0.2865 0.2329 1.7910 0.6485 0.3648 0.7386 0.3196 0.3452 0.0936 0.0978 0.0834 1.1828 4.0405 11.3363 0.9852 0.2432 0.3076 0.3715 1.3267 0.3430 0.3054 0.0229 0.0446 0.2498 0.0941 0.2311 0.0741
0.4747 3.2285 0.0000 11.8590 19.8376 2.7262 0.4428 0.1938 3.4695 4.6068 5.7418 5.2978 1.6323 6.0535 0.5969 1.4601 2.0458 6.0585 0.5415 1.2691 0.0917 0.1643 0.0753 0.5918 0.2827 1.5833 0.9320 0.2142 0.2999 0.9317 0.0390 0.4876 0.0029 0.1150 0.0085 0.0003 0.0010 0.0055 0.0001 0.0005 0.0006 0.0020 0.0009 0.0003 0.0030 0.0008 0.0000 0.0000 0.0000 0.0000 0.0000 0.0829 0.2340 0.0000 0.0000 0.5062 4.6244 1.3548 0.1849 0.7074 1.2809 24.1541 2.9781 3.7897 1.2359 1.1819 3.6579 2.4486 7.5107 6.5824
7.2991 16.8553 0.0000 15.6309 9.9849 0.5426 0.3961 0.2064 0.8255 0.2407 1.1937 0.6334 1.0083 3.0074 2.1614 5.1507 15.7389 91.9585 27.2298 60.3052 2.2973 3.5031 3.1524 7.2879 5.4519 12.3410 4.1055 4.0766 3.7413 17.5830 0.9589 4.4851 0.6470 0.3639 0.1465 0.0689 0.0706 0.0395 0.5338 0.8124 0.4325 0.2877 0.0306 0.0845 0.1103 0.6916 0.0021 0.0222 0.0075 0.0001 0.0004 0.0094 0.0000 0.0001 0.0013 0.0009 0.0279 0.0003 0.0006 0.0001 0.0000 0.0001 0.0000 0.0000 0.0000 0.9903 0.6586 0.0000 0.0000 1.2542
0.0477 0.8923 0.0000 1.1930 3.5620 0.9957 0.2332 0.2604 2.2034 0.5469 0.6086 0.5764 0.3644 3.0786 0.9545 5.4359 1.5198 15.6437 1.0955 1.2678 0.1512 0.4963 0.0458 0.0462 0.1482 0.1980 0.1866 0.1497 0.9968 4.3315 0.5152 4.7540 1.0741 0.7710 0.2380 0.1004 0.2002 0.0679 1.5544 1.4088 0.5775 1.1120 0.0973 0.4916 0.8751 2.1312 0.1417 0.0229 0.0429 0.0068 0.0095 0.0241 0.0219 0.0480 0.3945 0.0537 0.5610 0.0591 0.0130 0.0404 0.0006 0.2166 0.0045 0.0001 0.0002 0.0103 0.0000 0.0001 0.0003 0.0002
0.0018 0.0010 0.0000 0.0005 0.0001 0.0000 0.0000 0.0000 0.0001 0.8589 1.1477 0.0000 0.0000 2.0949 0.2864 2.3720 2.0316 15.3483 16.5718 22.9282 1.2593 6.1177 2.1864 1.0308 0.5685 1.2373 0.9095 2.7186 3.2262 19.9500 9.2768 23.6817 8.6771 2.1145 3.2851 1.7614 0.3213 0.0489 4.4531 1.8996 1.1426 2.6415 1.3429 3.4546 6.0698 16.5554 1.9314 0.3657 0.5112 0.1069 0.1981 0.2873 0.4408 0.4881 5.0132 1.2769 22.7142 5.0138 2.2186 2.6987 0.8977 4.8492 0.6466 0.3035 0.1269 0.3749 0.3114 0.4937 1.3060 0.1743
0.0066 0.0390 0.0000 0.0683 0.0017 0.0130 0.0004 0.0000 0.0005 0.0026 0.0000 0.0000 0.0000 0.0001 0.0002 0.0000 0.0003 0.0001 0.0000 0.0000 0.0000 0.0000 0.0000 0.0072 0.0107 0.0000 0.0000 0.0058 0.0206 0.3236 0.0108 0.1287 0.2243 0.1069 0.0474 0.0610 0.0483 0.0031 0.0722 0.0550 0.0340 0.1909 0.0488 0.3024 0.6901 6.2090 0.3278 0.0210 0.1483 0.0268 0.0110 0.0044 0.0264 0.0138 0.2683 0.1274 4.3367 0.5851 0.1734 0.2352 0.1373 0.8635 0.0742 0.0311 0.0254 0.1106 0.1557 0.1246 0.4115 0.0980
0.2094 2.2899 0.0000 2.4733 1.3506 0.1587 0.0344 0.0141 0.1541 0.0788 0.0583 0.1302 0.0710 0.0609 0.0323 0.0663 0.0712 0.5669 0.0021 0.2437 0.0018 0.0002 0.0004 0.0041 0.0000 0.0001 0.0001 0.0001 0.0013 0.0005 0.0002 0.0001 0.0000 0.0000 0.0000 0.0000 0.0000 0.0040 0.0852 0.0000 0.0000 0.1097 0.0154 0.2171 0.2271 1.3570 2.0685 0.1502 0.3028 0.1316 0.1415 0.0384 0.0403 0.0343 0.3513 0.6216 3.4410 0.6136 0.7623 0.9518 4.2651 4.2321 2.9031 0.9742 0.0883 0.1424 0.7934 0.3002 1.3686 0.5820
0.6596 1.8211 0.0000 1.8749 1.7881 0.2457 0.0399 0.0237 0.3127 0.4153 0.5176 0.5860 0.3972 0.6411 0.2387 0.8059 1.7455 14.1393 1.1284 2.2314 0.1138 0.2030 0.0934 0.0724 0.0346 0.1936 0.1140 0.0261 0.1314 0.8787 0.0367 0.4619 0.0027 0.1090 0.0037 0.0001 0.0009 0.0007 0.0000 0.0001 0.0001 0.0003 0.0004 0.0001 0.0013 0.0003 0.0000 0.0000 0.0000 0.0000 0.0000 0.0101 0.0286 0.0000 0.0000 0.0456 0.5557 0.3009 0.0640 0.1571 1.1976 2.9024 0.3578 0.4574 0.1485 0.1209 0.1159 0.0714 0.2349 0.4079
0.0394 0.4256 0.0000 1.0471 3.5784 4.7161 0.1359 0.4187 2.2135 0.8910 4.4178 2.3545 0.9138 0.7378 0.1345 0.1764 0.2548 1.0834 0.1691 0.3585 0.0177 0.0507 0.0242 0.0496 0.0401 0.1017 0.0607 0.0305 0.0908 0.5893 0.0497 0.4706 0.1931 0.3241 0.3648 0.1716 0.1757 0.0022 0.0300 0.0539 0.0287 0.0191 0.0318 0.3126 0.4084 2.5708 0.0078 0.0822 0.0127 0.0001 0.0014 0.0006 0.0000 0.0000 0.0001 0.0001 0.0514 0.0006 0.0005 0.0000 0.0000 0.0002 0.0000 0.0000 0.0000 0.0143 0.0371 0.0000 0.0000 0.0094
0.0088 0.2083 0.0000 0.2785 3.4852 0.1837 0.0428 0.0480 0.4065 0.1005 0.0857 0.0747 0.0507 0.5655 0.0687 0.1787 1.0915 3.4656 2.7465 1.2405 1.4004 0.4856 0.1252 0.0516 0.1450 0.1938 0.5104 0.3671 0.5962 1.1128 0.0628 0.3408 0.0770 0.0555 0.0171 0.0112 0.0144 0.0049 0.1114 0.1010 0.0671 0.0836 0.0221 0.1274 0.3356 2.1498 0.3477 0.0628 0.1175 0.0187 0.0260 0.0044 0.0040 0.0088 0.0725 0.0099 0.2539 0.0578 0.0127 0.0395 0.0006 0.2119 0.0020 0.0001 0.0002 0.0019 0.0000 0.0000 0.0001 0.0000
0.0003 0.0001 0.0000 0.0001 0.0000 0.0000 0.0000 0.0000 0.0000 0.0278 0.0640 0.0000 0.0000 0.0456 0.0273 0.2261 0.1945 1.4693 2.6873 2.1853 0.1200 0.5856 0.2084 0.0983 0.0544 0.1184 0.0867 0.2591 0.1955 1.4140 0.2082 1.0440 0.8416 1.3523 0.3172 2.2128 0.2055 0.0313 2.8355 1.2149 0.5980 0.3742 0.0681 0.1516 0.2676 0.8957 0.1170 0.0221 0.0401 0.0102 0.0148 0.0174 0.0267 0.0264 0.2210 0.0659 1.0014 0.2210 0.0978 0.2307 0.1733 2.5492 0.4136 0.1941 0.0811 0.0359 0.0298 0.0471 0.1250 0.0166
0.2180 3.6060 0.0000 6.3164 0.1572 1.2040 0.0216 0.0005 0.0495 0.0359 0.0003 0.0003 0.0003 0.0012 0.0118 0.0022 0.0084 0.0014 0.0002 0.0008 0.0000 0.0000 0.0001 0.0998 0.1486 0.0000 0.0000 0.0512 0.0597 0.9456 0.0384 0.3778 1.1152 0.3083 0.1372 0.1758 0.1398 0.0088 0.1377 0.0961 0.0636 0.5529 0.0650 0.2300 0.9367 3.8981 1.1857 1.1202 1.3923 0.5287 10.3423 1.4462 2.9318 1.5279 11.6202 1.4806 12.2898 0.7805 0.2313 0.3124 0.1823 1.1518 0.0985 0.0466 0.0340 0.1482 0.2085 0.1654 0.5465 0.1655
0.0129 0.1035 0.0000 0.3735 0.6787 0.2171 0.1663 0.0682 0.7460 0.0072 0.0053 0.0119 0.0065 0.0056 0.0130 0.4982 0.4555 4.2601 0.0084 0.9950 0.0019 0.0002 0.0018 0.0004 0.0000 0.0000 0.0000 0.0000 0.0013 0.0005 0.0001 0.0000 0.0000 0.0000 0.0000 0.0000 0.0000 0.0002 0.0078 0.0000 0.0000 0.0049 0.0007 0.0101 0.0128 0.0632 0.0964 0.0070 0.0141 0.0061 0.0066 0.0018 0.0019 0.0016 0.0164 0.0290 0.1116 0.0275 0.0212 0.0265 0.0552 1.4244 0.0581 0.1790 0.2262 6.4662 0.9444 0.3573 0.2743 0.0343
0.0449 0.1246 0.0000 0.1540 0.1652 0.0226 0.0047 0.0031 0.0356 0.0382 0.0476 0.0481 0.0272 0.0529 0.0197 0.0551 0.1194 0.9672 0.2568 1.2678 0.2287 0.7250 0.3336 0.0095 0.0046 0.0255 0.0151 0.0034 0.0756 7.6309 0.2272 4.0996 0.0107 0.4301 0.0067 0.0002 0.0036 0.0001 0.0000 0.0000 0.0000 0.0000 0.0006 0.0002 0.0010 0.0001 0.0000 0.0000 0.0000 0.0000 0.0000 0.0013 0.0038 0.0000 0.0000 0.0042 0.8160 0.4419 0.0940 0.2307 1.7587 4.2622 0.5255 0.6716 0.2181 0.1775 0.1702 0.1049 0.3450 0.5991
0.0932 1.0064 0.0000 2.4761 8.4616 4.7485 0.3213 0.9900 10.8809 7.4516 53.7382 19.6913 1.5384 1.2367 0.3193 0.4172 0.6026 2.5618 0.3999 0.8478 0.0419 0.1198 0.0573 0.1173 0.0949 0.2405 0.1434 0.0722 0.2148 1.3934 0.1175 1.1127 0.3237 0.5432 0.5803 0.2730 0.2795 0.0053 0.0710 0.1276 0.0679 0.0452 0.0751 2.6256 3.4305 21.5008 0.0652 0.6877 0.0497 0.0005 0.0120 0.0015 0.0000 0.0000 0.0002 0.0001 0.1821 0.0023 0.0017 0.0001 0.0001 0.0008 0.0000 0.0000 0.0000 0.0339 0.0876 0.0000 0.0000 0.0223
0.0031 0.0731 0.0000 0.0978 1.2240 0.0645 0.0150 0.0168 0.1428 0.0353 0.0301 0.0261 0.0178 0.1986 0.0161 0.0606 0.2293 0.7248 0.3620 3.1477 0.0500 0.6726 0.3095 0.4061 1.3014 3.3718 0.1461 0.0314 0.0755 0.1896 0.0107 0.0716 0.0180 0.0130 0.0052 0.0039 0.0042 0.0011 0.0261 0.0212 0.0114 0.0167 0.0038 0.0217 0.0574 0.2713 0.0409 0.0180 0.0876 0.0139 0.0193 0.0016 0.0014 0.0031 0.0255 0.0035 0.3870 0.5186 0.1138 0.3562 0.0054 1.9020 0.0084 0.0003 0.0018 0.0007 0.0000 0.0000 0.0000 0.0000
0.0024 0.0013 0.0000 0.0001 0.0001 0.0000 0.0000 0.0000 0.0001 0.0237 0.0546 0.0000 0.0000 0.0261 0.0213 0.1768 0.1521 1.1492 2.1019 1.7093 0.0939 0.4581 0.1630 0.0772 0.0456 0.1079 0.0736 0.2027 0.4829 1.9231 0.1990 2.0833 1.2272 1.4922 1.2061 0.8811 0.9019 0.0497 2.2275 0.9502 5.5290 2.5176 0.3120 0.5148 0.9085 2.4778 0.2878 0.0545 0.0765 0.0110 0.0296 0.0432 0.0663 0.0727 0.7471 0.2305 4.0821 0.7471 0.3306 1.0531 1.1657 17.1486 1.9634 0.9174 0.3835 0.0281 0.0233 0.0370 0.0978 0.0130
0.0147 0.3509 0.0000 0.6146 0.0106 0.0812 0.0015 0.0000 0.0033 0.0024 0.0000 0.0000 0.0000 0.0001 0.0008 0.0001 0.0006 0.0001 0.0000 0.0001 0.0000 0.0000 0.0000 0.0103 0.0100 0.0000 0.0000 0.0115 0.0149 0.2378 0.0080 0.0950 0.2805 0.0776 0.0345 0.0442 0.0350 0.0022 0.0651 0.0439 0.0271 0.1491 0.0389 0.1382 0.4450 2.3429 0.6503 0.0611 0.7504 0.0554 0.0770 0.0182 0.0547 0.0285 1.8741 5.4018 6.7701 0.7877 0.1996 0.2536 0.1636 1.0245 0.1094 0.0693 0.0567 0.2469 0.3458 0.1846 0.7163 0.2756
0.0875 0.6006 0.0000 2.8650 4.5883 0.4941 0.0868 0.0356 0.3894 0.0073 0.0054 0.0121 0.0066 0.0057 0.0030 0.0255 0.0233 0.2172 0.0005 0.0647 0.0003 0.0000 0.0001 0.0004 0.0000 0.0000 0.0000 0.0000 0.0002 0.0001 0.0000 0.0000 0.0000 0.0000 0.0000 0.0000 0.0000 0.0013 0.0079 0.0000 0.0000 0.0329 0.0047 0.0657 0.0688 0.4109 0.4269 0.0455 0.0921 0.0398 0.0429 0.0117 0.0232 0.0216 0.2062 0.2320 4.0738 0.5521 0.2998 0.7815 0.6489 0.8735 0.6231 0.2002 0.0568 0.0404 0.1638 0.0617 0.8843 0.3761
1.3522 2.5556 0.0000 2.6311 2.5092 0.3448 0.0560 0.0205 0.4389 0.5827 0.7263 0.8224 0.5574 0.8996 0.3349 1.1309 2.4602 10.8299 0.8643 1.7091 0.0868 0.1555 0.0712 0.0260 0.0124 0.0695 0.0409 0.0094 0.0472 0.2150 0.0090 0.1125 0.0007 0.0267 0.0013 0.0000 0.0002 0.0002 0.0000 0.0000 0.0000 0.0001 0.0001 0.0001 0.0005 0.0001 0.0000 0.0000 0.0000 0.0000 0.0000 0.0091 0.0103 0.0000 0.0000 0.0643 0.3291 0.1648 0.0290 0.0860 0.3872 1.7192 0.2120 0.2697 0.0880 0.0713 0.1911 0.1285 0.3941 0.4351
0.1596 0.8960 0.0000 2.9645 1.8937 0.0749 0.0751 0.0286 0.1566 0.0338 0.1647 0.0878 0.1912 0.9620 0.4099 2.8524 2.9462 9.0737 1.0670 2.2428 0.0580 0.1397 0.1257 0.3184 0.2565 0.8086 0.6983 0.2754 0.9583 7.4002 0.4143 1.4346 0.2410 0.1356 0.0453 0.0214 0.0218 0.0011 0.0148 0.0265 0.0141 0.0094 0.0033 0.0117 0.0152 0.0959 0.0003 0.0031 0.0008 0.0000 0.0001 0.0003 0.0000 0.0000 0.0000 0.0000 0.0030 0.0000 0.0001 0.0000 0.0000 0.0000 0.0000 0.0000 0.0000 0.0411 0.0182 0.0000 0.0000 0.0636
0.0042 0.0782 0.0000 0.1045 0.4289 0.0872 0.0203 0.0227 0.1931 0.0477 0.1138 0.1078 0.0681 0.4835 0.1785 0.3511 0.2942 2.6808 0.2503 0.1527 0.0361 0.0598 0.0137 0.0057 0.0179 0.0239 0.0561 0.0646 0.2996 2.8518 0.3590 1.6499 0.3131 0.2238 0.0461 0.0293 0.0586 0.0199 0.4532 0.4640 0.3625 0.3961 0.0610 0.3085 0.5327 0.9236 0.0801 0.0118 0.0180 0.0028 0.0040 0.0021 0.0019 0.0042 0.0344 0.0047 0.0529 0.0071 0.0016 0.0049 0.0001 0.0261 0.0004 0.0000 0.0000 0.0009 0.0000 0.0000 0.0000 0.0000
0.0000 0.0000 0.0000 0.0000 0.0000 0.0000 0.0000 0.0000 0.0000 0.0165 0.0066 0.0000 0.0000 0.0413 0.0034 0.0223 0.0140 0.1448 0.0632 0.2724 0.0150 0.0730 0.0260 0.0123 0.0190 0.0450 0.0306 0.0584 0.2006 0.7584 0.0146 0.2102 0.0317 0.0081 0.0125 0.0067 0.0028 0.0002 0.0169 0.0072 0.0125 0.0392 0.0148 0.1113 0.4137 2.0671 0.1873 0.0352 0.0329 0.0071 0.0192 0.0279 0.0427 0.0532 0.3569 0.1328 0.8267 0.1594 0.0462 0.0399 0.0173 0.0853 0.0079 0.0037 0.0016 0.0045 0.0037 0.0059 0.0156 0.0021
0.0203 0.0935 0.0000 0.1638 0.0041 0.0314 0.0012 0.0000 0.0013 0.0196 0.0000 0.0002 0.0001 0.0006 0.0006 0.0001 0.0009 0.0003 0.0000 0.0000 0.0000 0.0000 0.0000 0.3133 0.0810 0.0000 0.0000 0.3580 0.1801 1.5575 0.0403 0.6195 0.4363 0.9346 0.4141 0.5330 0.4219 0.0307 1.5557 1.1742 0.7250 3.2355 0.8447 1.6230 0.9766 7.0362 0.5451 0.0408 0.2575 0.0522 0.0264 0.0085 0.0514 0.0269 0.6431 0.4559 10.3957 2.5365 1.5834 3.6381 9.4987 51.3093 2.6128 1.6561 1.3541 5.5958 7.8384 4.5842 6.8530 3.9534
0.6853 4.7847 0.0000 2.3491 2.4980 0.2690 0.0472 0.0194 0.2120 0.2093 0.1547 0.3006 0.1639 0.1400 0.0212 0.0341 0.0366 0.2913 0.0011 0.1252 0.0011 0.0001 0.0002 0.0094 0.0000 0.0001 0.0001 0.0001 0.0009 0.0003 0.0001 0.0001 0.0000 0.0000 0.0000 0.0000 0.0000 0.0545 0.2262 0.0000 0.0000 1.3095 0.0260 0.1991 0.1618 1.2447 0.4526 0.2547 0.5133 0.2231 0.2399 0.1050 0.3529 0.3282 3.1308 2.0432 45.3879 2.6305 0.2670 0.9525 0.3706 0.9261 0.3575 0.2132 0.0326 0.0312 0.1736 0.0654 0.5051 0.3484
0.0388 0.4101 0.0000 1.5063 5.5675 1.3479 0.0999 0.0556 1.1898 1.4670 1.4018 1.1202 0.3452 1.2800 0.1262 0.3088 0.4326 0.7336 0.1145 0.1894 0.0079 0.0140 0.0064 0.0172 0.0082 0.0284 0.0167 0.0039 0.0054 0.0167 0.0007 0.0088 0.0001 0.0021 0.0002 0.0000 0.0000 0.0001 0.0000 0.0000 0.0000 0.0001 0.0000 0.0000 0.0001 0.0000 0.0000 0.0000 0.0000 0.0000 0.0000 0.0238 0.0068 0.0000 0.0000 0.1070 0.1639 0.0295 0.0041 0.0154 0.0280 0.5256 0.1056 0.1491 0.0813 0.1161 0.6358 0.2405 0.7378 0.1108
2.7179 6.9074 0.0000 6.4057 4.0919 0.2875 0.1616 0.1098 0.3368 0.1276 0.6325 0.3371 0.4132 2.2778 0.8857 2.2144 6.6786 39.0217 18.1762 53.8968 23.6435 24.3606 21.8267 24.8077 11.5937 13.0718 4.5820 7.3786 6.7716 13.9101 0.9030 2.4184 1.1710 0.6615 0.2208 0.1039 0.1064 0.0949 1.2824 0.7043 0.6960 0.6280 0.0163 0.0448 0.0585 0.3665 0.0011 0.0118 0.0040 0.0000 0.0002 0.0152 0.0000 0.0001 0.0032 0.0022 0.0202 0.0002 0.0005 0.0001 0.0000 0.0001 0.0000 0.0000 0.0000 6.8865 1.5823 0.0000 0.0000 2.2800
0.0115 0.0892 0.0000 0.1193 0.3561 0.1454 0.0560 0.0691 1.3199 0.5267 2.8000 1.3677 0.3913 0.4477 0.1667 0.1557 0.1130 0.7018 0.1058 0.1268 0.0145 0.0496 0.0041 0.0046 0.0148 0.0198 0.0148 0.0328 0.0781 0.5674 0.0666 0.6146 0.4641 0.4679 0.7051 1.6481 0.8971 0.1413 1.8212 0.6498 0.2069 0.9604 0.0670 0.1221 0.2478 0.3323 0.0835 0.0123 0.0187 0.0030 0.0041 0.0232 0.0210 0.0115 0.2363 0.0436 0.0561 0.0059 0.0013 0.0040 0.0001 0.0217 0.0004 0.0000 0.0000 0.0062 0.0000 0.0000 0.0003 0.0002
0.0001 0.0000 0.0000 0.0000 0.0000 0.0000 0.0000 0.0000 0.0000 1.6809 0.1909 0.0000 0.0000 0.3499 0.0164 0.0453 0.0306 0.2929 0.1278 0.8051 0.0723 0.3885 0.2321 0.1936 0.6099 0.8150 0.5563 0.1502 0.6221 1.1117 0.0215 0.3080 0.0464 0.0163 0.0184 0.0136 0.0041 0.0004 0.0342 0.0146 0.0185 0.1189 0.0216 0.1395 0.5116 2.3637 0.9216 0.2440 1.6656 0.3590 1.1980 0.6353 0.5629 0.2486 1.2178 1.1609 5.4459 0.3806 0.1297 0.0865 0.1082 0.5354 0.0497 0.0232 0.0098 0.0704 0.0585 0.0284 0.1393 0.0252
0.0014 0.0065 0.0000 0.0115 0.0003 0.0022 0.0001 0.0000 0.0001 0.0060 0.0000 0.0000 0.0001 0.0003 0.0001 0.0000 0.0001 0.0000 0.0000 0.0000 0.0000 0.0000 0.0000 0.5271 0.0439 0.0000 0.0000 0.1358 0.0213 0.1846 0.0048 0.0738 0.0517 0.1108 0.0491 0.0648 0.0840 0.0121 1.2925 0.3677 0.2270 0.3852 0.1107 0.1924 0.1158 0.8341 0.0649 0.0048 0.0305 0.0062 0.0032 0.0010 0.0061 0.0032 0.0769 0.1012 1.2377 0.3060 0.1885 0.4313 0.7844 6.9315 1.3981 0.9176 0.7246 5.4621 3.9462 0.8149 1.2891 1.2061
2.5066 7.6493 0.0000 4.4509 11.2129 0.9838 0.1728 0.0712 0.7754 0.8427 0.7348 0.4291 0.3929 0.4573 0.0302 0.0486 0.0522 0.4159 0.0015 0.1788 0.0016 0.0002 0.0003 0.0225 0.0000 0.0001 0.0006 0.0007 0.0013 0.0005 0.0001 0.0001 0.0000 0.0000 0.0000 0.0000 0.0000 0.5768 1.0746 0.0000 0.0000 4.7899 0.0590 0.4511 0.3666 2.8196 1.0253 0.5768 1.1627 0.5054 0.5434 0.3185 2.2737 0.8112 7.7374 4.6283 81.2630 5.9846 0.6048 2.1670 0.8396 2.0978 0.8098 0.4829 0.0745 0.0706 0.3933 0.1488 1.1542 1.4841
0.0401 0.4323 0.0000 1.5674 4.3838 0.6865 0.1982 0.1112 2.3486 4.7999 6.9982 1.7478 0.5674 3.4127 0.3365 0.3598 0.6001 1.0175 0.3730 0.5071 0.0210 0.0374 0.0172 0.0201 0.0113 0.0295 0.0174 0.0053 0.0056 0.0173 0.0007 0.0091 0.0001 0.0021 0.0002 0.0000 0.0000 0.0001 0.0000 0.0000 0.0000 0.0001 0.0000 0.0000 0.0001 0.0000 0.0000 0.0000 0.0000 0.0000 0.0000 0.0755 0.0094 0.0000 0.0000 0.2866 0.2754 0.0884 0.0114 0.0462 0.0840 1.4385 0.1774 0.2267 0.0736 0.0596 0.2720 0.1158 0.3551 0.3920
0.1082 0.4250 0.0000 0.3941 0.2518 0.0122 0.0099 0.0047 0.0207 0.0054 0.0269 0.0143 0.0253 0.1408 0.0545 0.2288 0.6992 4.0673 1.2044 2.5314 0.0969 0.2333 0.2100 0.5296 0.4285 1.6289 0.4945 0.4481 0.4113 1.4373 0.0784 0.2099 0.0714 0.0402 0.0134 0.0063 0.0065 0.0007 0.0093 0.0167 0.0089 0.0059 0.0007 0.0019 0.0025 0.0156 0.0001 0.0005 0.0002 0.0000 0.0000 0.0002 0.0000 0.0000 0.0000 0.0000 0.0006 0.0000 0.0000 0.0000 0.0000 0.0000 0.0000 0.0000 0.0000 0.0686 0.0115 0.0000 0.0000 0.1034
0.0059 0.1106 0.0000 0.1479 0.5812 0.1235 0.0289 0.0323 0.2732 0.0678 0.2825 0.1600 0.1012 0.7210 0.2661 0.4991 0.4004 3.6481 0.3391 0.2068 0.0489 0.0810 0.0186 0.0077 0.0242 0.0323 0.0760 0.1329 0.4060 3.8808 0.4596 2.3451 0.7773 0.5556 0.1807 0.1153 0.2299 0.0779 1.7774 1.8762 1.5577 1.6087 0.2479 0.8319 1.4178 1.9011 0.3075 0.0454 0.0693 0.0110 0.0152 0.0030 0.0027 0.0060 0.0489 0.0066 0.0717 0.0096 0.0021 0.0066 0.0001 0.0353 0.0006 0.0000 0.0000 0.0013 0.0000 0.0000 0.0000 0.0000
0.0000 0.0000 0.0000 0.0000 0.0000 0.0000 0.0000 0.0000 0.0000 0.0404 0.0058 0.0000 0.0000 0.1034 0.0024 0.0110 0.0073 0.0712 0.0311 0.1948 0.0107 0.0522 0.0187 0.0129 0.0394 0.0543 0.0371 0.0450 0.1545 0.3728 0.0075 0.1033 0.0163 0.0040 0.0064 0.0033 0.0017 0.0001 0.0083 0.0035 0.0078 0.0502 0.0076 0.0589 0.2097 0.8878 0.2401 0.0451 0.1081 0.0232 0.0631 0.0919 0.1404 0.1019 0.5145 0.6539 2.2909 0.1601 0.0548 0.0364 0.0457 0.2252 0.0209 0.0098 0.0041 0.0047 0.0039 0.0042 0.0111 0.0016
0.0008 0.0039 0.0000 0.0068 0.0002 0.0013 0.0001 0.0000 0.0001 0.0012 0.0000 0.0000 0.0000 0.0001 0.0000 0.0000 0.0000 0.0000 0.0000 0.0000 0.0000 0.0000 0.0000 0.0867 0.0072 0.0000 0.0000 0.1044 0.0070 0.0795 0.0027 0.0318 0.0553 0.0366 0.0162 0.0209 0.0165 0.0015 0.1328 0.0586 0.0362 0.1266 0.0332 0.0892 0.1703 1.0039 0.0950 0.0052 0.0449 0.0066 0.0056 0.0013 0.0065 0.0034 0.1352 0.1779 1.8123 0.5380 0.1873 0.2380 0.2425 1.5126 0.2230 0.1407 0.1156 0.5010 0.7048 0.3697 1.3264 0.5592
0.2785 0.7756 0.0000 0.4513 0.9265 0.0998 0.0175 0.0072 0.0786 0.0072 0.0053 0.0081 0.0044 0.0042 0.0015 0.0030 0.0032 0.0256 0.0001 0.0110 0.0001 0.0000 0.0000 0.0003 0.0000 0.0000 0.0000 0.0000 0.0001 0.0000 0.0000 0.0000 0.0000 0.0000 0.0000 0.0000 0.0000 0.0034 0.0078 0.0000 0.0000 0.0957 0.0010 0.0136 0.0142 0.0852 0.0766 0.0101 0.0203 0.0088 0.0095 0.0026 0.0092 0.0072 0.0687 0.0776 1.3634 0.1701 0.0621 0.2067 0.0862 0.1568 0.0832 0.0361 0.0076 0.0054 0.0294 0.0111 0.1175 0.1303
0.1016 1.5677 0.0000 1.3038 1.8085 0.2464 0.0299 0.0165 0.3542 0.4683 0.5862 0.7369 0.5894 0.8681 0.3246 1.5328 1.8280 3.0998 0.4154 0.6901 0.0286 0.0509 0.0234 0.0047 0.0023 0.0127 0.0075 0.0017 0.0081 0.0319 0.0013 0.0168 0.0001 0.0039 0.0002 0.0000 0.0000 0.0000 0.0000 0.0000 0.0000 0.0000 0.0000 0.0000 0.0001 0.0000 0.0000 0.0000 0.0000 0.0000 0.0000 0.0074 0.0019 0.0000 0.0000 0.0545 0.0883 0.0478 0.0084 0.0248 0.1118 0.4610 0.0568 0.0723 0.0236 0.0191 0.0512 0.0244 0.0749 0.0831
0.0546 0.3104 0.0000 1.1205 0.9794 0.0387 0.0389 0.0148 0.0810 0.0175 0.0856 0.0454 0.0989 0.7050 0.2129 0.7609 0.9437 3.0358 0.6074 1.2767 0.0434 0.1046 0.0942 0.2385 0.1921 0.5088 0.4394 0.2062 0.7177 4.6563 0.5076 1.0514 0.2284 0.1285 0.0429 0.0203 0.0206 0.0005 0.0071 0.0127 0.0068 0.0045 0.0017 0.0061 0.0079 0.0496 0.0001 0.0016 0.0004 0.0000 0.0000 0.0001 0.0000 0.0000 0.0000 0.0000 0.0016 0.0000 0.0000 0.0000 0.0000 0.0000 0.0000 0.0000 0.0000 0.0328 0.0087 0.0000 0.0000 0.0476
0.0105 0.2484 0.0000 0.3321 4.1569 0.2191 0.0511 0.0573 0.4849 0.1198 0.1709 0.1619 0.1023 0.7264 0.2681 0.5557 1.4771 9.7925 3.2758 1.4796 0.4723 0.5792 0.1801 0.0742 0.1730 0.2311 0.7342 1.8517 2.1406 7.3201 0.3534 1.7954 0.4503 0.3205 0.0879 0.0559 0.1119 0.0378 0.8651 0.7344 0.5737 0.7795 0.2062 1.1874 3.1283 34.6919 1.7613 0.2602 0.3951 0.0631 0.0873 0.0053 0.0048 0.0106 0.0868 0.0118 0.3029 0.0689 0.0151 0.0473 0.0007 0.2528 0.0024 0.0001 0.0002 0.0023 0.0000 0.0000 0.0001 0.0001
0.0001 0.0000 0.0000 0.0000 0.0000 0.0000 0.0000 0.0000 0.0000 0.0325 0.0162 0.0000 0.0000 0.0787 0.0019 0.0155 0.0132 0.1005 0.1838 0.1495 0.0082 0.0401 0.0142 0.0067 0.0242 0.0258 0.0176 0.0214 0.0734 0.2611 0.0270 0.2829 0.1527 0.0747 0.1468 0.0441 0.0450 0.0025 0.1111 0.0476 0.2014 1.2962 0.0388 0.1538 0.2320 0.5901 0.1141 0.0214 0.0514 0.0111 0.0300 0.0531 0.0815 0.0486 0.5403 0.2331 4.1285 0.4071 0.1809 0.4515 2.1043 5.8370 0.5422 0.2533 0.1064 0.0024 0.0020 0.0032 0.0085 0.0011
0.0862 2.0646 0.0000 3.6165 0.0622 0.4761 0.0085 0.0002 0.0196 0.0248 0.0001 0.0002 0.0002 0.0008 0.0047 0.0009 0.0033 0.0010 0.0001 0.0003 0.0000 0.0000 0.0000 1.5795 0.1022 0.0000 0.0000 1.3658 0.2826 4.4968 0.1506 1.7965 5.3034 1.4664 0.6526 0.8362 0.6620 0.0420 1.9377 0.8559 0.5284 2.6297 0.4845 1.6762 5.4192 28.4098 8.6414 2.7716 10.1469 2.5143 3.4805 0.8244 2.4735 1.2891 84.6882 37.5069 89.9593 11.4198 2.8935 3.6604 3.5554 22.1742 3.2544 2.0628 1.6939 7.3437 10.3317 5.4190 19.3592 8.1972
0.2781 1.1971 0.0000 3.3859 14.5758 6.8717 0.9215 0.3778 4.1163 0.0148 0.0109 0.0243 0.0133 0.0114 0.0147 0.1226 0.1121 1.0436 0.0026 0.3111 0.0013 0.0001 0.0006 0.0008 0.0000 0.0000 0.0000 0.0000 0.0011 0.0004 0.0001 0.0000 0.0000 0.0000 0.0000 0.0000 0.0000 0.0040 0.0159 0.0000 0.0000 0.1047 0.0022 0.0303 0.0384 0.1895 0.2889 0.0210 0.0423 0.0184 0.0198 0.0054 0.0095 0.0051 0.0491 0.0868 0.7430 0.1007 0.0637 0.1425 0.2168 6.3485 0.5197 0.5366 0.5599 0.3965 0.8007 0.3029 2.4544 0.8655
0.0628 0.2838 0.0000 0.2330 0.3715 0.0504 0.0141 0.0078 0.1665 0.2201 0.2755 0.2036 0.1499 0.4080 0.1525 0.2301 0.4984 3.1632 1.9900 11.0491 2.6804 3.6337 1.6646 0.0045 0.0021 0.0120 0.0070 0.0016 0.0355 0.7753 0.0276 0.4075 0.0013 0.0522 0.0016 0.0001 0.0004 0.0000 0.0000 0.0000 0.0000 0.0000 0.0002 0.0001 0.0003 0.0000 0.0000 0.0000 0.0000 0.0000 0.0000 0.0037 0.0018 0.0000 0.0000 0.0256 0.0441 0.0239 0.0051 0.0125 0.0950 0.2302 0.0285 0.0363 0.0118 0.0096 0.0156 0.0061 0.0186 0.0325
0.0264 0.1564 0.0000 0.5671 1.4162 0.9017 0.1396 0.1270 3.4397 1.3198 1.3346 0.7113 1.1878 2.6926 0.1673 0.2648 0.3269 1.0563 0.2451 0.5151 0.0337 0.0815 0.0730 0.1850 0.1490 0.2761 0.2204 0.1606 0.5567 1.6132 0.1360 1.3693 1.3843 2.6134 3.8870 6.9052 4.9887 0.0007 0.0091 0.0163 0.0087 0.0058 0.0096 0.3890 0.4844 2.9968 0.0030 0.0317 0.0039 0.0000 0.0006 0.0002 0.0000 0.0000 0.0000 0.0000 0.0156 0.0002 0.0001 0.0000 0.0000 0.0001 0.0000 0.0000 0.0000 0.0259 0.0112 0.0000 0.0000 0.0369
0.0022 0.0511 0.0000 0.0683 0.8552 0.0451 0.0105 0.0118 0.0997 0.0246 0.0358 0.0196 0.0124 0.1388 0.0250 0.0517 0.1602 0.9118 0.3328 3.2692 0.1192 0.4699 0.5374 0.3934 0.2571 0.3421 0.6168 0.3760 0.2165 0.6582 0.0318 0.1614 0.0607 0.0432 0.0229 0.0146 0.0291 0.0098 0.2252 0.1337 0.0962 0.2029 0.0537 0.1381 0.3637 1.8255 0.9571 0.4725 3.1971 1.3596 3.4183 0.0011 0.0010 0.0022 0.0179 0.0024 0.2716 0.4202 0.0879 0.2716 0.0014 0.4775 0.0035 0.0001 0.0004 0.0005 0.0000 0.0000 0.0000 0.0000
0.0021 0.0011 0.0000 0.0001 0.0001 0.0000 0.0000 0.0000 0.0001 0.1804 0.0697 0.0000 0.0000 0.4287 0.4500 0.5365 1.2033 3.4867 1.3063 8.2293 0.7459 4.0054 3.2185 19.5697 2.8959 5.3184 0.9086 0.9758 0.8686 3.6610 0.1714 0.8748 0.4073 0.1667 0.1542 0.1388 0.0252 0.0039 0.3495 0.1491 0.0737 0.1097 0.0488 0.1351 0.5019 2.3190 0.5066 0.1341 0.8069 0.2541 0.2968 0.2125 0.1835 0.0907 0.4330 0.3638 1.7066 0.1934 0.0805 0.1116 0.0371 0.3128 0.0510 0.0238 0.0099 125.0464 50.1761 0.7759 5.6626 18.4943
0.0187 0.0330 0.0000 0.0579 0.0014 0.0111 0.0011 0.0000 0.0004 0.7331 0.0000 0.0021 0.0225 0.0983 0.0013 0.0001 0.0073 0.0027 0.0000 0.0001 0.0000 0.0000 0.0000 0.2300 0.5903 0.0000 0.0000 0.0211 0.2279 0.6990 0.0462 0.2793 0.1967 0.4213 0.3081 0.4363 0.7801 0.7459 3.1380 1.5659 0.2420 0.7522 0.0509 0.1904 0.2786 0.7119 0.1719 0.0184 0.0774 0.0235 0.0058 0.0038 0.0232 0.0121 0.0922 0.0281 0.8386 0.0890 0.0556 0.1277 0.1395 1.2330 0.4537 0.4201 0.1482 0.3743 0.2963 0.0898 0.1378 0.1136
0.0013 0.0063 0.0000 0.0092 0.0050 0.0009 0.0003 0.0001 0.0013 2.3532 6.1772 0.0243 0.0397 1.0452 0.0010 0.0010 0.0011 0.0084 0.0000 0.0036 0.0001 0.0000 0.0000 0.0156 0.0000 0.0001 0.0028 0.0033 0.0001 0.0000 0.0001 0.0000 0.0000 0.0000 0.0000 0.0000 0.0000 0.0013 0.0949 0.0000 0.0000 0.0024 0.2684 0.1220 0.1746 0.7624 0.0580 0.0431 0.2328 0.0472 0.0508 0.0151 0.0144 0.0123 0.1249 0.1357 0.5233 0.0886 0.0218 0.0275 0.0332 0.1193 0.0307 0.0273 0.0020 0.0040 0.0224 0.0084 0.0207 0.0062
0.0192 0.0893 0.0000 0.3282 0.5098 0.0701 0.0240 0.0159 0.1798 0.1184 0.1476 0.1361 0.0431 0.1556 0.0153 0.0390 0.0795 0.2803 0.0224 0.0632 0.0046 0.0082 0.0037 0.1291 0.0395 9.5473 0.5834 0.0648 0.0952 0.0464 0.0019 0.0243 0.0001 0.0058 0.0027 0.0001 0.0001 0.0034 0.0000 0.0002 0.0002 0.0007 0.0003 0.0001 0.0013 0.0003 0.0000 0.0000 0.0000 0.0000 0.0000 0.0068 0.0192 0.0000 0.0000 0.0130 6.9183 0.5415 0.2767 0.2827 0.1532 2.8762 0.9047 0.8232 0.6036 0.5747 0.4711 0.2903 0.4593 0.4043
0.1530 1.1305 0.0000 0.9041 1.7924 0.1392 0.0678 0.0532 0.1032 0.0618 0.3063 0.1632 0.0823 0.1581 0.0992 0.1612 0.4926 2.8780 0.6562 1.3853 0.2081 0.8061 0.2843 0.3232 0.1550 0.3587 0.1225 0.1185 0.1087 0.5338 0.0422 0.2347 0.0302 0.0291 0.0170 0.0080 0.0082 0.1037 0.9768 2.6304 10.8019 1.4275 0.0658 0.0217 0.0283 0.1774 0.0005 0.0057 0.0154 0.0001 0.0002 0.1004 0.0000 0.0004 0.0074 0.0052 0.1207 0.0009 0.0028 0.0004 0.0000 0.0005 0.0000 0.0000 0.0000 0.2279 0.5899 0.0000 0.0000 0.0366
0.0647 0.2212 0.0000 0.2945 0.5423 0.2224 0.0856 0.1056 2.0184 2.9496 0.7178 0.6123 0.1648 0.6846 0.0555 0.1436 0.1728 0.5559 0.1611 0.1938 0.0222 0.0755 0.0062 0.0071 0.0227 0.0301 0.0165 0.0085 0.0493 0.1546 0.0184 0.1697 0.0622 0.0448 0.0737 0.0753 0.0591 0.0090 0.1189 0.0667 0.0206 0.0635 0.0044 0.0175 0.0433 0.1207 0.0080 0.0020 0.0054 0.0009 0.0012 1.5865 1.2552 0.0647 1.6964 16.8478 0.3325 0.0090 0.0020 0.0062 0.0001 0.0331 0.0025 0.0001 0.0000 0.3018 0.0000 0.0007 0.0396 0.0269
0.0002 0.0001 0.0000 0.0002 0.0000 0.0000 0.0000 0.0000 0.0000 0.0403 0.1150 0.0000 0.0000 0.0087 0.0347 0.4167 1.5764 2.7083 0.2485 0.4387 0.0301 0.1171 0.0418 0.0212 0.0109 0.0237 0.0173 0.0520 0.0393 0.2839 0.0327 0.1635 0.0778 0.1382 0.0295 0.0631 0.0210 0.0032 0.2911 0.1242 0.0335 0.0210 0.0093 0.0239 0.0421 0.1798 0.0234 0.0044 0.0080 0.0020 0.0030 0.0035 0.0053 0.0053 0.0346 0.0132 0.1568 0.0346 0.0154 0.0213 0.0097 0.1422 0.0423 0.0198 0.0083 0.0187 0.0101 0.0599 0.2085 0.0130
12.6876 0.4882 0.0000 0.8551 0.0306 0.1630 0.1026 0.0020 0.0168 0.2112 0.0010 0.0038 0.0016 0.0039 0.1697 0.0322 0.1207 0.0241 0.0025 0.0112 0.0000 0.0001 0.0007 0.0264 0.0393 0.0001 0.0000 0.0136 0.0752 1.1960 0.0485 0.4778 1.4105 0.3900 0.1728 0.2224 0.1761 0.0112 0.1742 0.1216 0.0805 0.6963 0.0399 0.2575 1.1796 2.9618 1.2328 0.9532 0.5576 0.6658 1.9925 1.7976 4.2629 2.2216 3.7923 0.4832 4.0992 0.3501 0.1033 0.1727 0.1124 0.7100 0.0788 0.0590 0.0258 0.0906 0.1274 0.0915 0.2451 0.0717
0.0073 0.0705 0.0000 0.1883 0.3378 0.1076 0.0824 0.0705 0.7685 0.0138 0.0102 0.0228 0.0124 0.0106 0.0250 8.5952 2.8357 32.6890 0.0418 4.9390 0.0095 0.0011 0.0087 0.0007 0.0000 0.0000 0.0000 0.0000 0.0065 0.0024 0.0003 0.0001 0.0000 0.0000 0.0000 0.0000 0.0000 0.0004 0.0149 0.0000 0.0000 0.0043 0.0014 0.0201 0.0360 0.1257 0.1916 0.0139 0.0281 0.0122 0.0131 0.0036 0.0037 0.0032 0.0325 0.0576 0.2220 0.0549 0.0422 0.0527 0.1098 2.8324 0.1014 0.3559 0.2737 0.6175 1.8863 0.7105 0.3320 0.0415
