0.2997 0.2913 0.0000 0.3002 0.2916 0.2706 0.2569 0.2428 0.2983 0.2692 0.2637 0.2589 0.2483 0.2943 0.2350 0.2563 0.2624 0.2941 0.2614 0.2689 0.2186 0.2448 0.1987 0.2029 0.2210 0.2276 0.2149 0.2035 0.2357 0.2633 0.2140 0.2625 0.2394 0.2328 0.2240 0.2184 0.2198 0.1872 0.2502 0.2418 0.2179 0.2397 0.1882 0.2155 0.2342 0.2587 0.2041 0.1790 0.1968 0.1669 0.1724 0.2190 0.2103 0.2900 0.3046 0.2430 0.2940 0.2064 0.1803 0.1990 0.1428 0.2344 0.1948 0.1465 0.1324 0.2273 0.1197 0.1437 0.1637 0.1572
0.5787 0.5583 0.0000 0.5502 0.4834 0.4264 0.2806 0.2738 0.4474 0.8549 0.9131 0.3806 0.2468 0.8272 0.9508 1.2459 1.1326 1.4320 1.1023 1.2324 0.9448 1.0889 0.9937 0.9455 0.8961 0.9592 0.9271 1.0094 0.9939 1.1871 0.9132 1.0667 0.9931 0.9231 0.9132 0.9023 0.7898 0.6674 0.9955 0.9209 0.8616 0.9013 0.8196 0.9002 0.9982 1.1468 0.9544 0.8185 0.8731 0.7685 0.7965 0.8085 0.8385 0.8317 0.9912 0.9118 1.0854 0.9358 0.8650 0.8945 0.8206 1.0011 0.8463 0.7943 0.7332 0.8852 0.8628 1.0010 1.0647 0.8480
0.0439 0.0427 0.0000 0.0449 0.0345 0.0387 0.0352 0.0261 0.0321 0.0414 0.0256 0.0296 0.0276 0.0300 0.0335 0.0297 0.0354 0.0331 0.0245 0.0279 0.0160 0.0180 0.0218 0.0400 0.0410 0.0209 0.0137 0.0375 0.0484 0.0600 0.0545 0.0552 0.0468 0.0474 0.0450 0.0440 0.0444 0.0354 0.0453 0.0437 0.0408 0.0490 0.0379 0.0445 0.0485 0.0531 0.0465 0.0387 0.0435 0.0388 0.0354 0.0344 0.0398 0.0375 0.0447 0.0403 0.0543 0.0439 0.0402 0.0432 0.0421 0.0502 0.0412 0.0411 0.0372 0.0418 0.0429 0.0411 0.0441 0.0407
0.9818 1.2065 0.0000 1.2596 1.2106 1.0308 0.9396 0.8707 1.0919 1.2529 1.1814 1.3749 1.3392 1.2663 1.3275 1.0546 1.0995 1.2878 0.8969 1.2312 1.0494 0.8949 0.8158 1.1550 0.6657 0.8631 0.8098 0.7806 1.0682 0.9828 0.8936 0.8740 0.6703 0.6910 0.4829 0.4773 0.6245 0.8255 1.1581 0.5933 0.3852 1.0153 1.1371 1.5067 1.4507 1.9222 1.3576 1.2099 1.3009 1.1948 1.2095 1.0927 1.0992 1.0779 1.3345 1.3832 1.5874 1.3804 1.2404 1.2720 1.2946 1.4752 1.2942 1.2780 1.0290 1.1047 1.2679 1.1597 1.2607 1.1342
1.6732 1.9287 0.0000 2.1260 2.1551 1.7942 1.5625 1.5037 1.8914 1.9034 1.9362 1.9243 1.7777 1.9438 1.6104 1.7935 1.9238 2.1721 1.7427 1.9190 1.5038 1.6004 1.4900 1.7092 1.5816 2.0664 1.9088 1.5998 1.9940 1.8665 1.3962 1.7550 1.1761 1.5426 1.4890 1.1205 1.1010 1.2515 1.0176 1.1500 1.0688 1.1383 1.2277 1.1440 1.3875 1.2717 0.9250 0.8408 0.6776 0.6049 0.8142 1.4172 1.5428 0.7221 0.6042 1.5757 2.2574 2.0900 1.7947 1.9716 2.4383 2.5634 2.1203 2.1548 1.9495 1.9524 1.9483 1.8526 2.0619 2.1334
0.5522 0.6847 0.0000 0.7405 0.8234 0.6550 0.6101 0.5951 0.6506 0.6249 0.7094 0.6700 0.6280 0.6729 0.6133 0.6334 0.6579 0.7537 0.6378 0.6864 0.5220 0.5765 0.5386 0.5759 0.5624 0.6094 0.5795 0.5477 0.6014 0.7121 0.5632 0.6921 0.5809 0.5778 0.5510 0.5172 0.5193 0.4348 0.5574 0.5781 0.5440 0.5338 0.4797 0.5630 0.5818 0.6853 0.4229 0.4994 0.4382 0.2977 0.3636 0.3993 0.2477 0.2779 0.3493 0.3360 0.5066 0.3474 0.3544 0.3042 0.2588 0.3271 0.2028 0.2003 0.2410 0.5228 0.5645 0.2265 0.1714 0.5017
0.1862 0.2289 0.0000 0.2359 0.2594 0.2530 0.2114 0.2075 0.2550 0.2285 0.2255 0.2214 0.2125 0.2618 0.2092 0.2280 0.2334 0.2616 0.2326 0.2392 0.1945 0.2178 0.1769 0.1805 0.1966 0.2025 0.1912 0.1810 0.2097 0.2342 0.1905 0.2336 0.2131 0.2072 0.1917 0.1868 0.1881 0.1665 0.2226 0.2152 0.1939 0.2132 0.1675 0.1917 0.2084 0.2302 0.1816 0.1593 0.1751 0.1485 0.1534 0.1733 0.1724 0.1862 0.2217 0.1873 0.2258 0.1836 0.1605 0.1770 0.1271 0.2085 0.1497 0.1126 0.1155 0.1654 0.0919 0.1105 0.1251 0.1202
0.0505 0.0487 0.0000 0.0480 0.0422 0.0372 0.0245 0.0239 0.0390 0.0830 0.0887 0.0332 0.0216 0.0836 0.0852 0.0878 0.0893 0.1050 0.0964 0.1157 0.1004 0.1040 0.0949 0.0904 0.0856 0.0916 0.0885 0.0927 0.0913 0.1058 0.0799 0.0934 0.0869 0.0807 0.0799 0.0789 0.0691 0.0584 0.0870 0.0805 0.0753 0.0788 0.0717 0.0792 0.0890 0.1022 0.0876 0.0751 0.0833 0.0734 0.0760 0.0742 0.0770 0.0758 0.0883 0.0837 0.0976 0.0823 0.0756 0.0782 0.0718 0.0875 0.0740 0.0694 0.0641 0.0836 0.0824 0.0897 0.0957 0.0780
0.5895 0.6711 0.0000 0.7064 0.5312 0.6087 0.4722 0.3507 0.4803 0.6625 0.3443 0.4271 0.4265 0.4876 0.4556 0.3984 0.4861 0.4555 0.3340 0.3810 0.2189 0.2453 0.2976 0.6875 0.7048 0.2815 0.1838 0.6193 0.7902 0.9196 0.6625 0.8460 0.8126 0.8618 0.8364 0.8766 0.8434 0.6644 0.8615 0.8288 0.7930 0.9105 0.7039 0.8070 0.8414 0.9225 0.8062 0.6610 0.7535 0.6726 0.6058 0.5871 0.6793 0.6405 0.7745 0.6981 0.9426 0.7667 0.7282 0.7838 0.7816 0.9316 0.8011 0.7807 0.7227 0.7775 0.7982 0.7624 0.7986 0.7555
0.6924 0.8323 0.0000 0.8645 0.8305 0.7074 0.6351 0.5886 0.7380 0.8667 0.8457 0.8882 0.8444 0.8485 0.6788 0.7128 0.7231 0.8707 0.5466 0.8097 0.5387 0.4593 0.4755 0.6786 0.3416 0.4538 0.4766 0.4816 0.5335 0.5026 0.4425 0.4326 0.3340 0.3443 0.2406 0.2379 0.3112 0.6203 0.8703 0.3044 0.1970 0.7465 0.6986 0.8043 0.8211 0.9578 0.8643 0.8085 0.9046 0.8375 0.9206 0.8171 0.8221 0.8058 0.9416 0.9243 1.0611 0.8955 0.7897 0.8109 0.8242 0.9392 0.8240 0.8136 0.6551 0.7034 0.8072 0.7383 0.8026 0.7221
0.7695 0.8921 0.0000 0.9961 1.0406 0.8663 0.8238 0.8120 0.9969 0.9574 0.9349 0.9225 0.8329 0.9383 0.7611 0.8291 0.8847 0.9989 0.8014 0.8825 0.6915 0.7357 0.6852 0.9121 0.8543 0.9170 0.9365 0.8316 0.7688 0.8584 0.6421 0.8071 0.5299 0.7094 0.5741 0.4319 0.4821 0.6076 0.3924 0.4998 0.5200 0.5806 0.4972 0.4444 0.5682 0.5208 0.3754 0.3414 0.2750 0.2455 0.3305 0.7655 0.8333 0.2784 0.2348 0.7606 0.9777 0.8225 0.7193 0.7759 0.8144 1.0592 0.9118 0.9336 0.9012 1.1564 1.0068 0.9321 0.9242 0.8816
0.4568 0.5425 0.0000 0.5364 0.5711 0.4545 0.4233 0.4129 0.4514 0.4337 0.4923 0.4648 0.4358 0.4669 0.4386 0.4611 0.5083 0.5972 0.5266 0.5821 0.4866 0.5468 0.5023 0.5231 0.4881 0.4938 0.4493 0.4611 0.4611 0.5178 0.4076 0.4802 0.4029 0.4010 0.3824 0.3590 0.3603 0.4865 0.6317 0.4946 0.5032 0.5614 0.3560 0.3907 0.4037 0.4754 0.2934 0.3466 0.3240 0.2202 0.2523 0.3756 0.1832 0.2405 0.3917 0.3769 0.3951 0.2600 0.2811 0.2414 0.2023 0.2557 0.1585 0.1566 0.1884 0.5112 0.5764 0.1675 0.1283 0.4223
0.3908 0.4720 0.0000 0.4863 0.5350 0.4856 0.4438 0.4488 0.5884 0.5892 0.6801 0.6101 0.5218 0.5400 0.4796 0.4803 0.4814 0.5576 0.4795 0.4933 0.4010 0.4492 0.3647 0.3722 0.4056 0.4175 0.3964 0.3925 0.4552 0.5242 0.4261 0.5226 0.4874 0.4869 0.5183 0.5175 0.5089 0.4451 0.5684 0.5022 0.4535 0.5194 0.4078 0.4359 0.4664 0.4944 0.4345 0.3583 0.3766 0.3193 0.3299 0.4412 0.4446 0.3908 0.5114 0.4505 0.4658 0.3787 0.3310 0.3650 0.2619 0.4300 0.3085 0.2320 0.2382 0.3816 0.1896 0.2388 0.3194 0.3068
0.8229 0.7719 0.0000 0.7823 0.6871 0.6063 0.3990 0.3894 0.6361 1.8218 1.7442 0.5222 0.3412 1.5525 1.3459 1.4731 1.4765 1.7608 1.6169 1.8975 1.5139 1.7580 1.7115 1.7733 1.8433 2.0446 1.7107 1.5542 1.7131 1.8246 1.3392 1.6305 1.4568 1.3541 1.3390 1.3236 1.1582 0.9790 1.4598 1.3509 1.2788 1.3858 1.2742 1.4512 1.6295 1.8722 1.6416 1.4464 1.6957 1.5185 1.5474 1.5022 1.4915 1.3973 1.6243 1.5990 1.8637 1.5108 1.3487 1.3758 1.3198 1.5430 1.2484 1.1712 1.0814 1.6396 1.6175 1.4164 1.6662 1.4631
0.1524 0.1766 0.0000 0.1859 0.1399 0.1603 0.1220 0.0907 0.1264 0.1812 0.0890 0.1158 0.1300 0.1487 0.1221 0.1038 0.1303 0.1220 0.0895 0.1021 0.0587 0.0657 0.0797 0.2232 0.2171 0.0728 0.0479 0.1857 0.2053 0.2393 0.1723 0.2201 0.2114 0.2241 0.2174 0.2228 0.2208 0.1788 0.2544 0.2464 0.2588 0.2430 0.2038 0.2147 0.2189 0.2484 0.2097 0.1719 0.1961 0.1750 0.1576 0.1527 0.1767 0.1666 0.2028 0.1893 0.2584 0.2167 0.2058 0.2215 0.2259 0.2766 0.2495 0.2321 0.2251 0.2422 0.2385 0.2168 0.2265 0.2226
0.2549 0.2946 0.0000 0.2930 0.2945 0.2404 0.2064 0.1913 0.2399 0.2914 0.2844 0.2885 0.2763 0.2845 0.2207 0.2317 0.2350 0.2831 0.1777 0.2632 0.1751 0.1493 0.1546 0.2220 0.1110 0.1485 0.1598 0.1615 0.1734 0.1634 0.1439 0.1407 0.1085 0.1119 0.0782 0.0773 0.1012 0.2305 0.2927 0.0989 0.0641 0.2749 0.2481 0.2971 0.2956 0.3538 0.3192 0.2986 0.3212 0.2949 0.2986 0.2698 0.2714 0.2660 0.3380 0.3692 0.4131 0.3307 0.2917 0.2995 0.3044 0.3469 0.3043 0.3005 0.2419 0.2598 0.2982 0.2727 0.2966 0.2683
1.3428 1.6051 0.0000 1.7922 1.8826 1.5672 1.3373 1.2457 1.6245 1.6628 1.6913 1.6688 1.5042 1.6980 1.3774 1.4952 1.5492 1.7245 1.3962 1.5146 1.1869 1.2632 1.1761 1.3995 1.3107 1.5125 1.4368 1.2759 1.3196 1.4737 1.1025 1.3852 0.9095 1.2176 0.9854 0.7415 0.8276 0.9323 0.6735 0.8005 0.7979 0.8907 0.8125 0.7571 0.9205 0.8437 0.6122 0.5566 0.4484 0.4003 0.5390 1.1745 1.2786 0.4778 0.3998 1.3760 1.6910 1.4911 1.2549 1.4066 1.4764 1.9202 1.5883 1.6136 1.4604 1.4814 1.6225 1.5530 1.7189 1.6845
3.7719 4.1378 0.0000 4.1415 4.0301 3.1167 2.9967 2.8304 3.2766 2.9732 3.3750 3.1869 3.2730 3.6312 3.4492 3.7364 4.1188 4.8393 4.3091 4.6538 3.4659 3.6416 3.5773 3.8623 3.7489 4.0253 3.6545 3.6454 3.6458 4.2078 3.2148 3.7354 3.1632 3.0165 2.7921 2.6212 2.6315 2.4658 3.1608 3.2352 3.0445 2.9872 2.4258 2.6790 2.7682 3.2596 2.0115 2.3761 2.2160 1.5060 1.7299 2.2345 1.2524 1.5173 1.9602 1.8861 2.5468 1.7467 1.7963 1.5418 1.3013 1.6445 1.0192 1.0068 1.2115 3.3025 3.2010 1.1453 0.8615 3.3382
0.4931 0.6388 0.0000 0.6582 0.7240 0.6377 0.5602 0.5622 0.6907 0.6188 0.6237 0.6167 0.5886 0.7093 0.6302 0.7317 0.6669 0.8197 0.6509 0.6676 0.5444 0.6079 0.4983 0.5037 0.5489 0.5652 0.5574 0.5467 0.6399 0.7340 0.5966 0.7317 0.6421 0.6243 0.5658 0.5266 0.5574 0.5019 0.6709 0.6590 0.6074 0.6485 0.5185 0.6008 0.6363 0.6950 0.5482 0.4645 0.4964 0.4209 0.4349 0.4694 0.4668 0.4933 0.6003 0.5075 0.6304 0.5124 0.4479 0.4939 0.3546 0.5820 0.4176 0.3140 0.3223 0.4479 0.2566 0.3000 0.3389 0.3254
1.2907 1.2618 0.0000 1.2137 1.0756 0.9491 0.6245 0.6096 0.9957 2.1802 2.2299 0.8603 0.5580 2.3385 1.9469 2.3284 2.3200 2.7821 2.7455 2.8563 2.1900 2.5229 2.3030 2.1914 2.0762 2.2223 2.1488 2.3396 2.3881 2.8169 2.5517 2.8257 2.5768 2.2993 2.3693 2.2475 1.9674 1.6623 2.4795 2.2939 2.1797 2.3613 2.1711 2.3846 2.5226 2.7804 2.2932 1.9674 2.0547 1.7805 1.8821 1.9426 2.0147 2.0164 2.4973 2.2190 2.8754 2.4790 2.2908 2.3443 2.1506 2.5326 2.1080 1.9783 1.8262 2.0262 1.9990 2.0490 2.2413 1.8914
0.1375 0.1626 0.0000 0.1711 0.1287 0.1474 0.1102 0.0818 0.1163 0.1320 0.0804 0.0903 0.0880 0.1006 0.1049 0.0930 0.1108 0.1037 0.0768 0.0875 0.0503 0.0563 0.0684 0.1418 0.1454 0.0657 0.0429 0.1378 0.1535 0.1949 0.1432 0.1792 0.1850 0.1741 0.1624 0.1652 0.1624 0.1281 0.1715 0.1662 0.1582 0.1839 0.1601 0.1886 0.2038 0.2469 0.1912 0.1505 0.1787 0.1531 0.1436 0.1336 0.1546 0.1458 0.1899 0.1774 0.2420 0.2006 0.1796 0.1854 0.1778 0.2119 0.1704 0.1585 0.1543 0.1765 0.1816 0.1763 0.1963 0.1735
0.3425 0.4251 0.0000 0.4306 0.4139 0.3403 0.2971 0.2753 0.3452 0.3275 0.3196 0.3383 0.3191 0.3207 0.2973 0.3183 0.3229 0.3888 0.2441 0.3616 0.2359 0.2012 0.2124 0.2565 0.1496 0.1836 0.1801 0.1820 0.2337 0.2202 0.1934 0.1891 0.1463 0.1509 0.1054 0.1042 0.1364 0.2477 0.3289 0.1333 0.0863 0.3331 0.2765 0.3477 0.3529 0.4140 0.4188 0.3330 0.3580 0.3288 0.3329 0.3007 0.3026 0.2966 0.3673 0.3806 0.4496 0.3811 0.3822 0.3920 0.4422 0.4551 0.4314 0.3943 0.3223 0.3408 0.3911 0.3578 0.4086 0.3781
0.4145 0.4612 0.0000 0.4655 0.4676 0.3892 0.3321 0.3170 0.4034 0.4130 0.4200 0.4213 0.4042 0.4272 0.3851 0.4288 0.4600 0.5547 0.4451 0.4764 0.3631 0.3863 0.3598 0.3561 0.3336 0.3849 0.3656 0.3246 0.3716 0.4411 0.3300 0.4147 0.2723 0.3645 0.2774 0.2088 0.2477 0.2372 0.1896 0.2088 0.2030 0.2266 0.2302 0.2145 0.2586 0.2369 0.1734 0.1576 0.1270 0.1134 0.1527 0.2989 0.3254 0.1346 0.1132 0.3417 0.4297 0.3979 0.3469 0.3753 0.4416 0.4879 0.4036 0.4102 0.3711 0.3717 0.3708 0.3526 0.3925 0.4061
0.2607 0.3232 0.0000 0.3496 0.3887 0.3873 0.2880 0.3133 0.3708 0.3452 0.3919 0.3702 0.3398 0.3398 0.2894 0.2990 0.3106 0.3558 0.3011 0.3241 0.2464 0.2722 0.2543 0.2718 0.2655 0.2877 0.2736 0.2585 0.2839 0.3362 0.2659 0.3267 0.3007 0.3127 0.3141 0.2949 0.2961 0.2053 0.2632 0.2729 0.2568 0.2520 0.2546 0.3111 0.3214 0.3786 0.2336 0.2759 0.2419 0.1644 0.2009 0.1885 0.1367 0.1316 0.1649 0.1586 0.2798 0.1919 0.1853 0.1465 0.1430 0.1807 0.1120 0.1106 0.1331 0.2468 0.2665 0.1250 0.0947 0.2368
0.1747 0.2305 0.0000 0.2375 0.2928 0.2259 0.1984 0.1991 0.2447 0.2191 0.2163 0.2124 0.2038 0.2512 0.2072 0.2260 0.2632 0.2946 0.2837 0.2700 0.2632 0.2459 0.2187 0.2059 0.2220 0.2286 0.2446 0.2378 0.2489 0.2670 0.2045 0.2404 0.2110 0.2052 0.1859 0.1792 0.1833 0.1649 0.2205 0.2165 0.2074 0.2139 0.1867 0.2186 0.2389 0.2818 0.2385 0.2038 0.2179 0.1847 0.1909 0.1662 0.1654 0.1747 0.2126 0.1797 0.2398 0.2072 0.1812 0.1997 0.1434 0.2354 0.1588 0.1194 0.1303 0.1586 0.0976 0.1062 0.1200 0.1153
0.1550 0.1515 0.0000 0.1448 0.1292 0.1139 0.0750 0.0732 0.1196 0.2320 0.2477 0.1027 0.0670 0.2411 0.2258 0.2700 0.2691 0.3227 0.3321 0.3312 0.2539 0.2926 0.2670 0.2541 0.2408 0.2578 0.2492 0.2713 0.2671 0.3190 0.2637 0.3082 0.2992 0.3101 0.2750 0.3199 0.2653 0.2242 0.3344 0.3094 0.2894 0.2826 0.2394 0.2600 0.2751 0.3082 0.2565 0.2200 0.2346 0.2065 0.2140 0.2173 0.2253 0.2235 0.2723 0.2450 0.3136 0.2704 0.2499 0.2695 0.2637 0.3363 0.2843 0.2668 0.2463 0.2350 0.2318 0.2376 0.2600 0.2193
0.6439 0.8260 0.0000 0.8696 0.6539 0.7493 0.5366 0.3985 0.5912 0.5767 0.3913 0.3946 0.3844 0.4396 0.5145 0.4558 0.5107 0.4532 0.3763 0.4292 0.2466 0.2762 0.3352 0.6198 0.6354 0.3198 0.2103 0.5809 0.5921 0.7527 0.5617 0.6924 0.7454 0.6718 0.6268 0.6372 0.6270 0.4940 0.6405 0.6161 0.5900 0.7100 0.5811 0.6546 0.7403 0.8439 0.7511 0.7321 0.7575 0.6883 0.8774 0.7520 0.7974 0.7517 0.9089 0.7644 0.9323 0.7281 0.6517 0.6725 0.6451 0.7692 0.6180 0.5804 0.5601 0.6408 0.6592 0.6395 0.7120 0.6413
0.1664 0.2015 0.0000 0.2246 0.2375 0.2115 0.2041 0.1891 0.2372 0.1642 0.1601 0.1696 0.1599 0.1607 0.1677 0.2265 0.2269 0.2767 0.1655 0.2451 0.1440 0.1228 0.1440 0.1285 0.0914 0.0923 0.0903 0.0912 0.1414 0.1333 0.1101 0.0991 0.0885 0.0913 0.0638 0.0631 0.0825 0.1175 0.1648 0.0814 0.0522 0.1577 0.1313 0.1652 0.1702 0.1967 0.1990 0.1582 0.1701 0.1562 0.1582 0.1429 0.1437 0.1409 0.1745 0.1808 0.2075 0.1805 0.1743 0.1788 0.1898 0.2530 0.1917 0.2089 0.2105 0.2798 0.2404 0.2199 0.2180 0.1830
0.2490 0.2771 0.0000 0.2838 0.2878 0.2395 0.2085 0.2007 0.2525 0.2541 0.2585 0.2569 0.2429 0.2606 0.2349 0.2577 0.2764 0.3333 0.2943 0.3387 0.2854 0.3178 0.2960 0.2254 0.2112 0.2436 0.2315 0.2055 0.2645 0.3895 0.2836 0.3669 0.2259 0.3024 0.2161 0.1626 0.2054 0.1502 0.1478 0.1327 0.1285 0.1435 0.1767 0.1646 0.1878 0.1584 0.1331 0.1210 0.0975 0.0870 0.1172 0.1891 0.2060 0.1048 0.0869 0.2103 0.3295 0.3051 0.2660 0.2878 0.3386 0.3741 0.3095 0.3145 0.2845 0.2850 0.2844 0.2704 0.3009 0.3114
1.2785 1.5854 0.0000 1.7147 1.9065 1.7748 1.4126 1.5367 1.9277 1.8720 2.1891 2.0072 1.6224 1.6219 1.4202 1.4667 1.5234 1.7452 1.4769 1.5895 1.2086 1.3348 1.2470 1.3334 1.3024 1.4110 1.3418 1.2682 1.3925 1.6489 1.3041 1.6027 1.4350 1.4926 1.4929 1.4016 1.4071 1.0069 1.2907 1.3386 1.2597 1.2360 1.2486 1.6873 1.7435 2.0530 1.2669 1.4960 1.2347 0.8392 1.0896 0.9245 0.6981 0.6457 0.8088 0.7779 1.4171 0.9719 0.9382 0.7408 0.7240 0.9150 0.5671 0.5602 0.6741 1.2105 1.3071 0.6384 0.4793 1.1617
0.1203 0.1587 0.0000 0.1636 0.2017 0.1556 0.1366 0.1371 0.1684 0.1509 0.1489 0.1462 0.1404 0.1730 0.1382 0.1552 0.1740 0.1947 0.1807 0.2176 0.1512 0.1888 0.1758 0.1815 0.1978 0.2146 0.1657 0.1464 0.1580 0.1735 0.1330 0.1589 0.1407 0.1369 0.1266 0.1233 0.1242 0.1100 0.1470 0.1431 0.1349 0.1409 0.1214 0.1422 0.1554 0.1789 0.1505 0.1381 0.1593 0.1351 0.1395 0.1144 0.1138 0.1203 0.1464 0.1237 0.1855 0.1846 0.1613 0.1780 0.1277 0.2097 0.1331 0.1001 0.1162 0.1092 0.0818 0.0734 0.0826 0.0794
0.3839 0.3755 0.0000 0.3125 0.3200 0.2823 0.1857 0.1813 0.2962 0.4757 0.5081 0.2563 0.1660 0.4790 0.4598 0.5498 0.5480 0.6572 0.6763 0.6745 0.5171 0.5960 0.5438 0.5177 0.4931 0.5314 0.5107 0.5525 0.5960 0.6789 0.5458 0.6761 0.6402 0.6491 0.6351 0.6174 0.6198 0.4831 0.6811 0.6301 0.7171 0.6827 0.5612 0.5949 0.6296 0.6939 0.5721 0.4909 0.5128 0.4312 0.4697 0.4850 0.5031 0.5031 0.6231 0.5622 0.7281 0.6185 0.5716 0.6314 0.6373 0.8127 0.6683 0.6270 0.5788 0.4786 0.4722 0.4840 0.5294 0.4468
0.2075 0.2741 0.0000 0.2886 0.2107 0.2415 0.1729 0.1284 0.1905 0.1859 0.1261 0.1271 0.1239 0.1416 0.1658 0.1469 0.1645 0.1461 0.1212 0.1383 0.0794 0.0890 0.1080 0.2067 0.2047 0.1030 0.0678 0.2060 0.2118 0.2694 0.1979 0.2478 0.2667 0.2404 0.2243 0.2280 0.2243 0.1768 0.2410 0.2312 0.2201 0.2555 0.2228 0.2510 0.2787 0.3236 0.2859 0.2320 0.2880 0.2297 0.2373 0.2121 0.2321 0.2188 0.3140 0.3383 0.3551 0.2909 0.2572 0.2641 0.2554 0.3043 0.2489 0.2392 0.2329 0.2665 0.2740 0.2576 0.2905 0.2666
0.2064 0.2469 0.0000 0.2815 0.2946 0.2406 0.2066 0.1914 0.2401 0.1752 0.1710 0.1810 0.1707 0.1715 0.1593 0.1906 0.1909 0.2328 0.1419 0.2103 0.1314 0.1121 0.1235 0.1372 0.0834 0.0982 0.0963 0.0973 0.1311 0.1235 0.1036 0.1013 0.0820 0.0846 0.0591 0.0584 0.0764 0.1458 0.1759 0.0743 0.0484 0.1956 0.1624 0.2043 0.2074 0.2432 0.2387 0.1956 0.2104 0.1932 0.1956 0.1768 0.1872 0.1847 0.2274 0.2274 0.2943 0.2442 0.2293 0.2493 0.2460 0.2593 0.2466 0.2246 0.2010 0.1992 0.2229 0.2038 0.2550 0.2359
0.4184 0.4517 0.0000 0.4559 0.4580 0.3813 0.3253 0.2988 0.3952 0.4045 0.4114 0.4126 0.3960 0.4184 0.3772 0.4200 0.4507 0.5178 0.4155 0.4446 0.3388 0.3606 0.3357 0.3130 0.2932 0.3383 0.3213 0.2854 0.3266 0.3761 0.2813 0.3534 0.2321 0.3108 0.2439 0.1835 0.2112 0.2085 0.1667 0.1836 0.1784 0.1992 0.2011 0.1874 0.2273 0.2083 0.1515 0.1377 0.1110 0.0991 0.1334 0.2826 0.2860 0.1183 0.0989 0.3349 0.3930 0.3616 0.3105 0.3411 0.3849 0.4462 0.3691 0.3750 0.3394 0.3398 0.3679 0.3523 0.3899 0.3892
0.3990 0.4698 0.0000 0.5202 0.5062 0.3817 0.3764 0.3468 0.4116 0.3647 0.4133 0.3904 0.4111 0.4754 0.4332 0.5110 0.5168 0.5771 0.4775 0.5136 0.3709 0.4041 0.3970 0.4317 0.4215 0.4646 0.4551 0.4218 0.4690 0.5631 0.4311 0.4891 0.4192 0.3998 0.3646 0.3424 0.3436 0.2658 0.3407 0.3533 0.3325 0.3262 0.2915 0.3281 0.3390 0.3993 0.2464 0.2910 0.2663 0.1809 0.2119 0.2440 0.1505 0.1699 0.2135 0.2054 0.3059 0.2099 0.2153 0.1848 0.1563 0.1976 0.1225 0.1210 0.1455 0.3676 0.3450 0.1376 0.1035 0.3775
0.1115 0.1445 0.0000 0.1488 0.1679 0.1442 0.1266 0.1271 0.1562 0.1399 0.1498 0.1481 0.1414 0.1680 0.1514 0.1615 0.1606 0.1955 0.1588 0.1548 0.1333 0.1410 0.1243 0.1170 0.1273 0.1311 0.1390 0.1403 0.1596 0.1948 0.1591 0.1846 0.1598 0.1553 0.1362 0.1310 0.1387 0.1249 0.1669 0.1655 0.1606 0.1639 0.1371 0.1588 0.1678 0.1784 0.1437 0.1209 0.1271 0.1078 0.1113 0.1061 0.1055 0.1115 0.1357 0.1147 0.1434 0.1188 0.1038 0.1146 0.0822 0.1350 0.0950 0.0714 0.0748 0.1012 0.0584 0.0678 0.0766 0.0736
0.0342 0.0335 0.0000 0.0322 0.0285 0.0252 0.0165 0.0162 0.0264 0.0632 0.0587 0.0228 0.0148 0.0679 0.0543 0.0637 0.0620 0.0762 0.0700 0.0797 0.0611 0.0704 0.0642 0.0611 0.0629 0.0678 0.0651 0.0685 0.0760 0.0862 0.0607 0.0771 0.0655 0.0586 0.0604 0.0573 0.0535 0.0424 0.0632 0.0585 0.0605 0.0670 0.0602 0.0721 0.0808 0.0935 0.0756 0.0648 0.0655 0.0569 0.0621 0.0641 0.0664 0.0671 0.0804 0.0735 0.0877 0.0748 0.0668 0.0665 0.0624 0.0729 0.0590 0.0553 0.0511 0.0566 0.0558 0.0572 0.0626 0.0528
1.0446 1.2104 0.0000 1.2743 0.9585 1.0983 0.8369 0.6214 0.8663 1.0768 0.6102 0.7367 0.7176 0.8205 0.7968 0.7060 0.8409 0.7879 0.5828 0.6648 0.3819 0.4279 0.5192 1.3294 1.1859 0.4988 0.3258 1.3281 1.2663 1.5340 1.1046 1.4107 1.3550 1.4370 1.3403 1.3630 1.3407 1.0684 1.5209 1.4724 1.4020 1.6002 1.3955 1.4975 1.4549 1.7323 1.3830 1.1021 1.2975 1.1217 1.0695 0.9789 1.1326 1.0681 1.4146 1.3635 1.8020 1.5660 1.4872 1.6009 1.7298 2.0371 1.5707 1.5097 1.4699 1.6750 1.7225 1.6310 1.7051 1.6164
0.7985 0.9565 0.0000 0.9102 0.9223 0.7531 0.6466 0.5992 0.7514 0.7512 0.7330 0.7674 0.7238 0.7271 0.6102 0.6407 0.6499 0.7827 0.4913 0.7278 0.4842 0.4128 0.4274 0.5817 0.3070 0.4060 0.4088 0.4132 0.4796 0.4517 0.3977 0.3890 0.3002 0.3095 0.2163 0.2139 0.2797 0.6463 0.7543 0.2736 0.1771 0.8608 0.6118 0.7327 0.7291 0.8726 0.7877 0.7369 0.7923 0.7276 0.7366 0.6913 0.7630 0.7532 0.9273 0.8879 1.1710 0.9079 0.7463 0.8319 0.7727 0.8559 0.7752 0.7415 0.6319 0.6410 0.7356 0.6726 0.8012 0.7703
0.1966 0.2433 0.0000 0.2717 0.3039 0.2647 0.2122 0.2015 0.2665 0.2712 0.2701 0.2634 0.2375 0.2681 0.2175 0.2360 0.2445 0.2604 0.2204 0.2326 0.1744 0.1855 0.1727 0.1886 0.1767 0.1963 0.1865 0.1656 0.1713 0.1912 0.1430 0.1798 0.1180 0.1580 0.1279 0.0962 0.1074 0.1210 0.0874 0.1039 0.1064 0.1189 0.1055 0.0983 0.1195 0.1095 0.0794 0.0722 0.0582 0.0520 0.0699 0.1899 0.1724 0.0620 0.0519 0.2172 0.2316 0.1965 0.1656 0.1854 0.1946 0.2530 0.2176 0.2228 0.2101 0.2201 0.2521 0.2307 0.2553 0.2175
3.3285 3.6793 0.0000 3.6826 3.5835 2.8285 2.6637 2.5697 2.9125 2.6983 3.0629 2.8933 2.9103 3.3904 3.0670 3.3351 3.6726 4.3150 3.9831 4.4026 3.9815 4.0550 3.9821 4.0635 3.7994 3.8598 3.5189 3.6476 3.6479 3.9422 3.0539 3.3948 3.1650 3.0193 2.7534 2.5849 2.5951 2.5235 3.2347 3.0532 3.0180 3.0338 2.2022 2.4313 2.5123 2.9582 1.8255 2.1564 2.0111 1.3668 1.5699 2.2149 1.1370 1.4404 2.0060 1.9295 2.3696 1.5852 1.6864 1.4470 1.2137 1.5333 0.9506 0.9391 1.1296 3.6774 3.2758 1.0398 0.7821 3.3413
0.1496 0.1807 0.0000 0.1862 0.2049 0.1859 0.1699 0.1719 0.2253 0.2096 0.2393 0.2245 0.2011 0.2067 0.1864 0.1874 0.1843 0.2176 0.1836 0.1889 0.1536 0.1720 0.1396 0.1426 0.1553 0.1599 0.1548 0.1646 0.1776 0.2122 0.1723 0.2113 0.2041 0.2038 0.2095 0.2235 0.2134 0.1808 0.2308 0.2105 0.1902 0.2178 0.1710 0.1828 0.1955 0.2037 0.1785 0.1502 0.1579 0.1339 0.1383 0.1590 0.1582 0.1496 0.1958 0.1696 0.1784 0.1450 0.1267 0.1398 0.1004 0.1647 0.1182 0.0888 0.0912 0.1461 0.0726 0.0914 0.1136 0.1092
0.1349 0.1266 0.0000 0.1283 0.1128 0.0994 0.0654 0.0639 0.1043 0.3160 0.2657 0.0856 0.0559 0.2788 0.2131 0.2336 0.2285 0.2792 0.2564 0.3008 0.2398 0.2785 0.2648 0.2637 0.2869 0.2955 0.2840 0.2554 0.2880 0.3078 0.2165 0.2750 0.2337 0.2147 0.2156 0.2098 0.1913 0.1552 0.2315 0.2142 0.2158 0.2536 0.2149 0.2539 0.2848 0.3274 0.2971 0.2618 0.3101 0.2694 0.2984 0.2844 0.2823 0.2627 0.3067 0.3026 0.3528 0.2776 0.2512 0.2451 0.2498 0.2922 0.2363 0.2217 0.2047 0.2438 0.2406 0.2244 0.2578 0.2229
0.2150 0.2492 0.0000 0.2624 0.1973 0.2261 0.1723 0.1279 0.1784 0.2494 0.1256 0.1594 0.1721 0.1968 0.1681 0.1453 0.1795 0.1681 0.1233 0.1406 0.0808 0.0905 0.1098 0.3524 0.2873 0.1027 0.0671 0.3128 0.2719 0.3294 0.2373 0.3030 0.2909 0.3086 0.2878 0.2933 0.3000 0.2524 0.3813 0.3415 0.3252 0.3437 0.3020 0.3215 0.3124 0.3720 0.2971 0.2367 0.2786 0.2409 0.2298 0.2102 0.2432 0.2293 0.3039 0.3077 0.3871 0.3367 0.3194 0.3438 0.3609 0.4420 0.3802 0.3665 0.3558 0.4252 0.4149 0.3617 0.3798 0.3741
1.7217 1.9311 0.0000 1.8625 2.0212 1.6237 1.3941 1.2925 1.6201 1.6321 1.6137 1.5354 1.5090 1.5537 1.2208 1.2819 1.3005 1.5659 0.9830 1.4562 0.9688 0.8258 0.8554 1.2123 0.6143 0.8124 0.8999 0.9093 0.9595 0.9041 0.7958 0.7783 0.6009 0.6192 0.4329 0.4278 0.5596 1.5163 1.6605 0.5475 0.3542 1.8560 1.2699 1.5208 1.5133 1.8111 1.6349 1.5294 1.6444 1.5102 1.5289 1.4684 1.7209 1.5741 1.9380 1.8429 2.3856 1.8849 1.5490 1.7272 1.6038 1.7765 1.6090 1.5390 1.3124 1.3304 1.5268 1.3965 1.6640 1.6811
0.3159 0.3917 0.0000 0.4370 0.4781 0.4022 0.3592 0.3413 0.4510 0.4777 0.4920 0.4375 0.3960 0.4645 0.3769 0.3831 0.4024 0.4285 0.3881 0.4032 0.3023 0.3216 0.2995 0.3062 0.2907 0.3156 0.2998 0.2721 0.2753 0.3073 0.2299 0.2890 0.1898 0.2540 0.2056 0.1546 0.1726 0.1945 0.1405 0.1670 0.1751 0.1955 0.1695 0.1579 0.1921 0.1759 0.1277 0.1161 0.0935 0.0835 0.1124 0.3338 0.2835 0.0997 0.0835 0.3765 0.3870 0.3437 0.2879 0.3243 0.3404 0.4394 0.3635 0.3694 0.3342 0.3346 0.3779 0.3489 0.3862 0.3855
0.1766 0.2020 0.0000 0.2022 0.1968 0.1508 0.1463 0.1370 0.1599 0.1439 0.1633 0.1543 0.1597 0.1862 0.1684 0.1908 0.2103 0.2471 0.2200 0.2366 0.1763 0.1921 0.1886 0.2051 0.2004 0.2241 0.2020 0.2000 0.2001 0.2256 0.1724 0.1916 0.1737 0.1656 0.1510 0.1418 0.1424 0.1169 0.1499 0.1554 0.1463 0.1435 0.1174 0.1296 0.1339 0.1577 0.0973 0.1150 0.1072 0.0729 0.0837 0.1073 0.0606 0.0730 0.0939 0.0903 0.1232 0.0845 0.0867 0.0744 0.0629 0.0795 0.0493 0.0487 0.0586 0.1747 0.1518 0.0554 0.0417 0.1790
0.2055 0.2662 0.0000 0.2743 0.3083 0.2658 0.2334 0.2343 0.2878 0.2578 0.2887 0.2740 0.2615 0.3109 0.2801 0.2977 0.2951 0.3592 0.2917 0.2844 0.2448 0.2589 0.2282 0.2149 0.2338 0.2407 0.2553 0.2664 0.2931 0.3579 0.2908 0.3403 0.3078 0.2992 0.2723 0.2619 0.2772 0.2497 0.3336 0.3316 0.3233 0.3285 0.2747 0.3082 0.3253 0.3388 0.2868 0.2412 0.2537 0.2151 0.2222 0.1956 0.1945 0.2056 0.2502 0.2114 0.2634 0.2183 0.1908 0.2105 0.1510 0.2479 0.1745 0.1312 0.1373 0.1867 0.1072 0.1250 0.1413 0.1356
0.0365 0.0357 0.0000 0.0343 0.0304 0.0268 0.0177 0.0172 0.0282 0.0734 0.0629 0.0243 0.0158 0.0791 0.0572 0.0652 0.0637 0.0779 0.0716 0.0839 0.0644 0.0742 0.0677 0.0664 0.0721 0.0744 0.0716 0.0725 0.0805 0.0882 0.0623 0.0788 0.0672 0.0599 0.0620 0.0586 0.0558 0.0435 0.0646 0.0598 0.0629 0.0740 0.0618 0.0741 0.0829 0.0946 0.0835 0.0715 0.0780 0.0677 0.0738 0.0762 0.0790 0.0764 0.0895 0.0903 0.1029 0.0810 0.0733 0.0715 0.0729 0.0852 0.0689 0.0647 0.0597 0.0614 0.0606 0.0603 0.0659 0.0561
0.0794 0.0919 0.0000 0.0968 0.0728 0.0835 0.0636 0.0472 0.0658 0.0843 0.0463 0.0563 0.0573 0.0655 0.0605 0.0537 0.0640 0.0600 0.0443 0.0505 0.0290 0.0325 0.0395 0.1175 0.0957 0.0379 0.0248 0.1178 0.0958 0.1185 0.0871 0.1090 0.1125 0.1087 0.1014 0.1031 0.1014 0.0824 0.1224 0.1136 0.1081 0.1211 0.1056 0.1163 0.1239 0.1452 0.1178 0.0915 0.1105 0.0932 0.0924 0.0826 0.0940 0.0887 0.1223 0.1238 0.1535 0.1355 0.1229 0.1261 0.1264 0.1507 0.1264 0.1214 0.1183 0.1353 0.1392 0.1307 0.1465 0.1354
0.0680 0.0756 0.0000 0.0730 0.0779 0.0636 0.0546 0.0506 0.0635 0.0525 0.0513 0.0527 0.0497 0.0503 0.0451 0.0483 0.0489 0.0590 0.0370 0.0548 0.0357 0.0305 0.0322 0.0399 0.0227 0.0283 0.0286 0.0289 0.0354 0.0334 0.0293 0.0287 0.0222 0.0229 0.0160 0.0158 0.0207 0.0473 0.0528 0.0202 0.0131 0.0639 0.0432 0.0541 0.0550 0.0644 0.0625 0.0521 0.0560 0.0514 0.0521 0.0471 0.0522 0.0508 0.0626 0.0626 0.0810 0.0667 0.0608 0.0673 0.0629 0.0680 0.0631 0.0589 0.0514 0.0509 0.0584 0.0534 0.0652 0.0651
0.1841 0.2349 0.0000 0.2331 0.2412 0.2007 0.1673 0.1588 0.2100 0.2149 0.2187 0.2211 0.2150 0.2256 0.2034 0.2326 0.2380 0.2534 0.2119 0.2236 0.1677 0.1784 0.1662 0.1478 0.1385 0.1598 0.1518 0.1347 0.1535 0.1747 0.1307 0.1642 0.1079 0.1444 0.1146 0.0862 0.0981 0.0985 0.0783 0.0867 0.0843 0.0941 0.0945 0.0880 0.1068 0.0979 0.0712 0.0647 0.0522 0.0465 0.0626 0.1502 0.1351 0.0556 0.0465 0.1786 0.1914 0.1772 0.1521 0.1671 0.1885 0.2173 0.1797 0.1826 0.1653 0.1655 0.1792 0.1669 0.1847 0.1844
0.1901 0.2240 0.0000 0.2498 0.2492 0.1880 0.1853 0.1707 0.2026 0.1795 0.2036 0.1922 0.2024 0.2407 0.2134 0.2387 0.2450 0.2745 0.2369 0.2548 0.1881 0.2049 0.2013 0.2189 0.2137 0.2324 0.2276 0.2139 0.2378 0.2816 0.2273 0.2476 0.2166 0.2066 0.1883 0.1769 0.1775 0.1301 0.1668 0.1730 0.1628 0.1597 0.1435 0.1616 0.1670 0.1966 0.1214 0.1433 0.1311 0.0891 0.1043 0.1194 0.0741 0.0831 0.1045 0.1005 0.1507 0.1033 0.1060 0.0910 0.0770 0.0973 0.0603 0.0595 0.0717 0.1873 0.1689 0.0678 0.0510 0.1914
0.5906 0.7794 0.0000 0.8031 0.9899 0.7637 0.6706 0.6732 0.8271 0.7407 0.7616 0.7530 0.7187 0.8541 0.7695 0.8244 0.8988 1.0666 0.9590 0.9128 0.8049 0.8312 0.7504 0.7064 0.7505 0.7727 0.8393 0.9016 0.9184 1.0335 0.7820 0.9147 0.8094 0.7864 0.7060 0.6788 0.7188 0.6470 0.8649 0.8451 0.8199 0.8515 0.7433 0.8704 0.9509 1.1716 0.9044 0.7608 0.7998 0.6783 0.7006 0.5621 0.5591 0.5908 0.7188 0.6074 0.8107 0.7006 0.6123 0.6755 0.4848 0.7957 0.5370 0.4039 0.4407 0.5362 0.3300 0.3592 0.4057 0.3897
0.1049 0.1027 0.0000 0.0981 0.0875 0.0772 0.0508 0.0496 0.0810 0.1776 0.1679 0.0696 0.0453 0.1903 0.1378 0.1649 0.1643 0.1971 0.2028 0.2023 0.1551 0.1787 0.1631 0.1552 0.1707 0.1726 0.1659 0.1681 0.1867 0.2108 0.1695 0.2100 0.1974 0.1862 0.1955 0.1771 0.1777 0.1385 0.1953 0.1808 0.2006 0.2357 0.1730 0.1967 0.2056 0.2253 0.1935 0.1658 0.1808 0.1571 0.1711 0.1794 0.1861 0.1773 0.2210 0.2048 0.2652 0.2145 0.1982 0.2148 0.2430 0.2715 0.2196 0.2060 0.1902 0.1435 0.1416 0.1451 0.1587 0.1339
3.0896 4.0816 0.0000 4.2970 3.1374 3.5949 2.5747 1.9119 2.8367 2.8925 1.8774 1.9791 1.9277 2.2048 2.4685 2.1870 2.4503 2.2729 1.8054 2.0594 1.1831 1.3252 1.6085 3.9866 3.1855 1.5344 1.0090 3.8953 3.4607 4.4006 3.2343 4.0484 4.3575 3.9274 3.6644 3.7251 3.6643 2.8879 4.0814 3.7863 3.6053 4.1508 3.5210 3.9592 4.3963 5.1038 4.5424 4.0637 4.5814 4.0240 4.1562 3.7145 4.0634 3.8304 5.4974 5.1044 5.6407 4.6541 4.1143 4.2236 4.2189 5.0254 4.2148 4.0512 3.9457 4.5133 4.6431 4.3587 4.8831 4.5165
0.5004 0.5768 0.0000 0.6308 0.7143 0.6559 0.5512 0.5108 0.6403 0.4096 0.3997 0.4231 0.3990 0.4010 0.3990 0.4775 0.4783 0.5832 0.3554 0.5267 0.3293 0.2808 0.3093 0.3207 0.2088 0.2296 0.2253 0.2276 0.3284 0.3094 0.2556 0.2368 0.2056 0.2119 0.1481 0.1465 0.1915 0.3533 0.4113 0.1861 0.1212 0.4741 0.3378 0.4247 0.4378 0.5058 0.5117 0.4068 0.4374 0.4018 0.4067 0.3675 0.3855 0.3645 0.4487 0.4651 0.5686 0.4716 0.4484 0.4816 0.4985 0.6714 0.5376 0.5372 0.5332 0.5281 0.5592 0.5115 0.6115 0.5575
0.2850 0.3298 0.0000 0.3269 0.3421 0.2845 0.2534 0.2405 0.3181 0.3255 0.3312 0.3210 0.3101 0.3416 0.3080 0.3218 0.3451 0.4082 0.3859 0.4484 0.3868 0.4027 0.3749 0.2366 0.2216 0.2557 0.2430 0.2157 0.2776 0.3620 0.2674 0.3404 0.2129 0.2850 0.2155 0.1622 0.1937 0.1577 0.1474 0.1393 0.1349 0.1506 0.1790 0.1668 0.1903 0.1607 0.1348 0.1225 0.0988 0.0882 0.1187 0.2289 0.2162 0.1046 0.0881 0.2705 0.2912 0.2696 0.2351 0.2544 0.2993 0.3307 0.2736 0.2780 0.2515 0.2519 0.2621 0.2403 0.2660 0.2753
0.3738 0.4419 0.0000 0.4930 0.5345 0.5027 0.4273 0.4219 0.5685 0.5273 0.5275 0.4982 0.5137 0.5576 0.4360 0.4572 0.4690 0.5257 0.4591 0.4938 0.3839 0.4184 0.4109 0.4469 0.4363 0.4611 0.4487 0.4368 0.4854 0.5391 0.4264 0.5266 0.5205 0.5465 0.5612 0.5855 0.5718 0.2763 0.3542 0.3674 0.3457 0.3392 0.3427 0.4685 0.4823 0.5673 0.3207 0.3786 0.3256 0.2212 0.2756 0.2537 0.1841 0.1772 0.2220 0.2135 0.3767 0.2583 0.2494 0.1972 0.1925 0.2432 0.1508 0.1489 0.1792 0.3830 0.3587 0.1683 0.1274 0.3908
0.1594 0.2104 0.0000 0.2168 0.2672 0.2061 0.1810 0.1817 0.2232 0.1999 0.2059 0.1948 0.1860 0.2292 0.1950 0.2089 0.2305 0.2703 0.2447 0.2975 0.2208 0.2502 0.2505 0.2468 0.2370 0.2440 0.2533 0.2431 0.2343 0.2612 0.1976 0.2311 0.2113 0.2052 0.1942 0.1867 0.1977 0.1779 0.2378 0.2259 0.2178 0.2342 0.2044 0.2245 0.2453 0.2837 0.2637 0.2442 0.2890 0.2650 0.2870 0.1517 0.1509 0.1594 0.1940 0.1640 0.2460 0.2476 0.2155 0.2375 0.1561 0.2562 0.1695 0.1274 0.1419 0.1447 0.1041 0.0973 0.1095 0.1052
1.5796 1.5448 0.0000 1.2879 1.3164 1.1616 0.7643 0.7460 1.2186 2.3297 2.1590 1.0460 0.6829 2.4937 2.4411 2.5028 2.6920 2.9915 2.7140 3.1849 2.5411 2.9508 2.8728 3.3493 2.8582 3.0184 2.5990 2.6088 2.6027 2.9780 2.2478 2.6300 2.4444 2.2729 2.2476 2.2217 1.9441 1.6432 2.4502 2.2668 2.1207 2.2183 2.0180 2.2294 2.5031 2.8770 2.4940 2.1975 2.5772 2.3071 2.3509 2.2942 2.2731 2.1339 2.4866 2.4293 2.8316 2.3153 2.1292 2.2017 2.0197 2.4640 2.0838 1.9550 1.8046 3.8888 3.6211 2.5691 3.0463 3.3143
0.1439 0.1545 0.0000 0.1626 0.1223 0.1402 0.1149 0.0853 0.1106 0.1991 0.0838 0.1238 0.1483 0.1696 0.1170 0.0987 0.1372 0.1292 0.0858 0.0979 0.0562 0.0629 0.0764 0.1798 0.1925 0.0685 0.0455 0.1470 0.1789 0.1996 0.1548 0.1836 0.1763 0.1870 0.1815 0.1860 0.1952 0.1909 0.2230 0.2088 0.1782 0.1976 0.1548 0.1751 0.1826 0.2002 0.1750 0.1434 0.1635 0.1460 0.1315 0.1274 0.1474 0.1390 0.1681 0.1515 0.2046 0.1664 0.1580 0.1701 0.1715 0.2100 0.1895 0.1877 0.1709 0.1873 0.1841 0.1654 0.1733 0.1690
0.0982 0.1145 0.0000 0.1189 0.1142 0.0973 0.0874 0.0810 0.1015 0.1847 0.1993 0.1274 0.1312 0.1730 0.0973 0.0981 0.0995 0.1198 0.0751 0.1114 0.0770 0.0657 0.0654 0.1228 0.0488 0.0836 0.1062 0.1074 0.0829 0.0732 0.0761 0.0749 0.0520 0.0536 0.0375 0.0370 0.0484 0.0975 0.1428 0.0435 0.0287 0.1059 0.1494 0.1429 0.1488 0.1702 0.1357 0.1298 0.1509 0.1305 0.1321 0.1203 0.1201 0.1177 0.1456 0.1452 0.1667 0.1406 0.1240 0.1273 0.1294 0.1475 0.1294 0.1277 0.1028 0.1105 0.1268 0.1159 0.1261 0.1134
0.2417 0.2803 0.0000 0.3130 0.3269 0.2722 0.2464 0.2373 0.2982 0.2887 0.2937 0.2898 0.2618 0.2948 0.2392 0.2604 0.2780 0.3138 0.2518 0.2772 0.2172 0.2312 0.2152 0.2880 0.2604 0.4052 0.3215 0.2695 0.2798 0.2697 0.2018 0.2535 0.1665 0.2229 0.2089 0.1572 0.1544 0.2087 0.1428 0.1735 0.1700 0.1898 0.1746 0.1605 0.1995 0.1828 0.1318 0.1198 0.0965 0.0862 0.1160 0.2237 0.2435 0.1013 0.0848 0.2390 0.4055 0.3220 0.3010 0.3038 0.2897 0.3766 0.3356 0.3320 0.3204 0.3249 0.3202 0.3045 0.3197 0.3135
0.2937 0.3534 0.0000 0.3495 0.3722 0.2961 0.2757 0.2690 0.2940 0.2825 0.3207 0.3029 0.2839 0.3042 0.2859 0.3003 0.3311 0.3890 0.3393 0.3650 0.3031 0.3430 0.3128 0.3192 0.2990 0.3217 0.2927 0.2913 0.2914 0.3374 0.2655 0.3128 0.2625 0.2612 0.2491 0.2338 0.2347 0.2818 0.3510 0.3760 0.4161 0.3591 0.2729 0.2545 0.2630 0.3097 0.1911 0.2258 0.2484 0.1688 0.1707 0.2854 0.1404 0.1841 0.2377 0.2287 0.3029 0.1994 0.2155 0.1850 0.1551 0.1960 0.1215 0.1201 0.1444 0.3111 0.3359 0.1284 0.0983 0.2668
0.2877 0.3256 0.0000 0.3354 0.3550 0.3224 0.2946 0.2980 0.3906 0.4029 0.3599 0.3529 0.3147 0.3585 0.2863 0.3122 0.3196 0.3581 0.3183 0.3275 0.2662 0.2981 0.2420 0.2471 0.2692 0.2771 0.2618 0.2478 0.2870 0.3207 0.2607 0.3197 0.2916 0.2836 0.2935 0.2931 0.2881 0.2434 0.3115 0.2945 0.2654 0.2942 0.2310 0.2624 0.2854 0.3150 0.2485 0.2181 0.2397 0.2033 0.2100 0.3728 0.3668 0.2877 0.3839 0.4563 0.3443 0.2513 0.2197 0.2422 0.1739 0.2855 0.2274 0.1710 0.1581 0.3337 0.1397 0.2033 0.2844 0.2732
0.0498 0.0457 0.0000 0.0523 0.0416 0.0367 0.0242 0.0236 0.0385 0.0789 0.0857 0.0305 0.0202 0.0698 0.0760 0.0936 0.1049 0.1118 0.0908 0.0963 0.0751 0.0850 0.0776 0.0743 0.0699 0.0749 0.0724 0.0789 0.0776 0.0927 0.0752 0.0878 0.0818 0.0854 0.0751 0.0796 0.0731 0.0618 0.0921 0.0852 0.0760 0.0742 0.0675 0.0741 0.0784 0.0896 0.0745 0.0639 0.0681 0.0600 0.0622 0.0631 0.0655 0.0650 0.0776 0.0712 0.0893 0.0771 0.0712 0.0737 0.0693 0.0883 0.0783 0.0735 0.0678 0.0737 0.0703 0.0800 0.0894 0.0710
0.6021 0.4771 0.0000 0.5023 0.3886 0.4327 0.4112 0.2993 0.3673 0.4495 0.2938 0.3241 0.2990 0.3274 0.4304 0.3814 0.4273 0.3839 0.3148 0.3591 0.2063 0.2311 0.2805 0.3775 0.3870 0.2401 0.1759 0.3539 0.4083 0.5192 0.3875 0.4777 0.5141 0.4633 0.4322 0.4395 0.4323 0.3407 0.4418 0.4250 0.4069 0.4896 0.3785 0.4472 0.5105 0.5589 0.5101 0.4893 0.4769 0.4746 0.5211 0.5180 0.5562 0.5242 0.5630 0.4734 0.5785 0.4625 0.4138 0.4344 0.4202 0.5011 0.4111 0.4003 0.3708 0.4172 0.4291 0.4130 0.4523 0.4062
0.4658 0.5724 0.0000 0.6232 0.6583 0.5859 0.5655 0.5557 0.6965 0.5065 0.4942 0.5231 0.4934 0.4958 0.5174 0.8320 0.7684 0.9530 0.5505 0.8155 0.4791 0.4086 0.4789 0.3965 0.3038 0.2847 0.2785 0.2814 0.4705 0.4433 0.3663 0.3294 0.2945 0.3036 0.2123 0.2098 0.2744 0.3624 0.5085 0.2708 0.1737 0.4573 0.4063 0.5110 0.5413 0.6086 0.6156 0.4894 0.5262 0.4833 0.4892 0.4422 0.4448 0.4360 0.5398 0.5595 0.6421 0.5586 0.5394 0.5531 0.5870 0.7827 0.5868 0.6462 0.6262 0.6800 0.7440 0.6803 0.6484 0.5443
