1.5837 0.7962 0.0000 1.0645 0.6654 0.3590 0.2231 0.1172 0.9922 0.2699 0.2092 0.1816 0.1220 0.8364 0.0678 0.1755 0.2111 0.6821 0.1976 0.2368 0.0273 0.0927 0.0076 0.0086 0.0277 0.0370 0.0201 0.0104 0.0605 0.1889 0.0225 0.2073 0.0763 0.0548 0.0357 0.0273 0.0287 0.0048 0.1104 0.0815 0.0252 0.0705 0.0049 0.0214 0.0529 0.1481 0.0098 0.0025 0.0066 0.0010 0.0015 0.0287 0.0167 1.0470 1.3524 0.0885 0.6645 0.0110 0.0024 0.0076 0.0001 0.0405 0.0053 0.0001 0.0000 0.0352 0.0000 0.0001 0.0006 0.0004
0.0005 0.0002 0.0000 0.0002 0.0000 0.0000 0.0000 0.0000 0.0000 0.0452 0.1041 0.0000 0.0000 0.0301 0.2385 6.2383 1.6844 24.7816 1.1726 4.0145 0.2205 1.0758 0.3828 0.1805 0.1000 0.2176 0.1592 0.4760 0.3591 2.5975 0.1546 0.7717 0.3672 0.1496 0.1390 0.1246 0.0227 0.0035 0.3151 0.1344 0.0665 0.0989 0.0438 0.1126 0.3577 1.6454 0.2150 0.0405 0.0739 0.0188 0.0272 0.0320 0.0491 0.0485 0.3072 0.1210 0.7402 0.1634 0.0726 0.1007 0.0335 0.2820 0.0458 0.0215 0.0090 0.0768 0.0548 0.4130 0.7676 0.0495
0.0218 0.0109 0.0000 0.0192 0.0006 0.0037 0.0013 0.0000 0.0003 0.0069 0.0000 0.0001 0.0000 0.0001 0.0007 0.0001 0.0010 0.0003 0.0000 0.0000 0.0000 0.0000 0.0000 0.0050 0.0075 0.0000 0.0000 0.0026 0.0584 0.6734 0.3242 0.2690 0.0400 0.0476 0.0265 0.0205 0.0225 0.0017 0.0222 0.0155 0.0074 0.0646 0.0037 0.0224 0.0567 0.1423 0.0350 0.0045 0.0158 0.0048 0.0014 0.0009 0.0057 0.0030 0.0188 0.0057 0.1706 0.0168 0.0065 0.0150 0.0104 0.0656 0.0074 0.0075 0.0024 0.0084 0.0118 0.0079 0.0162 0.0066
0.0162 0.1558 0.0000 0.2459 0.1343 0.0245 0.0091 0.0037 0.0410 0.2292 0.1101 0.8111 0.6630 0.2643 0.6574 0.0316 0.0479 0.2692 0.0036 0.1639 0.0341 0.0038 0.0013 0.0926 0.0001 0.0024 0.0012 0.0008 0.0368 0.0100 0.0049 0.0026 0.0001 0.0002 0.0000 0.0000 0.0000 0.0021 0.0875 0.0000 0.0000 0.0183 0.1115 3.0416 1.6343 45.2386 0.7498 0.2292 0.4620 0.2008 0.2159 0.0585 0.0612 0.0524 0.5360 0.9486 3.6577 0.9003 0.2799 0.3495 0.4295 1.5340 0.3966 0.3531 0.0264 0.0516 0.2876 0.1088 0.2661 0.0795
0.2181 0.9388 0.0000 2.9350 3.1347 0.4308 0.0905 0.0596 0.6787 0.7280 0.9073 0.9174 0.3851 0.9566 0.1230 0.4154 0.8998 3.1857 0.2542 0.7186 0.0519 0.0930 0.0426 0.2112 0.0866 2.3173 0.9585 0.1064 1.5590 0.5253 0.0220 0.2761 0.0021 0.0651 0.0444 0.0013 0.0010 0.0064 0.0003 0.0015 0.0007 0.0013 0.0048 0.0016 0.0153 0.0041 0.0001 0.0000 0.0000 0.0000 0.0000 0.0254 0.0717 0.0000 0.0000 0.0803 5.0549 2.7371 0.4810 1.4290 20.3996 26.4028 3.2554 4.1606 1.3510 1.0996 1.0544 0.6498 2.1369 3.7110
0.1029 1.1102 0.0000 2.7314 9.3343 0.7250 0.3545 0.2769 0.5400 0.3217 1.5949 0.8500 0.4284 0.8231 0.3523 0.4602 0.6648 2.8260 0.4411 0.9353 0.0463 0.1321 0.0632 0.1294 0.1047 0.2653 0.1582 0.0796 0.2369 1.5371 0.1296 1.2275 0.1581 0.1513 0.0886 0.0417 0.0427 0.0058 0.0784 0.1407 0.0749 0.0498 0.0190 0.1128 0.1474 0.9281 0.0028 0.0297 0.0046 0.0000 0.0005 0.0016 0.0000 0.0000 0.0002 0.0002 0.0186 0.0002 0.0004 0.0000 0.0000 0.0001 0.0000 0.0000 0.0000 0.0373 0.0967 0.0000 0.0000 0.0246
0.0283 0.2752 0.0000 0.3680 1.0939 1.1052 0.1376 0.1168 0.9884 0.2453 0.2093 0.1817 0.1232 1.3750 0.1119 0.2885 0.3471 1.1214 0.3249 0.3893 0.0448 0.1524 0.0125 0.0142 0.0455 0.0608 0.0331 0.0170 0.0995 0.3105 0.0371 0.3408 0.1254 0.0904 0.0361 0.0272 0.0289 0.0079 0.1815 0.1346 0.0414 0.1159 0.0081 0.0352 0.0870 0.2435 0.0162 0.0041 0.0108 0.0017 0.0024 0.0108 0.0098 0.0284 0.1770 0.0241 0.1723 0.0181 0.0040 0.0125 0.0002 0.0665 0.0014 0.0000 0.0001 0.0046 0.0000 0.0000 0.0001 0.0001
0.0001 0.0000 0.0000 0.0000 0.0000 0.0000 0.0000 0.0000 0.0000 0.0198 0.0457 0.0000 0.0000 0.0217 0.0382 0.0487 0.0537 0.3163 0.1374 1.1440 0.2988 0.3828 0.1362 0.0645 0.0356 0.0774 0.0562 0.1031 0.0778 0.3851 0.0181 0.0920 0.0430 0.0175 0.0163 0.0146 0.0027 0.0004 0.0369 0.0158 0.0078 0.0116 0.0051 0.0143 0.0530 0.2439 0.0464 0.0088 0.0260 0.0067 0.0096 0.0069 0.0106 0.0096 0.0455 0.0261 0.1224 0.0204 0.0085 0.0118 0.0039 0.0331 0.0054 0.0025 0.0011 0.0235 0.0195 0.0659 0.1263 0.0109
0.0185 0.0682 0.0000 0.1195 0.0030 0.0228 0.0011 0.0000 0.0009 0.0531 0.0000 0.0002 0.0003 0.0011 0.0007 0.0001 0.0012 0.0004 0.0000 0.0000 0.0000 0.0000 0.0000 0.0952 0.1418 0.0000 0.0000 0.0296 0.5830 3.0417 0.0791 1.2152 0.8558 1.8332 1.3405 2.5201 1.5097 0.0953 1.4872 1.0379 0.6810 3.2732 0.1877 0.8286 1.2124 3.0976 0.7480 0.0800 0.3368 0.1024 0.0253 0.0166 0.1008 0.0527 0.4011 0.1222 3.6490 0.3875 0.2419 0.5557 0.5282 3.3228 0.6673 0.5035 0.2179 0.4370 0.5990 0.3906 0.5994 0.3369
0.0774 0.5642 0.0000 0.8339 0.4534 0.0831 0.0256 0.0105 0.1148 0.8595 0.6351 1.2836 0.7735 0.6638 0.0550 0.0885 0.0951 0.7571 0.0028 0.3254 0.0030 0.0003 0.0006 0.0444 0.0000 0.0003 0.0006 0.0007 0.0023 0.0008 0.0003 0.0001 0.0000 0.0000 0.0000 0.0000 0.0000 0.0220 0.9288 0.0000 0.0000 0.1478 0.0939 0.4366 0.4898 2.7293 0.9882 0.5559 1.8493 0.8885 2.6939 0.5849 0.6115 0.5214 2.5762 2.3006 8.9098 1.5012 0.3689 0.4688 0.5661 2.0217 0.5227 0.4654 0.0348 0.0680 0.3790 0.1434 0.3507 0.1048
0.1106 0.5127 0.0000 1.8834 2.9385 0.4038 0.2564 0.2283 1.9152 1.1410 0.8505 0.7847 0.2471 0.8928 0.0880 0.2249 0.4564 1.6158 0.1289 0.3645 0.0263 0.0470 0.0216 0.6971 0.3330 0.7504 1.0978 0.2522 0.0861 0.2664 0.0111 0.1401 0.0008 0.0330 0.0025 0.0001 0.0003 0.0064 0.0000 0.0004 0.0007 0.0024 0.0005 0.0001 0.0018 0.0005 0.0000 0.0000 0.0000 0.0000 0.0000 0.0976 0.2756 0.0000 0.0000 0.0750 1.2068 0.1955 0.0433 0.1021 0.1848 3.4856 0.7092 0.9976 0.7315 13.4680 2.3213 1.0228 0.7852 0.4899
0.1474 0.9232 0.0000 0.7351 1.4573 0.1137 0.0553 0.0432 0.0843 0.0504 0.2501 0.1327 0.0672 0.1291 0.0807 0.1316 0.4022 2.3501 0.6160 1.8265 0.2981 1.0582 0.4090 0.6011 0.2737 0.2929 0.1000 0.1419 0.1303 0.4340 0.0344 0.1916 0.0247 0.0237 0.0139 0.0065 0.0067 0.3708 5.8899 0.3078 0.4367 1.4620 0.0069 0.0177 0.0231 0.1449 0.0004 0.0047 0.0016 0.0000 0.0001 0.0118 0.0000 0.0000 0.0148 0.0103 0.0127 0.0001 0.0003 0.0000 0.0000 0.0001 0.0000 0.0000 0.0000 0.4389 1.9586 0.0000 0.0000 0.0439
0.0149 0.1158 0.0000 0.1549 0.4624 0.1888 0.0726 0.0897 1.7136 1.7293 10.5683 2.9432 0.4677 0.5812 0.1794 0.1591 0.1467 0.7170 0.1367 0.1646 0.0189 0.0644 0.0053 0.0060 0.0192 0.0256 0.0150 0.0135 0.0801 0.3669 0.0436 0.4027 0.1958 0.1974 0.4620 0.4720 0.3720 0.0875 1.1275 0.2695 0.0854 0.3983 0.0278 0.0507 0.1028 0.1713 0.0446 0.0051 0.0078 0.0012 0.0017 0.0647 0.0691 0.0149 0.3068 0.0701 0.0728 0.0077 0.0017 0.0052 0.0001 0.0281 0.0006 0.0000 0.0000 0.0080 0.0000 0.0000 0.0008 0.0006
0.0003 0.0001 0.0000 0.0001 0.0000 0.0000 0.0000 0.0000 0.0000 3.8986 2.2673 0.0000 0.0000 0.5250 0.1195 0.3244 0.2992 2.1084 0.9200 5.7958 0.5253 2.8210 2.2668 3.1206 5.5304 18.8532 2.2436 0.6872 2.1449 3.6693 0.1207 1.0167 0.2881 0.1174 0.1086 0.0978 0.0178 0.0027 0.2461 0.1055 0.0605 0.1404 0.0714 0.2901 1.0782 4.9598 1.2509 0.3312 1.9839 0.6274 0.7328 0.4916 0.4356 0.2099 0.9715 0.8984 4.2143 0.4284 0.1226 0.1434 0.0837 0.4125 0.0385 0.0180 0.0076 1.1349 0.9425 0.2060 1.3599 0.2996
0.0017 0.0080 0.0000 0.0140 0.0003 0.0027 0.0001 0.0000 0.0001 0.0100 0.0000 0.0000 0.0002 0.0008 0.0001 0.0000 0.0002 0.0001 0.0000 0.0000 0.0000 0.0000 0.0000 0.1564 0.1201 0.0000 0.0000 0.0178 0.0579 0.3074 0.0080 0.1223 0.0861 0.1845 0.1337 0.1894 0.1650 0.0147 0.7403 0.5612 1.1886 0.4567 0.0729 0.1107 0.1220 0.4798 0.0753 0.0081 0.0340 0.0103 0.0026 0.0017 0.0101 0.0053 0.0439 0.0208 0.7120 0.1109 0.0692 0.1584 0.1998 1.7657 0.6468 0.2722 0.2122 0.4255 0.3458 0.1204 0.1792 0.1627
0.0254 0.1128 0.0000 0.0967 0.0927 0.0099 0.0018 0.0007 0.0079 0.0902 0.0667 0.0871 0.0576 0.0673 0.0038 0.0061 0.0065 0.0518 0.0002 0.0223 0.0002 0.0000 0.0000 0.0033 0.0000 0.0000 0.0001 0.0001 0.0002 0.0001 0.0000 0.0000 0.0000 0.0000 0.0000 0.0000 0.0000 0.0081 0.0975 0.0000 0.0000 0.0486 0.0195 0.1492 0.1213 0.9327 0.3377 0.1900 0.3846 0.1664 0.1797 0.0487 0.0510 0.0434 0.6159 2.1041 5.9034 0.5130 0.1266 0.1602 0.1935 0.6909 0.1786 0.1590 0.0119 0.0232 0.1301 0.0490 0.1204 0.0386
0.2472 1.6812 0.0000 6.1756 10.3305 1.4197 0.2306 0.1009 1.8068 2.3990 2.9901 2.7589 0.8500 3.1524 0.3108 0.7604 1.0654 3.1550 0.2820 0.6609 0.0478 0.0856 0.0392 0.3082 0.1472 0.8245 0.4853 0.1115 0.1562 0.4852 0.0203 0.2539 0.0015 0.0599 0.0045 0.0001 0.0005 0.0029 0.0000 0.0003 0.0003 0.0010 0.0005 0.0002 0.0016 0.0004 0.0000 0.0000 0.0000 0.0000 0.0000 0.0432 0.1218 0.0000 0.0000 0.2636 2.4082 0.7055 0.0963 0.3684 0.6670 12.5783 1.5509 1.9735 0.6436 0.6155 1.9049 1.2751 3.9112 3.4278
3.8010 8.7775 0.0000 8.1399 5.1997 0.2826 0.2062 0.1075 0.4299 0.1254 0.6216 0.3298 0.5251 1.5661 1.1256 2.6823 8.1961 47.8878 14.1800 31.4042 1.1963 1.8243 1.6416 3.7952 2.8391 6.4266 2.1380 2.1229 1.9483 9.1564 0.4994 2.3356 0.3369 0.1895 0.0763 0.0359 0.0367 0.0206 0.2780 0.4231 0.2252 0.1498 0.0159 0.0440 0.0575 0.3602 0.0011 0.0116 0.0039 0.0000 0.0002 0.0049 0.0000 0.0000 0.0007 0.0005 0.0145 0.0002 0.0003 0.0000 0.0000 0.0001 0.0000 0.0000 0.0000 0.5157 0.3430 0.0000 0.0000 0.6531
0.0249 0.4646 0.0000 0.6213 1.8549 0.5185 0.1214 0.1356 1.1474 0.2848 0.3169 0.3002 0.1898 1.6032 0.4971 2.8308 0.7914 8.1465 0.5705 0.6602 0.0787 0.2585 0.0238 0.0241 0.0772 0.1031 0.0972 0.0779 0.5191 2.2557 0.2683 2.4757 0.5593 0.4015 0.1239 0.0523 0.1042 0.0353 0.8095 0.7336 0.3008 0.5791 0.0507 0.2560 0.4557 1.1098 0.0738 0.0119 0.0224 0.0036 0.0049 0.0126 0.0114 0.0250 0.2054 0.0279 0.2922 0.0308 0.0067 0.0210 0.0003 0.1128 0.0023 0.0001 0.0001 0.0054 0.0000 0.0000 0.0002 0.0001
0.0009 0.0005 0.0000 0.0003 0.0001 0.0000 0.0000 0.0000 0.0000 0.4473 0.5977 0.0000 0.0000 1.0909 0.1491 1.2353 1.0579 7.9927 8.6299 11.9400 0.6558 3.1858 1.1386 0.5368 0.2960 0.6443 0.4736 1.4157 1.6800 10.3890 4.8310 12.3324 4.5186 1.1012 1.7107 0.9173 0.1673 0.0255 2.3190 0.9893 0.5950 1.3756 0.6993 1.7990 3.1609 8.6213 1.0058 0.1904 0.2662 0.0557 0.1032 0.1496 0.2295 0.2542 2.6106 0.6649 11.8285 2.6109 1.1553 1.4054 0.4675 2.5253 0.3367 0.1580 0.0661 0.1952 0.1621 0.2571 0.6801 0.0908
0.0034 0.0203 0.0000 0.0356 0.0009 0.0068 0.0002 0.0000 0.0003 0.0014 0.0000 0.0000 0.0000 0.0000 0.0001 0.0000 0.0002 0.0001 0.0000 0.0000 0.0000 0.0000 0.0000 0.0038 0.0056 0.0000 0.0000 0.0030 0.0107 0.1685 0.0056 0.0670 0.1168 0.0557 0.0247 0.0318 0.0251 0.0016 0.0376 0.0286 0.0177 0.0994 0.0254 0.1575 0.3594 3.2334 0.1707 0.0109 0.0772 0.0140 0.0057 0.0023 0.0138 0.0072 0.1397 0.0663 2.2583 0.3047 0.0903 0.1225 0.0715 0.4497 0.0386 0.0162 0.0132 0.0576 0.0811 0.0649 0.2143 0.0511
0.1090 1.1925 0.0000 1.2880 0.7033 0.0826 0.0179 0.0073 0.0803 0.0411 0.0303 0.0678 0.0370 0.0317 0.0168 0.0345 0.0371 0.2952 0.0011 0.1269 0.0009 0.0001 0.0002 0.0021 0.0000 0.0000 0.0000 0.0000 0.0007 0.0003 0.0001 0.0000 0.0000 0.0000 0.0000 0.0000 0.0000 0.0021 0.0444 0.0000 0.0000 0.0572 0.0080 0.1131 0.1183 0.7067 1.0772 0.0782 0.1577 0.0685 0.0737 0.0200 0.0210 0.0179 0.1829 0.3237 1.7919 0.3195 0.3970 0.4957 2.2211 2.2039 1.5118 0.5073 0.0460 0.0741 0.4132 0.1563 0.7127 0.3031
0.3435 0.9484 0.0000 0.9764 0.9312 0.1280 0.0208 0.0123 0.1629 0.2162 0.2695 0.3052 0.2069 0.3338 0.1243 0.4197 0.9090 7.3631 0.5876 1.1620 0.0593 0.1057 0.0486 0.0377 0.0180 0.1008 0.0593 0.0136 0.0684 0.4576 0.0191 0.2405 0.0014 0.0567 0.0019 0.0001 0.0005 0.0003 0.0000 0.0000 0.0000 0.0001 0.0002 0.0001 0.0007 0.0002 0.0000 0.0000 0.0000 0.0000 0.0000 0.0053 0.0149 0.0000 0.0000 0.0238 0.2894 0.1567 0.0333 0.0818 0.6237 1.5114 0.1863 0.2382 0.0773 0.0629 0.0604 0.0372 0.1223 0.2124
0.0205 0.2216 0.0000 0.5453 1.8635 2.4559 0.0708 0.2180 1.1527 0.4640 2.3006 1.2261 0.4759 0.3842 0.0700 0.0919 0.1327 0.5642 0.0881 0.1867 0.0092 0.0264 0.0126 0.0258 0.0209 0.0530 0.0316 0.0159 0.0473 0.3069 0.0259 0.2450 0.1006 0.1688 0.1900 0.0894 0.0915 0.0012 0.0156 0.0281 0.0150 0.0099 0.0165 0.1628 0.2127 1.3388 0.0041 0.0428 0.0066 0.0001 0.0007 0.0003 0.0000 0.0000 0.0000 0.0000 0.0267 0.0003 0.0003 0.0000 0.0000 0.0001 0.0000 0.0000 0.0000 0.0075 0.0193 0.0000 0.0000 0.0049
0.0046 0.1085 0.0000 0.1450 1.8150 0.0957 0.0223 0.0250 0.2117 0.0523 0.0446 0.0389 0.0264 0.2945 0.0358 0.0931 0.5684 1.8048 1.4302 0.6460 0.7293 0.2529 0.0652 0.0269 0.0755 0.1009 0.2658 0.1912 0.3105 0.5795 0.0327 0.1775 0.0401 0.0289 0.0089 0.0058 0.0075 0.0025 0.0580 0.0526 0.0350 0.0436 0.0115 0.0663 0.1748 1.1195 0.1811 0.0327 0.0612 0.0097 0.0135 0.0023 0.0021 0.0046 0.0377 0.0051 0.1322 0.0301 0.0066 0.0206 0.0003 0.1104 0.0011 0.0000 0.0001 0.0010 0.0000 0.0000 0.0000 0.0000
0.0001 0.0001 0.0000 0.0000 0.0000 0.0000 0.0000 0.0000 0.0000 0.0145 0.0333 0.0000 0.0000 0.0237 0.0142 0.1177 0.1013 0.7651 1.3994 1.1380 0.0625 0.3050 0.1085 0.0512 0.0283 0.0617 0.0451 0.1349 0.1018 0.7364 0.1084 0.5437 0.4382 0.7042 0.1652 1.1523 0.1070 0.0163 1.4766 0.6326 0.3114 0.1949 0.0354 0.0790 0.1394 0.4664 0.0609 0.0115 0.0209 0.0053 0.0077 0.0091 0.0139 0.0137 0.1151 0.0343 0.5215 0.1151 0.0509 0.1201 0.0902 1.3275 0.2154 0.1011 0.0422 0.0187 0.0155 0.0245 0.0651 0.0087
0.1135 1.8778 0.0000 3.2893 0.0819 0.6270 0.0112 0.0003 0.0258 0.0187 0.0001 0.0002 0.0001 0.0006 0.0062 0.0012 0.0044 0.0007 0.0001 0.0004 0.0000 0.0000 0.0000 0.0520 0.0774 0.0000 0.0000 0.0266 0.0311 0.4924 0.0200 0.1967 0.5807 0.1606 0.0715 0.0916 0.0728 0.0046 0.0717 0.0501 0.0331 0.2879 0.0339 0.1198 0.4878 2.0300 0.6175 0.5833 0.7250 0.2753 5.3858 0.7531 1.5267 0.7957 6.0513 0.7711 6.4000 0.4064 0.1205 0.1627 0.0949 0.5998 0.0513 0.0243 0.0177 0.0772 0.1086 0.0862 0.2846 0.0862
0.0067 0.0539 0.0000 0.1945 0.3534 0.1131 0.0866 0.0355 0.3885 0.0037 0.0028 0.0062 0.0034 0.0029 0.0068 0.2594 0.2372 2.2185 0.0044 0.5182 0.0010 0.0001 0.0009 0.0002 0.0000 0.0000 0.0000 0.0000 0.0007 0.0003 0.0000 0.0000 0.0000 0.0000 0.0000 0.0000 0.0000 0.0001 0.0040 0.0000 0.0000 0.0025 0.0004 0.0053 0.0066 0.0329 0.0502 0.0036 0.0073 0.0032 0.0034 0.0009 0.0010 0.0008 0.0085 0.0151 0.0581 0.0143 0.0111 0.0138 0.0287 0.7417 0.0303 0.0932 0.1178 3.3673 0.4918 0.1861 0.1428 0.0179
0.0234 0.0649 0.0000 0.0802 0.0860 0.0118 0.0025 0.0016 0.0185 0.0199 0.0248 0.0251 0.0142 0.0275 0.0102 0.0287 0.0622 0.5037 0.1338 0.6602 0.1191 0.3775 0.1737 0.0050 0.0024 0.0133 0.0078 0.0018 0.0394 3.9738 0.1183 2.1349 0.0056 0.2240 0.0035 0.0001 0.0019 0.0000 0.0000 0.0000 0.0000 0.0000 0.0003 0.0001 0.0005 0.0000 0.0000 0.0000 0.0000 0.0000 0.0000 0.0007 0.0020 0.0000 0.0000 0.0022 0.4249 0.2301 0.0490 0.1201 0.9158 2.2196 0.2737 0.3498 0.1136 0.0924 0.0886 0.0546 0.1796 0.3120
0.0486 0.5241 0.0000 1.2894 4.4064 2.4728 0.1673 0.5156 5.6663 3.8805 27.9844 10.2544 0.8011 0.6440 0.1663 0.2172 0.3138 1.3341 0.2082 0.4415 0.0218 0.0624 0.0298 0.0611 0.0494 0.1253 0.0747 0.0376 0.1119 0.7256 0.0612 0.5795 0.1685 0.2829 0.3022 0.1422 0.1455 0.0027 0.0370 0.0664 0.0354 0.0235 0.0391 1.3673 1.7865 11.1966 0.0339 0.3581 0.0259 0.0003 0.0063 0.0008 0.0000 0.0000 0.0001 0.0001 0.0948 0.0012 0.0009 0.0000 0.0000 0.0004 0.0000 0.0000 0.0000 0.0176 0.0456 0.0000 0.0000 0.0116
0.0016 0.0381 0.0000 0.0509 0.6374 0.0336 0.0078 0.0087 0.0743 0.0184 0.0157 0.0136 0.0093 0.1034 0.0084 0.0316 0.1194 0.3774 0.1885 1.6392 0.0260 0.3502 0.1611 0.2115 0.6777 1.7559 0.0761 0.0164 0.0393 0.0988 0.0056 0.0373 0.0094 0.0068 0.0027 0.0020 0.0022 0.0006 0.0136 0.0111 0.0060 0.0087 0.0020 0.0113 0.0299 0.1413 0.0213 0.0094 0.0456 0.0073 0.0100 0.0008 0.0007 0.0016 0.0133 0.0018 0.2016 0.2701 0.0593 0.1855 0.0028 0.9905 0.0044 0.0001 0.0009 0.0003 0.0000 0.0000 0.0000 0.0000
0.0013 0.0007 0.0000 0.0001 0.0001 0.0000 0.0000 0.0000 0.0000 0.0123 0.0284 0.0000 0.0000 0.0136 0.0111 0.0921 0.0792 0.5985 1.0946 0.8901 0.0489 0.2385 0.0849 0.0402 0.0238 0.0562 0.0384 0.1055 0.2515 1.0015 0.1036 1.0849 0.6391 0.7770 0.6281 0.4588 0.4697 0.0259 1.1600 0.4948 2.8792 1.3110 0.1625 0.2681 0.4731 1.2903 0.1499 0.0284 0.0398 0.0057 0.0154 0.0225 0.0345 0.0379 0.3890 0.1200 2.1258 0.3891 0.1722 0.5484 0.6071 8.9302 1.0225 0.4778 0.1997 0.0146 0.0121 0.0193 0.0509 0.0068
0.0077 0.1827 0.0000 0.3201 0.0055 0.0423 0.0008 0.0000 0.0017 0.0013 0.0000 0.0000 0.0000 0.0000 0.0004 0.0001 0.0003 0.0000 0.0000 0.0000 0.0000 0.0000 0.0000 0.0054 0.0052 0.0000 0.0000 0.0060 0.0078 0.1238 0.0041 0.0495 0.1460 0.0404 0.0180 0.0230 0.0182 0.0012 0.0339 0.0229 0.0141 0.0776 0.0203 0.0720 0.2317 1.2201 0.3387 0.0318 0.3908 0.0289 0.0401 0.0095 0.0285 0.0149 0.9759 2.8130 3.5256 0.4102 0.1039 0.1321 0.0852 0.5335 0.0570 0.0361 0.0295 0.1286 0.1801 0.0961 0.3730 0.1435
0.0456 0.3128 0.0000 1.4920 2.3894 0.2573 0.0452 0.0185 0.2028 0.0038 0.0028 0.0063 0.0034 0.0029 0.0016 0.0133 0.0121 0.1131 0.0003 0.0337 0.0001 0.0000 0.0001 0.0002 0.0000 0.0000 0.0000 0.0000 0.0001 0.0000 0.0000 0.0000 0.0000 0.0000 0.0000 0.0000 0.0000 0.0007 0.0041 0.0000 0.0000 0.0172 0.0024 0.0342 0.0358 0.2140 0.2223 0.0237 0.0480 0.0207 0.0223 0.0061 0.0121 0.0113 0.1074 0.1208 2.1214 0.2875 0.1561 0.4070 0.3379 0.4549 0.3245 0.1043 0.0296 0.0210 0.0853 0.0321 0.4605 0.1959
0.7042 1.3308 0.0000 1.3702 1.3067 0.1796 0.0292 0.0107 0.2285 0.3035 0.3782 0.4283 0.2903 0.4685 0.1744 0.5889 1.2812 5.6397 0.4501 0.8900 0.0452 0.0810 0.0371 0.0135 0.0065 0.0362 0.0213 0.0049 0.0246 0.1119 0.0047 0.0586 0.0003 0.0139 0.0007 0.0000 0.0001 0.0001 0.0000 0.0000 0.0000 0.0000 0.0001 0.0000 0.0002 0.0001 0.0000 0.0000 0.0000 0.0000 0.0000 0.0048 0.0053 0.0000 0.0000 0.0335 0.1714 0.0858 0.0151 0.0448 0.2016 0.8953 0.1104 0.1405 0.0458 0.0371 0.0995 0.0669 0.2052 0.2266
0.0831 0.4666 0.0000 1.5438 0.9861 0.0390 0.0391 0.0149 0.0815 0.0176 0.0858 0.0457 0.0996 0.5010 0.2135 1.4854 1.5342 4.7252 0.5557 1.1679 0.0302 0.0727 0.0655 0.1658 0.1336 0.4211 0.3636 0.1434 0.4990 3.8537 0.2157 0.7471 0.1255 0.0706 0.0236 0.0111 0.0113 0.0006 0.0077 0.0138 0.0074 0.0049 0.0017 0.0061 0.0079 0.0499 0.0001 0.0016 0.0004 0.0000 0.0000 0.0002 0.0000 0.0000 0.0000 0.0000 0.0016 0.0000 0.0000 0.0000 0.0000 0.0000 0.0000 0.0000 0.0000 0.0214 0.0095 0.0000 0.0000 0.0331
0.0022 0.0407 0.0000 0.0544 0.2234 0.0454 0.0106 0.0118 0.1005 0.0248 0.0593 0.0561 0.0355 0.2518 0.0929 0.1828 0.1532 1.3960 0.1303 0.0795 0.0188 0.0311 0.0072 0.0029 0.0093 0.0124 0.0292 0.0336 0.1560 1.4851 0.1869 0.8592 0.1631 0.1165 0.0240 0.0152 0.0305 0.0104 0.2360 0.2416 0.1887 0.2063 0.0318 0.1607 0.2774 0.4810 0.0417 0.0062 0.0094 0.0015 0.0021 0.0011 0.0010 0.0022 0.0179 0.0024 0.0276 0.0037 0.0008 0.0025 0.0000 0.0136 0.0002 0.0000 0.0000 0.0005 0.0000 0.0000 0.0000 0.0000
0.0000 0.0000 0.0000 0.0000 0.0000 0.0000 0.0000 0.0000 0.0000 0.0086 0.0034 0.0000 0.0000 0.0215 0.0018 0.0116 0.0073 0.0754 0.0329 0.1419 0.0078 0.0380 0.0135 0.0064 0.0099 0.0235 0.0159 0.0304 0.1045 0.3949 0.0076 0.1094 0.0165 0.0042 0.0065 0.0035 0.0015 0.0001 0.0088 0.0038 0.0065 0.0204 0.0077 0.0580 0.2154 1.0765 0.0975 0.0183 0.0171 0.0037 0.0100 0.0145 0.0223 0.0277 0.1858 0.0691 0.4305 0.0830 0.0241 0.0208 0.0090 0.0444 0.0041 0.0019 0.0008 0.0023 0.0019 0.0031 0.0081 0.0011
0.0106 0.0487 0.0000 0.0853 0.0021 0.0163 0.0006 0.0000 0.0007 0.0102 0.0000 0.0001 0.0001 0.0003 0.0003 0.0001 0.0005 0.0002 0.0000 0.0000 0.0000 0.0000 0.0000 0.1631 0.0422 0.0000 0.0000 0.1864 0.0938 0.8111 0.0210 0.3226 0.2272 0.4867 0.2157 0.2775 0.2197 0.0160 0.8101 0.6115 0.3775 1.6849 0.4399 0.8452 0.5086 3.6641 0.2838 0.0213 0.1341 0.0272 0.0138 0.0044 0.0268 0.0140 0.3349 0.2374 5.4136 1.3209 0.8246 1.8945 4.9465 26.7196 1.3607 0.8624 0.7051 2.9140 4.0819 2.3872 3.5687 2.0588
0.3569 2.4916 0.0000 1.2233 1.3009 0.1401 0.0246 0.0101 0.1104 0.1090 0.0806 0.1565 0.0853 0.0729 0.0110 0.0177 0.0191 0.1517 0.0006 0.0652 0.0006 0.0001 0.0001 0.0049 0.0000 0.0001 0.0001 0.0001 0.0005 0.0002 0.0001 0.0000 0.0000 0.0000 0.0000 0.0000 0.0000 0.0284 0.1178 0.0000 0.0000 0.6820 0.0136 0.1037 0.0843 0.6482 0.2357 0.1326 0.2673 0.1162 0.1249 0.0547 0.1838 0.1709 1.6304 1.0640 23.6360 1.3698 0.1390 0.4960 0.1930 0.4823 0.1862 0.1110 0.0170 0.0162 0.0904 0.0341 0.2630 0.1814
0.0202 0.2135 0.0000 0.7844 2.8993 0.7019 0.0520 0.0290 0.6196 0.7640 0.7300 0.5834 0.1797 0.6666 0.0657 0.1608 0.2253 0.3820 0.0596 0.0986 0.0041 0.0073 0.0034 0.0089 0.0043 0.0148 0.0087 0.0020 0.0028 0.0087 0.0004 0.0046 0.0000 0.0011 0.0001 0.0000 0.0000 0.0000 0.0000 0.0000 0.0000 0.0000 0.0000 0.0000 0.0000 0.0000 0.0000 0.0000 0.0000 0.0000 0.0000 0.0124 0.0035 0.0000 0.0000 0.0557 0.0854 0.0154 0.0021 0.0080 0.0146 0.2737 0.0550 0.0777 0.0423 0.0605 0.3311 0.1253 0.3842 0.0577
1.4153 3.5971 0.0000 3.3358 2.1309 0.1497 0.0842 0.0572 0.1754 0.0664 0.3294 0.1755 0.2152 1.1862 0.4613 1.1532 3.4779 20.3207 9.4653 28.0670 12.3125 12.6859 11.3664 12.9188 6.0375 6.8072 2.3861 3.8425 3.5264 7.2437 0.4703 1.2594 0.6098 0.3445 0.1150 0.0541 0.0554 0.0494 0.6678 0.3668 0.3625 0.3270 0.0085 0.0233 0.0304 0.1908 0.0006 0.0061 0.0021 0.0000 0.0001 0.0079 0.0000 0.0000 0.0017 0.0012 0.0105 0.0001 0.0003 0.0000 0.0000 0.0000 0.0000 0.0000 0.0000 3.5862 0.8240 0.0000 0.0000 1.1873
0.0060 0.0465 0.0000 0.0621 0.1855 0.0757 0.0291 0.0360 0.6873 0.2743 1.4581 0.7123 0.2038 0.2331 0.0868 0.0811 0.0588 0.3654 0.0551 0.0660 0.0076 0.0258 0.0021 0.0024 0.0077 0.0103 0.0077 0.0171 0.0407 0.2955 0.0347 0.3201 0.2417 0.2437 0.3672 0.8583 0.4672 0.0736 0.9484 0.3384 0.1078 0.5001 0.0349 0.0636 0.1290 0.1730 0.0435 0.0064 0.0097 0.0016 0.0022 0.0121 0.0110 0.0060 0.1231 0.0227 0.0292 0.0031 0.0007 0.0021 0.0000 0.0113 0.0002 0.0000 0.0000 0.0032 0.0000 0.0000 0.0001 0.0001
0.0000 0.0000 0.0000 0.0000 0.0000 0.0000 0.0000 0.0000 0.0000 0.8753 0.0994 0.0000 0.0000 0.1822 0.0085 0.0236 0.0160 0.1525 0.0665 0.4193 0.0377 0.2023 0.1209 0.1008 0.3176 0.4244 0.2897 0.0782 0.3240 0.5789 0.0112 0.1604 0.0242 0.0085 0.0096 0.0071 0.0021 0.0002 0.0178 0.0076 0.0096 0.0619 0.0113 0.0726 0.2664 1.2309 0.4799 0.1271 0.8674 0.1870 0.6239 0.3308 0.2931 0.1295 0.6342 0.6045 2.8360 0.1982 0.0675 0.0450 0.0563 0.2788 0.0259 0.0121 0.0051 0.0367 0.0305 0.0148 0.0725 0.0131
0.0007 0.0034 0.0000 0.0060 0.0001 0.0011 0.0000 0.0000 0.0000 0.0031 0.0000 0.0000 0.0000 0.0002 0.0000 0.0000 0.0001 0.0000 0.0000 0.0000 0.0000 0.0000 0.0000 0.2745 0.0229 0.0000 0.0000 0.0707 0.0111 0.0961 0.0025 0.0384 0.0269 0.0577 0.0256 0.0338 0.0437 0.0063 0.6731 0.1915 0.1182 0.2006 0.0576 0.1002 0.0603 0.4344 0.0338 0.0025 0.0159 0.0032 0.0016 0.0005 0.0032 0.0017 0.0401 0.0527 0.6446 0.1593 0.0982 0.2246 0.4085 3.6096 0.7281 0.4779 0.3773 2.8444 2.0550 0.4243 0.6713 0.6281
1.3053 3.9834 0.0000 2.3178 5.8392 0.5123 0.0900 0.0371 0.4038 0.4388 0.3827 0.2235 0.2046 0.2382 0.0157 0.0253 0.0272 0.2166 0.0008 0.0931 0.0009 0.0001 0.0002 0.0117 0.0000 0.0001 0.0003 0.0004 0.0007 0.0002 0.0001 0.0000 0.0000 0.0000 0.0000 0.0000 0.0000 0.3004 0.5596 0.0000 0.0000 2.4944 0.0307 0.2349 0.1909 1.4683 0.5339 0.3004 0.6055 0.2632 0.2830 0.1659 1.1840 0.4224 4.0293 2.4102 42.3181 3.1165 0.3150 1.1285 0.4372 1.0924 0.4217 0.2515 0.0388 0.0367 0.2048 0.0775 0.6010 0.7728
0.0209 0.2251 0.0000 0.8162 2.2829 0.3575 0.1032 0.0579 1.2231 2.4996 3.6443 0.9102 0.2955 1.7772 0.1752 0.1874 0.3125 0.5299 0.1942 0.2641 0.0109 0.0195 0.0090 0.0105 0.0059 0.0153 0.0090 0.0027 0.0029 0.0090 0.0004 0.0047 0.0000 0.0011 0.0001 0.0000 0.0000 0.0001 0.0000 0.0000 0.0000 0.0000 0.0000 0.0000 0.0000 0.0000 0.0000 0.0000 0.0000 0.0000 0.0000 0.0393 0.0049 0.0000 0.0000 0.1493 0.1434 0.0460 0.0059 0.0240 0.0437 0.7491 0.0924 0.1181 0.0383 0.0311 0.1417 0.0603 0.1849 0.2041
0.0563 0.2213 0.0000 0.2052 0.1311 0.0064 0.0052 0.0024 0.0108 0.0028 0.0140 0.0075 0.0132 0.0733 0.0284 0.1192 0.3641 2.1180 0.6272 1.3182 0.0504 0.1215 0.1093 0.2758 0.2232 0.8483 0.2575 0.2334 0.2142 0.7485 0.0408 0.1093 0.0372 0.0209 0.0070 0.0033 0.0034 0.0004 0.0048 0.0087 0.0046 0.0031 0.0004 0.0010 0.0013 0.0081 0.0000 0.0003 0.0001 0.0000 0.0000 0.0001 0.0000 0.0000 0.0000 0.0000 0.0003 0.0000 0.0000 0.0000 0.0000 0.0000 0.0000 0.0000 0.0000 0.0357 0.0060 0.0000 0.0000 0.0539
0.0031 0.0576 0.0000 0.0770 0.3026 0.0643 0.0151 0.0168 0.1423 0.0353 0.1471 0.0833 0.0527 0.3755 0.1386 0.2599 0.2085 1.8997 0.1766 0.1077 0.0255 0.0422 0.0097 0.0040 0.0126 0.0168 0.0396 0.0692 0.2114 2.0209 0.2393 1.2212 0.4048 0.2893 0.0941 0.0601 0.1197 0.0406 0.9256 0.9770 0.8112 0.8377 0.1291 0.4332 0.7383 0.9900 0.1601 0.0237 0.0361 0.0057 0.0079 0.0016 0.0014 0.0031 0.0255 0.0035 0.0374 0.0050 0.0011 0.0034 0.0001 0.0184 0.0003 0.0000 0.0000 0.0007 0.0000 0.0000 0.0000 0.0000
0.0000 0.0000 0.0000 0.0000 0.0000 0.0000 0.0000 0.0000 0.0000 0.0210 0.0030 0.0000 0.0000 0.0539 0.0013 0.0057 0.0038 0.0371 0.0162 0.1014 0.0056 0.0272 0.0097 0.0067 0.0205 0.0283 0.0193 0.0234 0.0804 0.1942 0.0039 0.0538 0.0085 0.0021 0.0034 0.0017 0.0009 0.0000 0.0043 0.0018 0.0041 0.0262 0.0040 0.0307 0.1092 0.4623 0.1250 0.0235 0.0563 0.0121 0.0329 0.0479 0.0731 0.0531 0.2679 0.3405 1.1930 0.0834 0.0285 0.0189 0.0238 0.1173 0.0109 0.0051 0.0021 0.0024 0.0020 0.0022 0.0058 0.0008
0.0004 0.0020 0.0000 0.0035 0.0001 0.0007 0.0000 0.0000 0.0000 0.0006 0.0000 0.0000 0.0000 0.0000 0.0000 0.0000 0.0000 0.0000 0.0000 0.0000 0.0000 0.0000 0.0000 0.0451 0.0037 0.0000 0.0000 0.0543 0.0037 0.0414 0.0014 0.0165 0.0288 0.0190 0.0084 0.0109 0.0086 0.0008 0.0691 0.0305 0.0189 0.0659 0.0173 0.0465 0.0887 0.5228 0.0495 0.0027 0.0234 0.0035 0.0029 0.0007 0.0034 0.0018 0.0704 0.0927 0.9438 0.2801 0.0976 0.1239 0.1263 0.7877 0.1161 0.0733 0.0602 0.2609 0.3670 0.1925 0.6907 0.2912
0.1450 0.4039 0.0000 0.2350 0.4825 0.0520 0.0091 0.0037 0.0409 0.0038 0.0028 0.0042 0.0023 0.0022 0.0008 0.0016 0.0017 0.0133 0.0000 0.0057 0.0000 0.0000 0.0000 0.0001 0.0000 0.0000 0.0000 0.0000 0.0000 0.0000 0.0000 0.0000 0.0000 0.0000 0.0000 0.0000 0.0000 0.0017 0.0041 0.0000 0.0000 0.0498 0.0005 0.0071 0.0074 0.0444 0.0399 0.0052 0.0106 0.0046 0.0049 0.0013 0.0048 0.0038 0.0358 0.0404 0.7100 0.0886 0.0324 0.1077 0.0449 0.0817 0.0433 0.0188 0.0039 0.0028 0.0153 0.0058 0.0612 0.0679
0.0529 0.8164 0.0000 0.6790 0.9418 0.1283 0.0156 0.0086 0.1845 0.2439 0.3053 0.3838 0.3069 0.4521 0.1690 0.7982 0.9519 1.6142 0.2163 0.3594 0.0149 0.0265 0.0122 0.0025 0.0012 0.0066 0.0039 0.0009 0.0042 0.0166 0.0007 0.0087 0.0000 0.0021 0.0001 0.0000 0.0000 0.0000 0.0000 0.0000 0.0000 0.0000 0.0000 0.0000 0.0000 0.0000 0.0000 0.0000 0.0000 0.0000 0.0000 0.0038 0.0010 0.0000 0.0000 0.0284 0.0460 0.0249 0.0043 0.0129 0.0582 0.2400 0.0296 0.0377 0.0123 0.0099 0.0267 0.0127 0.0390 0.0433
0.0284 0.1616 0.0000 0.5835 0.5100 0.0202 0.0202 0.0077 0.0422 0.0091 0.0446 0.0236 0.0515 0.3671 0.1109 0.3962 0.4914 1.5809 0.3163 0.6648 0.0226 0.0545 0.0490 0.1242 0.1001 0.2649 0.2288 0.1074 0.3738 2.4248 0.2643 0.5475 0.1189 0.0669 0.0223 0.0106 0.0108 0.0003 0.0037 0.0066 0.0035 0.0024 0.0009 0.0032 0.0041 0.0258 0.0001 0.0008 0.0002 0.0000 0.0000 0.0001 0.0000 0.0000 0.0000 0.0000 0.0008 0.0000 0.0000 0.0000 0.0000 0.0000 0.0000 0.0000 0.0000 0.0171 0.0046 0.0000 0.0000 0.0248
0.0055 0.1294 0.0000 0.1730 2.1647 0.1141 0.0266 0.0298 0.2525 0.0624 0.0890 0.0843 0.0533 0.3783 0.1396 0.2894 0.7692 5.0995 1.7059 0.7705 0.2459 0.3016 0.0938 0.0386 0.0901 0.1204 0.3823 0.9643 1.1148 3.8120 0.1840 0.9350 0.2345 0.1669 0.0458 0.0291 0.0583 0.0197 0.4505 0.3825 0.2987 0.4059 0.1074 0.6184 1.6291 18.0660 0.9172 0.1355 0.2057 0.0328 0.0455 0.0028 0.0025 0.0055 0.0452 0.0061 0.1577 0.0359 0.0079 0.0247 0.0004 0.1316 0.0013 0.0000 0.0001 0.0012 0.0000 0.0000 0.0000 0.0000
0.0000 0.0000 0.0000 0.0000 0.0000 0.0000 0.0000 0.0000 0.0000 0.0169 0.0084 0.0000 0.0000 0.0410 0.0010 0.0081 0.0069 0.0523 0.0957 0.0778 0.0043 0.0209 0.0074 0.0035 0.0126 0.0134 0.0092 0.0111 0.0382 0.1360 0.0141 0.1473 0.0795 0.0389 0.0765 0.0230 0.0234 0.0013 0.0578 0.0248 0.1049 0.6750 0.0202 0.0801 0.1208 0.3073 0.0594 0.0112 0.0268 0.0058 0.0156 0.0277 0.0425 0.0253 0.2813 0.1214 2.1499 0.2120 0.0942 0.2351 1.0958 3.0397 0.2824 0.1319 0.0554 0.0013 0.0011 0.0017 0.0044 0.0006
0.0449 1.0752 0.0000 1.8833 0.0324 0.2479 0.0044 0.0001 0.0102 0.0129 0.0001 0.0001 0.0001 0.0004 0.0024 0.0005 0.0017 0.0005 0.0000 0.0002 0.0000 0.0000 0.0000 0.8225 0.0532 0.0000 0.0000 0.7113 0.1472 2.3417 0.0784 0.9355 2.7618 0.7636 0.3398 0.4355 0.3447 0.0219 1.0091 0.4457 0.2752 1.3694 0.2523 0.8729 2.8221 14.7946 4.5000 1.4433 5.2840 1.3094 1.8125 0.4293 1.2881 0.6713 44.1018 19.5319 46.8467 5.9469 1.5068 1.9062 1.8515 11.5473 1.6947 1.0742 0.8821 3.8243 5.3803 2.8219 10.0814 4.2687
0.1448 0.6234 0.0000 1.7632 7.5904 3.5785 0.4798 0.1967 2.1436 0.0077 0.0057 0.0127 0.0069 0.0059 0.0076 0.0638 0.0584 0.5435 0.0014 0.1620 0.0007 0.0001 0.0003 0.0004 0.0000 0.0000 0.0000 0.0000 0.0006 0.0002 0.0000 0.0000 0.0000 0.0000 0.0000 0.0000 0.0000 0.0021 0.0083 0.0000 0.0000 0.0545 0.0011 0.0158 0.0200 0.0987 0.1505 0.0109 0.0220 0.0096 0.0103 0.0028 0.0050 0.0027 0.0255 0.0452 0.3869 0.0524 0.0332 0.0742 0.1129 3.3060 0.2707 0.2794 0.2916 0.2065 0.4170 0.1578 1.2782 0.4507
0.0327 0.1478 0.0000 0.1213 0.1934 0.0262 0.0073 0.0041 0.0867 0.1146 0.1435 0.1060 0.0780 0.2125 0.0794 0.1198 0.2595 1.6472 1.0363 5.7539 1.3958 1.8923 0.8669 0.0023 0.0011 0.0062 0.0037 0.0008 0.0185 0.4037 0.0144 0.2122 0.0007 0.0272 0.0009 0.0000 0.0002 0.0000 0.0000 0.0000 0.0000 0.0000 0.0001 0.0000 0.0001 0.0000 0.0000 0.0000 0.0000 0.0000 0.0000 0.0020 0.0009 0.0000 0.0000 0.0133 0.0230 0.0124 0.0026 0.0065 0.0495 0.1199 0.0149 0.0189 0.0061 0.0050 0.0081 0.0032 0.0097 0.0169
0.0138 0.0814 0.0000 0.2953 0.7375 0.4696 0.0727 0.0661 1.7913 0.6873 0.6950 0.3704 0.6185 1.4022 0.0871 0.1379 0.1703 0.5501 0.1276 0.2683 0.0175 0.0424 0.0380 0.0963 0.0776 0.1438 0.1148 0.0837 0.2899 0.8401 0.0708 0.7131 0.7209 1.3609 2.0242 3.5959 2.5979 0.0003 0.0047 0.0085 0.0045 0.0030 0.0050 0.2026 0.2523 1.5606 0.0016 0.0165 0.0020 0.0000 0.0003 0.0001 0.0000 0.0000 0.0000 0.0000 0.0081 0.0001 0.0001 0.0000 0.0000 0.0000 0.0000 0.0000 0.0000 0.0135 0.0058 0.0000 0.0000 0.0192
0.0011 0.0266 0.0000 0.0356 0.4453 0.0235 0.0055 0.0061 0.0519 0.0128 0.0186 0.0102 0.0065 0.0723 0.0130 0.0269 0.0834 0.4748 0.1733 1.7024 0.0621 0.2447 0.2798 0.2048 0.1339 0.1781 0.3212 0.1958 0.1128 0.3428 0.0165 0.0841 0.0316 0.0225 0.0119 0.0076 0.0152 0.0051 0.1173 0.0696 0.0501 0.1057 0.0279 0.0719 0.1894 0.9507 0.4984 0.2461 1.6649 0.7080 1.7801 0.0006 0.0005 0.0011 0.0093 0.0013 0.1414 0.2188 0.0458 0.1414 0.0007 0.2486 0.0018 0.0001 0.0002 0.0002 0.0000 0.0000 0.0000 0.0000
0.0011 0.0006 0.0000 0.0001 0.0001 0.0000 0.0000 0.0000 0.0000 0.0939 0.0363 0.0000 0.0000 0.2232 0.2344 0.2794 0.6266 1.8157 0.6802 4.2854 0.3884 2.0858 1.6760 10.1910 1.5081 2.7696 0.4731 0.5081 0.4523 1.9065 0.0893 0.4555 0.2121 0.0868 0.0803 0.0723 0.0131 0.0020 0.1820 0.0776 0.0384 0.0572 0.0254 0.0703 0.2614 1.2077 0.2638 0.0699 0.4202 0.1323 0.1545 0.1107 0.0955 0.0473 0.2255 0.1895 0.8887 0.1007 0.0419 0.0581 0.0193 0.1629 0.0265 0.0124 0.0052 65.1185 26.1294 0.4040 2.9488 9.6310
0.0097 0.0172 0.0000 0.0301 0.0007 0.0058 0.0006 0.0000 0.0002 0.3818 0.0000 0.0011 0.0117 0.0512 0.0007 0.0001 0.0038 0.0014 0.0000 0.0000 0.0000 0.0000 0.0000 0.1198 0.3074 0.0000 0.0000 0.0110 0.1187 0.3640 0.0240 0.1454 0.1024 0.2194 0.1604 0.2272 0.4062 0.3884 1.6341 0.8154 0.1260 0.3917 0.0265 0.0992 0.1451 0.3707 0.0895 0.0096 0.0403 0.0123 0.0030 0.0020 0.0121 0.0063 0.0480 0.0146 0.4367 0.0464 0.0289 0.0665 0.0727 0.6421 0.2363 0.2188 0.0772 0.1949 0.1543 0.0467 0.0717 0.0591
0.0007 0.0033 0.0000 0.0048 0.0026 0.0005 0.0001 0.0001 0.0007 1.2254 3.2168 0.0126 0.0207 0.5443 0.0005 0.0005 0.0006 0.0044 0.0000 0.0019 0.0000 0.0000 0.0000 0.0081 0.0000 0.0001 0.0015 0.0017 0.0001 0.0000 0.0000 0.0000 0.0000 0.0000 0.0000 0.0000 0.0000 0.0007 0.0494 0.0000 0.0000 0.0013 0.1398 0.0635 0.0909 0.3970 0.0302 0.0225 0.1212 0.0246 0.0264 0.0079 0.0075 0.0064 0.0650 0.0707 0.2725 0.0461 0.0113 0.0143 0.0173 0.0621 0.0160 0.0142 0.0011 0.0021 0.0116 0.0044 0.0108 0.0032
0.0100 0.0465 0.0000 0.1709 0.2655 0.0365 0.0125 0.0083 0.0936 0.0616 0.0768 0.0709 0.0224 0.0810 0.0080 0.0203 0.0414 0.1460 0.0116 0.0329 0.0024 0.0043 0.0020 0.0672 0.0206 4.9718 0.3038 0.0337 0.0496 0.0242 0.0010 0.0127 0.0001 0.0030 0.0014 0.0000 0.0000 0.0018 0.0000 0.0001 0.0001 0.0004 0.0002 0.0000 0.0007 0.0002 0.0000 0.0000 0.0000 0.0000 0.0000 0.0035 0.0100 0.0000 0.0000 0.0068 3.6027 0.2820 0.1441 0.1472 0.0798 1.4978 0.4711 0.4287 0.3143 0.2993 0.2453 0.1512 0.2392 0.2105
0.0797 0.5887 0.0000 0.4708 0.9334 0.0725 0.0353 0.0277 0.0538 0.0322 0.1595 0.0850 0.0428 0.0823 0.0517 0.0839 0.2565 1.4987 0.3417 0.7214 0.1084 0.4198 0.1481 0.1683 0.0807 0.1868 0.0638 0.0617 0.0566 0.2780 0.0220 0.1222 0.0157 0.0151 0.0089 0.0042 0.0043 0.0540 0.5087 1.3698 5.6251 0.7434 0.0343 0.0113 0.0147 0.0924 0.0003 0.0030 0.0080 0.0001 0.0001 0.0523 0.0000 0.0002 0.0039 0.0027 0.0629 0.0005 0.0015 0.0002 0.0000 0.0003 0.0000 0.0000 0.0000 0.1187 0.3072 0.0000 0.0000 0.0191
0.0337 0.1152 0.0000 0.1534 0.2824 0.1158 0.0446 0.0550 1.0511 1.5360 0.3738 0.3189 0.0858 0.3565 0.0289 0.0748 0.0900 0.2895 0.0839 0.1009 0.0116 0.0393 0.0032 0.0037 0.0118 0.0157 0.0086 0.0044 0.0257 0.0805 0.0096 0.0884 0.0324 0.0233 0.0384 0.0392 0.0308 0.0047 0.0619 0.0347 0.0107 0.0331 0.0023 0.0091 0.0226 0.0629 0.0042 0.0011 0.0028 0.0004 0.0006 0.8262 0.6537 0.0337 0.8834 8.7736 0.1731 0.0047 0.0010 0.0032 0.0000 0.0172 0.0013 0.0000 0.0000 0.1572 0.0000 0.0004 0.0206 0.0140
0.0001 0.0000 0.0000 0.0001 0.0000 0.0000 0.0000 0.0000 0.0000 0.0210 0.0599 0.0000 0.0000 0.0045 0.0181 0.2170 0.8209 1.4104 0.1294 0.2285 0.0157 0.0610 0.0218 0.0111 0.0057 0.0123 0.0090 0.0271 0.0204 0.1478 0.0171 0.0852 0.0405 0.0720 0.0153 0.0329 0.0109 0.0017 0.1516 0.0647 0.0174 0.0109 0.0048 0.0124 0.0219 0.0936 0.0122 0.0023 0.0042 0.0011 0.0015 0.0018 0.0028 0.0028 0.0180 0.0069 0.0817 0.0180 0.0080 0.0111 0.0051 0.0741 0.0220 0.0103 0.0043 0.0097 0.0053 0.0312 0.1086 0.0068
6.6071 0.2542 0.0000 0.4453 0.0159 0.0849 0.0534 0.0010 0.0087 0.1100 0.0005 0.0020 0.0008 0.0021 0.0884 0.0168 0.0629 0.0126 0.0013 0.0058 0.0000 0.0000 0.0004 0.0138 0.0205 0.0000 0.0000 0.0071 0.0391 0.6228 0.0253 0.2488 0.7345 0.2031 0.0900 0.1158 0.0917 0.0058 0.0907 0.0633 0.0419 0.3626 0.0208 0.1341 0.6143 1.5424 0.6420 0.4964 0.2904 0.3467 1.0376 0.9361 2.2199 1.1569 1.9749 0.2516 2.1347 0.1823 0.0538 0.0899 0.0585 0.3697 0.0411 0.0307 0.0134 0.0472 0.0664 0.0476 0.1276 0.0373
0.0038 0.0367 0.0000 0.0981 0.1759 0.0560 0.0429 0.0367 0.4002 0.0072 0.0053 0.0119 0.0065 0.0055 0.0130 4.4760 1.4767 17.0229 0.0218 2.5720 0.0050 0.0006 0.0045 0.0004 0.0000 0.0000 0.0000 0.0000 0.0034 0.0012 0.0002 0.0000 0.0000 0.0000 0.0000 0.0000 0.0000 0.0002 0.0078 0.0000 0.0000 0.0022 0.0007 0.0105 0.0187 0.0655 0.0998 0.0072 0.0146 0.0063 0.0068 0.0019 0.0019 0.0017 0.0169 0.0300 0.1156 0.0286 0.0220 0.0275 0.0572 1.4750 0.0528 0.1853 0.1426 0.3215 0.9823 0.3700 0.1729 0.0216
