0.0308 0.0511 0.0000 0.0622 0.0707 0.0361 0.0244 0.0198 0.0608 0.0519 0.0496 0.0414 0.0310 0.0595 0.0237 0.0347 0.0435 0.0825 0.0447 0.0629 0.0210 0.0357 0.0205 0.0262 0.0263 0.0316 0.0235 0.0206 0.0307 0.0572 0.0179 0.0455 0.0298 0.0274 0.0230 0.0206 0.0218 0.0111 0.0438 0.0333 0.0222 0.0348 0.0121 0.0227 0.0334 0.0576 0.0241 0.0123 0.0207 0.0105 0.0127 0.0199 0.0196 0.0291 0.0584 0.0324 0.0857 0.0257 0.0151 0.0209 0.0122 0.0532 0.0236 0.0135 0.0090 0.0332 0.0114 0.0121 0.0197 0.0149
0.1506 0.2467 0.0000 0.2785 0.2666 0.1248 0.0451 0.0387 0.1932 0.5935 0.6576 0.1271 0.0488 0.5526 0.4103 0.8225 0.8405 1.9589 0.8305 1.3464 0.4059 0.7255 0.5079 0.5778 0.4567 0.5858 0.4546 0.5047 0.5693 1.1896 0.3386 0.7926 0.5384 0.4578 0.4040 0.3693 0.3076 0.1544 0.7364 0.5198 0.3700 0.5310 0.2377 0.4150 0.6322 1.1645 0.5335 0.2626 0.4190 0.2255 0.2752 0.2952 0.3311 0.2798 0.6960 0.4935 1.2683 0.5398 0.3491 0.4338 0.3841 1.0096 0.4607 0.3848 0.2671 0.5386 0.5290 0.5292 0.7659 0.4222
0.0000 0.0000 0.0000 0.0000 0.0000 0.0000 0.0000 0.0000 0.0000 0.0000 0.0000 0.0000 0.0000 0.0000 0.0000 0.0000 0.0000 0.0000 0.0000 0.0000 0.0000 0.0000 0.0000 0.0000 0.0000 0.0000 0.0000 0.0000 0.0000 0.0000 0.0000 0.0000 0.0000 0.0000 0.0000 0.0000 0.0000 0.0000 0.0000 0.0000 0.0000 0.0000 0.0000 0.0000 0.0000 0.0000 0.0000 0.0000 0.0000 0.0000 0.0000 0.0000 0.0000 0.0000 0.0000 0.0000 0.0000 0.0000 0.0000 0.0000 0.0000 0.0000 0.0000 0.0000 0.0000 0.0000 0.0000 0.0000 0.0000 0.0000
0.5278 1.3068 0.0000 1.6281 1.8167 0.8007 0.5049 0.3966 1.2601 1.6195 1.4504 1.6199 1.2441 1.6245 1.0306 0.8789 1.1350 2.3214 0.8297 1.9097 0.6899 0.7373 0.5153 1.1554 0.3906 0.6950 0.5126 0.4622 0.9148 1.2241 0.4635 0.8012 0.3909 0.3966 0.1933 0.1768 0.2925 0.3153 1.3547 0.3485 0.1329 0.9247 0.5908 1.4209 1.7008 3.9966 1.3837 0.7272 1.1763 0.6808 0.7982 0.7015 0.7468 0.6191 1.6432 1.4286 3.4487 1.4896 0.9179 1.1244 1.1889 2.7812 1.3518 1.2317 0.6770 1.1172 1.4504 0.9667 1.4522 0.9856
1.5991 3.5495 0.0000 4.8522 5.9302 2.5151 1.4671 1.2290 3.9257 4.0328 4.1109 3.5065 2.4602 4.1175 1.7477 2.6537 3.5972 6.9104 3.1452 4.9679 1.5547 2.4253 1.7572 2.7506 2.0873 3.7631 2.7027 1.9191 3.2381 4.4627 1.2107 3.2126 1.2448 1.9055 1.6125 0.9257 0.9393 0.7824 1.3242 1.3155 0.9259 1.3703 0.8209 1.0823 1.9216 2.4060 0.8759 0.4761 0.4707 0.2595 0.4949 1.3333 1.6242 0.3807 0.5175 2.1754 7.6708 3.6875 2.1029 2.8974 4.2734 8.7106 3.8290 3.6642 2.4581 3.6020 3.6829 2.6226 4.1013 3.5345
0.1039 0.2611 0.0000 0.3456 0.4945 0.1941 0.1270 0.1089 0.2737 0.2596 0.3192 0.2496 0.1795 0.2901 0.1450 0.1935 0.2483 0.4890 0.2437 0.3703 0.1101 0.1829 0.1333 0.1851 0.1540 0.2017 0.1522 0.1327 0.1803 0.3713 0.1108 0.2829 0.1609 0.1536 0.1274 0.1067 0.1123 0.0555 0.2043 0.1753 0.1260 0.1622 0.0711 0.1391 0.1879 0.3611 0.0993 0.0844 0.0965 0.0334 0.0539 0.0661 0.0308 0.0321 0.0876 0.0670 0.2579 0.0743 0.0568 0.0514 0.0400 0.1117 0.0300 0.0273 0.0298 0.1637 0.1915 0.0312 0.0253 0.1287
0.0209 0.0517 0.0000 0.0630 0.0885 0.0492 0.0267 0.0232 0.0711 0.0599 0.0580 0.0484 0.0363 0.0744 0.0297 0.0435 0.0544 0.1032 0.0560 0.0787 0.0262 0.0446 0.0256 0.0328 0.0329 0.0395 0.0295 0.0258 0.0384 0.0715 0.0224 0.0569 0.0373 0.0343 0.0270 0.0241 0.0255 0.0139 0.0548 0.0417 0.0278 0.0435 0.0152 0.0284 0.0418 0.0721 0.0301 0.0154 0.0259 0.0131 0.0159 0.0204 0.0213 0.0209 0.0518 0.0318 0.0835 0.0321 0.0189 0.0262 0.0153 0.0665 0.0230 0.0131 0.0109 0.0295 0.0111 0.0118 0.0190 0.0144
0.0061 0.0100 0.0000 0.0113 0.0108 0.0051 0.0018 0.0016 0.0078 0.0289 0.0320 0.0051 0.0020 0.0287 0.0174 0.0231 0.0286 0.0589 0.0338 0.0617 0.0230 0.0343 0.0240 0.0273 0.0216 0.0277 0.0215 0.0223 0.0252 0.0499 0.0138 0.0323 0.0219 0.0186 0.0164 0.0150 0.0125 0.0063 0.0299 0.0211 0.0150 0.0216 0.0097 0.0170 0.0265 0.0489 0.0236 0.0116 0.0198 0.0107 0.0130 0.0130 0.0146 0.0122 0.0292 0.0218 0.0540 0.0221 0.0142 0.0176 0.0156 0.0410 0.0187 0.0156 0.0109 0.0249 0.0250 0.0224 0.0326 0.0187
0.4989 1.0841 0.0000 1.3700 1.0053 0.7357 0.3523 0.1895 0.7002 1.2325 0.3991 0.4970 0.3983 0.7194 0.3749 0.3765 0.6363 0.8889 0.3469 0.5820 0.1072 0.1826 0.2080 1.0762 0.9728 0.2316 0.0921 0.7032 1.2351 2.4689 0.6280 1.7123 1.2268 1.3065 1.1161 1.1281 1.1041 0.4918 1.8465 1.3935 1.0307 1.7343 0.5883 1.1053 1.5156 2.5775 1.2836 0.5850 1.0457 0.5766 0.5536 0.5486 0.7415 0.5750 1.4660 1.0038 3.1991 1.2329 0.8350 1.1111 1.1346 2.8662 1.3462 1.1993 0.8365 1.3854 1.4868 1.0670 1.5045 1.1126
0.5511 1.3139 0.0000 1.6225 1.8094 0.7979 0.4903 0.3851 1.2236 1.6361 1.5536 1.4557 1.0727 1.5542 0.6215 0.8534 1.0518 2.2555 0.6751 1.7697 0.4187 0.4472 0.3885 0.8830 0.2369 0.4394 0.3930 0.3840 0.5299 0.7381 0.2645 0.4570 0.2255 0.2288 0.1115 0.1021 0.1688 0.3669 1.5763 0.2114 0.0802 1.0366 0.4873 0.9220 1.2195 2.3054 1.2130 0.6925 1.1989 0.7033 0.9492 0.8095 0.8617 0.7140 1.7168 1.3603 3.2859 1.3482 0.8046 0.9880 1.0422 2.4380 1.1850 1.0797 0.5935 0.9794 1.2715 0.8474 1.2730 0.8640
0.6240 1.3991 0.0000 1.9549 2.5153 1.0668 0.7231 0.6310 1.9337 1.8341 1.7436 1.4689 0.9912 1.7454 0.7146 1.0448 1.4037 2.6967 1.2273 1.9386 0.6067 0.9459 0.6857 1.3840 1.0722 1.3817 1.1779 0.9232 0.9353 1.7415 0.4724 1.2537 0.4691 0.7436 0.4658 0.2672 0.3370 0.3350 0.3825 0.4662 0.3979 0.6381 0.2579 0.3167 0.6152 0.7702 0.2761 0.1502 0.1484 0.0818 0.1561 0.6849 0.8343 0.1100 0.1515 0.9221 2.7024 1.1029 0.6490 0.8666 0.9658 2.8317 1.3323 1.2917 0.9678 2.1653 1.7540 1.1935 1.5319 1.1490
0.3383 0.7900 0.0000 0.8970 1.1923 0.4683 0.3062 0.2625 0.6599 0.6262 0.7699 0.6017 0.4330 0.6999 0.3682 0.5065 0.7194 1.4792 0.7911 1.2578 0.4396 0.7525 0.5328 0.7072 0.5443 0.6340 0.4437 0.4452 0.5158 0.9700 0.2871 0.6820 0.3880 0.3706 0.3072 0.2573 0.2707 0.3026 1.1390 0.6047 0.4966 0.7955 0.1925 0.3356 0.4532 0.8705 0.2393 0.2035 0.2593 0.0897 0.1300 0.2681 0.0829 0.1131 0.4796 0.3672 0.7592 0.2038 0.1723 0.1557 0.1183 0.3301 0.0886 0.0808 0.0882 0.7094 0.8936 0.0840 0.0694 0.4318
0.0665 0.1598 0.0000 0.1946 0.2735 0.1344 0.0851 0.0777 0.2661 0.2712 0.3430 0.2456 0.1510 0.2301 0.1100 0.1393 0.1681 0.3375 0.1729 0.2432 0.0810 0.1379 0.0791 0.1014 0.1018 0.1221 0.0919 0.0867 0.1294 0.2541 0.0795 0.2022 0.1377 0.1324 0.1325 0.1233 0.1252 0.0667 0.2439 0.1592 0.1067 0.1787 0.0623 0.1037 0.1487 0.2387 0.1201 0.0552 0.0860 0.0434 0.0527 0.0905 0.0966 0.0665 0.1939 0.1277 0.2580 0.0993 0.0584 0.0809 0.0471 0.2057 0.0709 0.0406 0.0338 0.1104 0.0343 0.0395 0.0845 0.0642
0.2408 0.3761 0.0000 0.4453 0.4261 0.1996 0.0722 0.0619 0.3090 1.8939 1.7408 0.1913 0.0743 1.4195 0.6510 0.9597 1.1586 2.4436 1.4005 2.4663 0.7959 1.4410 1.1268 1.4825 1.3721 1.8704 1.1344 0.9245 1.2646 2.1727 0.5706 1.4339 0.9080 0.7719 0.6808 0.6227 0.5184 0.2603 1.2411 0.8766 0.6366 0.9705 0.4427 0.8224 1.2797 2.3571 1.1808 0.6086 1.1412 0.6326 0.7500 0.7454 0.7759 0.5950 1.4181 1.1289 2.7988 1.0722 0.6533 0.7932 0.7581 1.8527 0.7842 0.6546 0.4548 1.3529 1.3565 0.8392 1.4426 0.9394
0.0310 0.0693 0.0000 0.0876 0.0643 0.0471 0.0218 0.0118 0.0448 0.0841 0.0248 0.0334 0.0327 0.0592 0.0247 0.0237 0.0420 0.0586 0.0229 0.0384 0.0071 0.0120 0.0137 0.0985 0.0814 0.0144 0.0058 0.0562 0.0773 0.1548 0.0394 0.1073 0.0769 0.0819 0.0699 0.0679 0.0700 0.0327 0.1437 0.1097 0.0951 0.1136 0.0443 0.0720 0.0950 0.1712 0.0804 0.0367 0.0656 0.0361 0.0347 0.0344 0.0465 0.0360 0.0929 0.0676 0.2193 0.0890 0.0603 0.0802 0.0851 0.2251 0.1147 0.0944 0.0713 0.1181 0.1181 0.0778 0.1093 0.0862
0.1318 0.2937 0.0000 0.3368 0.4056 0.1663 0.0948 0.0744 0.2365 0.3350 0.3181 0.2810 0.2097 0.3168 0.1201 0.1649 0.2033 0.4359 0.1305 0.3420 0.0809 0.0864 0.0751 0.1726 0.0458 0.0859 0.0801 0.0783 0.1024 0.1427 0.0511 0.0884 0.0436 0.0442 0.0216 0.0197 0.0326 0.0891 0.3228 0.0408 0.0155 0.2478 0.1095 0.2216 0.2806 0.5541 0.2915 0.1664 0.2694 0.1558 0.1828 0.1607 0.1710 0.1417 0.3931 0.3737 0.8640 0.3241 0.1935 0.2375 0.2505 0.5860 0.2848 0.2595 0.1427 0.2354 0.3058 0.2037 0.3062 0.2098
0.3587 0.8472 0.0000 1.1837 1.5375 0.6521 0.3673 0.2911 0.9887 1.0456 1.0658 0.8979 0.6041 1.0675 0.4371 0.6352 0.8117 1.5219 0.7034 1.0832 0.3390 0.5288 0.3831 0.6385 0.4947 0.7213 0.5434 0.4259 0.5226 0.9736 0.2641 0.7005 0.2621 0.4155 0.2602 0.1494 0.1884 0.1545 0.2137 0.2314 0.1835 0.2944 0.1325 0.1747 0.3114 0.3899 0.1414 0.0769 0.0760 0.0419 0.0799 0.3160 0.3849 0.0614 0.0835 0.5637 1.5297 0.6765 0.3728 0.5316 0.5925 1.7370 0.7636 0.7303 0.4902 0.7342 0.8800 0.6338 0.9817 0.7711
4.7684 9.7262 0.0000 11.2745 12.8509 4.8055 3.3194 2.6934 7.4654 6.4267 7.9012 6.1749 5.1915 8.9070 4.7748 6.9152 9.8221 20.1959 10.9817 16.7813 4.8145 7.3482 5.8347 8.2360 6.7811 8.7438 6.0970 5.8284 6.7525 13.3071 3.7426 8.6843 5.0176 4.4565 3.5110 2.9405 3.0951 1.8537 6.8260 5.7262 4.1170 5.2967 1.9542 3.4441 4.6508 8.9335 2.4561 2.0885 2.6497 0.9169 1.3339 2.1590 0.8464 1.0069 2.8740 2.2004 7.0131 2.0195 1.5670 1.4166 1.0879 3.0369 0.8154 0.7434 0.8117 6.5761 6.3980 0.8583 0.6874 5.6492
0.3194 0.8651 0.0000 1.0538 1.4808 0.6915 0.4094 0.3684 1.1303 0.9520 0.9556 0.8079 0.5993 1.1842 0.5664 0.9232 0.9479 2.1046 0.9411 1.3168 0.4411 0.7470 0.4354 0.5493 0.5510 0.6614 0.5312 0.4933 0.7479 1.4582 0.4559 1.1600 0.7123 0.6539 0.4970 0.4101 0.4725 0.2644 1.0458 0.8177 0.5674 0.8433 0.3030 0.5797 0.8163 1.3793 0.5766 0.2780 0.4452 0.2247 0.2729 0.3250 0.3393 0.3195 0.8234 0.5054 1.3969 0.5377 0.3160 0.4383 0.2554 1.1140 0.3841 0.2198 0.1829 0.4689 0.1859 0.1884 0.3022 0.2292
0.7691 1.2884 0.0000 1.3953 1.3558 0.6351 0.2295 0.1970 0.9831 3.8093 3.9199 0.6643 0.2548 4.2298 1.8103 3.1046 3.7106 7.9005 5.1204 7.3406 2.2132 3.9531 2.7692 3.1503 2.4886 3.1919 2.4785 2.7515 3.3009 6.7519 2.5399 5.4287 3.5595 2.8223 2.6706 2.2767 1.8963 0.9517 4.5402 3.2049 2.3427 3.5692 1.6281 2.8424 3.9957 6.8558 3.0932 1.5233 2.3448 1.2287 1.5510 1.7116 1.9194 1.6476 4.3756 2.9243 8.6872 3.6974 2.3900 2.9172 2.5834 6.3925 2.8401 2.3723 1.6470 2.8749 2.8826 2.3337 3.5431 2.1558
0.0367 0.0851 0.0000 0.1075 0.0789 0.0577 0.0259 0.0140 0.0549 0.0693 0.0294 0.0309 0.0238 0.0429 0.0270 0.0277 0.0450 0.0628 0.0249 0.0417 0.0077 0.0131 0.0149 0.0642 0.0580 0.0171 0.0068 0.0478 0.0664 0.1542 0.0406 0.1069 0.0866 0.0752 0.0600 0.0576 0.0586 0.0261 0.1037 0.0792 0.0581 0.0998 0.0415 0.0816 0.1189 0.2398 0.0971 0.0413 0.0792 0.0407 0.0419 0.0387 0.0523 0.0406 0.1175 0.0855 0.2772 0.1104 0.0676 0.0837 0.0800 0.2021 0.0846 0.0696 0.0529 0.0973 0.1048 0.0773 0.1210 0.0797
0.2682 0.6757 0.0000 0.7996 0.8922 0.3704 0.2170 0.1704 0.5415 0.5031 0.4777 0.4537 0.3299 0.4779 0.2458 0.3489 0.4300 0.9221 0.2760 0.7235 0.1656 0.1770 0.1589 0.2715 0.0937 0.1517 0.1208 0.1181 0.2096 0.2921 0.1042 0.1801 0.0892 0.0905 0.0441 0.0404 0.0668 0.1239 0.4847 0.0836 0.0317 0.4233 0.1621 0.3566 0.4672 0.8916 0.5702 0.2465 0.3988 0.2308 0.2706 0.2378 0.2533 0.2099 0.5571 0.4843 1.2280 0.5077 0.3776 0.4625 0.5829 1.1460 0.6359 0.5075 0.2863 0.4604 0.5977 0.3983 0.6512 0.4636
0.1028 0.2148 0.0000 0.2526 0.3040 0.1289 0.0726 0.0600 0.1955 0.2067 0.2107 0.1825 0.1367 0.2157 0.1058 0.1606 0.2177 0.4679 0.2130 0.3205 0.0957 0.1491 0.1081 0.1316 0.1019 0.1486 0.1120 0.0877 0.1280 0.2647 0.0718 0.1905 0.0713 0.1130 0.0637 0.0366 0.0512 0.0318 0.0524 0.0498 0.0378 0.0607 0.0328 0.0432 0.0760 0.0951 0.0350 0.0190 0.0188 0.0104 0.0198 0.0651 0.0793 0.0151 0.0207 0.1114 0.3144 0.1512 0.0885 0.1188 0.1609 0.3571 0.1570 0.1502 0.1008 0.1477 0.1510 0.1075 0.1681 0.1449
0.2354 0.5918 0.0000 0.7831 1.1207 0.6460 0.2878 0.2972 0.8555 0.7694 0.9459 0.7397 0.5135 0.7378 0.3283 0.4385 0.5627 1.1081 0.5524 0.8391 0.2494 0.4145 0.3021 0.4194 0.3490 0.4570 0.3450 0.3007 0.4087 0.8414 0.2511 0.6411 0.4269 0.4398 0.3983 0.3336 0.3511 0.1257 0.4631 0.3973 0.2856 0.3675 0.1969 0.4123 0.5568 1.0701 0.2942 0.2500 0.2855 0.0988 0.1597 0.1498 0.0912 0.0733 0.1983 0.1519 0.7638 0.2201 0.1533 0.1204 0.1186 0.3308 0.0889 0.0810 0.0884 0.3710 0.4340 0.0925 0.0749 0.2916
0.0879 0.2457 0.0000 0.2993 0.5109 0.1902 0.1126 0.1013 0.3110 0.2617 0.2534 0.2119 0.1586 0.3256 0.1371 0.2010 0.3136 0.5935 0.3689 0.4543 0.2064 0.2577 0.1727 0.1929 0.1901 0.2282 0.2107 0.1928 0.2413 0.4196 0.1186 0.2807 0.1724 0.1583 0.1203 0.1053 0.1144 0.0640 0.2531 0.1979 0.1466 0.2054 0.0857 0.1670 0.2480 0.4778 0.2254 0.1103 0.1766 0.0891 0.1082 0.0893 0.0933 0.0879 0.2264 0.1390 0.4341 0.1855 0.1090 0.1512 0.0881 0.3843 0.1193 0.0683 0.0631 0.1289 0.0578 0.0518 0.0831 0.0631
0.1057 0.1772 0.0000 0.1899 0.1864 0.0873 0.0316 0.0271 0.1352 0.4261 0.4721 0.0904 0.0350 0.4484 0.2345 0.4021 0.4809 1.0239 0.7128 0.9508 0.2867 0.5123 0.3587 0.4080 0.3225 0.4137 0.3210 0.3564 0.4021 0.8401 0.2704 0.6333 0.4621 0.4733 0.3465 0.4184 0.3180 0.1596 0.7609 0.5375 0.3823 0.4878 0.1936 0.3314 0.4661 0.8223 0.3768 0.1854 0.2957 0.1592 0.1944 0.2085 0.2338 0.1976 0.5105 0.3485 1.0134 0.4313 0.2788 0.3723 0.3682 1.0439 0.4763 0.3978 0.2762 0.3726 0.3736 0.3023 0.4592 0.2792
0.0813 0.2166 0.0000 0.2737 0.2008 0.1470 0.0614 0.0330 0.1399 0.1362 0.0696 0.0608 0.0467 0.0844 0.0646 0.0664 0.0970 0.1235 0.0596 0.0999 0.0184 0.0313 0.0357 0.1263 0.1142 0.0404 0.0162 0.0883 0.1057 0.2457 0.0664 0.1704 0.1483 0.1196 0.0955 0.0917 0.0932 0.0415 0.1559 0.1177 0.0871 0.1589 0.0594 0.1083 0.1706 0.3101 0.1593 0.0976 0.1478 0.0840 0.1460 0.1173 0.1366 0.1059 0.2699 0.1642 0.4399 0.1581 0.0968 0.1198 0.1145 0.2895 0.1211 0.1013 0.0758 0.1395 0.1502 0.1107 0.1732 0.1178
0.0679 0.1638 0.0000 0.2284 0.3000 0.1427 0.0992 0.0779 0.2476 0.1342 0.1274 0.1210 0.0880 0.1275 0.0802 0.1693 0.2042 0.4476 0.1233 0.3233 0.0619 0.0661 0.0710 0.0724 0.0350 0.0407 0.0322 0.0315 0.0772 0.1075 0.0346 0.0518 0.0328 0.0333 0.0162 0.0149 0.0246 0.0301 0.1293 0.0312 0.0117 0.1025 0.0395 0.0868 0.1167 0.2171 0.1388 0.0600 0.0971 0.0562 0.0659 0.0579 0.0616 0.0511 0.1356 0.1179 0.2847 0.1230 0.0857 0.1050 0.1193 0.3649 0.1381 0.1489 0.1201 0.2852 0.2259 0.1506 0.1933 0.1166
0.1511 0.3159 0.0000 0.3808 0.4657 0.1974 0.1151 0.0965 0.3081 0.3165 0.3226 0.2752 0.2010 0.3254 0.1596 0.2362 0.3202 0.6882 0.3687 0.6282 0.2226 0.3752 0.2720 0.2114 0.1639 0.2389 0.1801 0.1410 0.2514 0.7512 0.1946 0.5424 0.1818 0.2882 0.1460 0.0838 0.1306 0.0512 0.1200 0.0805 0.0608 0.0975 0.0732 0.0966 0.1545 0.1677 0.0781 0.0425 0.0420 0.0232 0.0442 0.1046 0.1275 0.0345 0.0462 0.1707 0.7012 0.3371 0.1973 0.2649 0.3588 0.7962 0.3500 0.3349 0.2247 0.3293 0.3366 0.2397 0.3749 0.3231
1.2031 3.0250 0.0000 4.0030 5.7287 2.9407 1.4710 1.5191 4.8295 4.6682 6.0385 4.4879 2.5065 3.5995 1.6793 2.2416 2.8761 5.6640 2.8236 4.2893 1.2750 2.1189 1.5443 2.1440 1.7842 2.3362 1.7633 1.5371 2.0890 4.3009 1.2833 3.2769 2.0823 2.1453 1.9294 1.6159 1.7008 0.6428 2.3669 2.0307 1.4600 1.8784 1.0063 2.5032 3.3802 6.4929 1.7851 1.5170 1.5622 0.5406 0.9695 0.7656 0.4993 0.3746 1.0144 0.7762 4.1250 1.1878 0.8272 0.6485 0.6399 1.7863 0.4796 0.4373 0.4774 1.8962 2.2185 0.5064 0.4043 1.4908
0.0156 0.0438 0.0000 0.0533 0.0910 0.0339 0.0200 0.0180 0.0554 0.0466 0.0451 0.0377 0.0283 0.0580 0.0231 0.0356 0.0521 0.0985 0.0575 0.1058 0.0270 0.0553 0.0401 0.0524 0.0526 0.0690 0.0365 0.0284 0.0374 0.0678 0.0191 0.0466 0.0291 0.0267 0.0210 0.0188 0.0198 0.0108 0.0427 0.0329 0.0237 0.0339 0.0138 0.0270 0.0401 0.0741 0.0346 0.0191 0.0348 0.0176 0.0213 0.0159 0.0166 0.0156 0.0403 0.0248 0.0944 0.0513 0.0301 0.0418 0.0244 0.1063 0.0297 0.0170 0.0175 0.0230 0.0144 0.0093 0.0148 0.0112
0.2338 0.3919 0.0000 0.3315 0.4122 0.1931 0.0698 0.0599 0.2989 0.6823 0.7560 0.2024 0.0775 0.6800 0.3710 0.6363 0.7610 1.6203 1.1280 1.5046 0.4536 0.8107 0.5676 0.6461 0.5152 0.6683 0.5137 0.5640 0.7437 1.4330 0.4396 1.1380 0.7958 0.7848 0.6796 0.6042 0.6359 0.2781 1.2049 0.8505 0.8459 1.0338 0.3894 0.6400 0.9002 1.5446 0.6965 0.3430 0.5283 0.2629 0.3494 0.3858 0.4327 0.3710 0.9852 0.6758 2.0064 0.8325 0.5381 0.7485 0.7803 2.2120 0.9626 0.8036 0.5579 0.5896 0.5912 0.4786 0.7266 0.4421
0.1024 0.2868 0.0000 0.3624 0.2529 0.1852 0.0773 0.0416 0.1762 0.1717 0.0876 0.0766 0.0589 0.1063 0.0814 0.0836 0.1221 0.1556 0.0750 0.1259 0.0232 0.0395 0.0450 0.1686 0.1438 0.0508 0.0204 0.1310 0.1591 0.3701 0.0974 0.2567 0.2234 0.1802 0.1439 0.1381 0.1403 0.0625 0.2559 0.1922 0.1410 0.2416 0.1007 0.1836 0.2802 0.5257 0.2668 0.1195 0.2470 0.1124 0.1364 0.1177 0.1446 0.1121 0.3828 0.3556 0.7370 0.2876 0.1723 0.2116 0.2050 0.5176 0.2231 0.1941 0.1476 0.2716 0.2923 0.2042 0.3265 0.2293
0.1114 0.2635 0.0000 0.3815 0.4926 0.2021 0.1151 0.0904 0.2872 0.1704 0.1618 0.1537 0.1118 0.1619 0.0835 0.1433 0.1728 0.3786 0.1078 0.2827 0.0601 0.0643 0.0621 0.0920 0.0340 0.0514 0.0409 0.0400 0.0770 0.1073 0.0354 0.0612 0.0328 0.0332 0.0162 0.0148 0.0245 0.0494 0.1642 0.0304 0.0116 0.1681 0.0645 0.1418 0.1858 0.3546 0.2152 0.0980 0.1587 0.0918 0.1076 0.0946 0.1100 0.0922 0.2424 0.1981 0.5876 0.2341 0.1556 0.2106 0.2111 0.4326 0.2413 0.1915 0.1261 0.1815 0.2256 0.1503 0.2870 0.2043
0.0835 0.1658 0.0000 0.1949 0.2346 0.0995 0.0560 0.0433 0.1508 0.1595 0.1626 0.1408 0.1055 0.1665 0.0816 0.1239 0.1681 0.3326 0.1514 0.2278 0.0680 0.1060 0.0768 0.0844 0.0654 0.0953 0.0718 0.0563 0.0821 0.1612 0.0437 0.1159 0.0434 0.0688 0.0409 0.0235 0.0312 0.0204 0.0336 0.0319 0.0243 0.0389 0.0208 0.0274 0.0487 0.0610 0.0222 0.0121 0.0119 0.0066 0.0126 0.0473 0.0509 0.0097 0.0131 0.0860 0.2159 0.1027 0.0586 0.0807 0.1017 0.2451 0.1078 0.1031 0.0692 0.1013 0.1191 0.0858 0.1329 0.1077
0.0349 0.0803 0.0000 0.1107 0.1262 0.0452 0.0326 0.0253 0.0733 0.0606 0.0743 0.0581 0.0510 0.0939 0.0469 0.0785 0.0962 0.1814 0.0870 0.1321 0.0359 0.0584 0.0464 0.0662 0.0551 0.0743 0.0590 0.0497 0.0690 0.1456 0.0411 0.0915 0.0540 0.0479 0.0368 0.0309 0.0325 0.0140 0.0516 0.0443 0.0318 0.0410 0.0178 0.0324 0.0437 0.0840 0.0231 0.0196 0.0241 0.0083 0.0125 0.0167 0.0077 0.0081 0.0221 0.0169 0.0638 0.0184 0.0142 0.0128 0.0099 0.0276 0.0074 0.0068 0.0074 0.0525 0.0484 0.0078 0.0063 0.0464
0.0351 0.0950 0.0000 0.1157 0.1697 0.0759 0.0449 0.0404 0.1241 0.1044 0.1163 0.0983 0.0729 0.1407 0.0689 0.0972 0.1159 0.2531 0.1177 0.1509 0.0555 0.0856 0.0565 0.0631 0.0632 0.0758 0.0689 0.0672 0.0970 0.2105 0.0663 0.1535 0.0921 0.0845 0.0608 0.0530 0.0611 0.0342 0.1351 0.1074 0.0814 0.1120 0.0434 0.0831 0.1166 0.1881 0.0815 0.0388 0.0604 0.0305 0.0370 0.0357 0.0372 0.0351 0.0903 0.0554 0.1549 0.0616 0.0362 0.0502 0.0293 0.1277 0.0426 0.0244 0.0210 0.0514 0.0206 0.0207 0.0332 0.0252
0.0024 0.0041 0.0000 0.0044 0.0043 0.0020 0.0007 0.0006 0.0031 0.0141 0.0123 0.0021 0.0008 0.0157 0.0063 0.0104 0.0119 0.0265 0.0152 0.0254 0.0077 0.0137 0.0096 0.0109 0.0099 0.0128 0.0099 0.0103 0.0143 0.0273 0.0067 0.0180 0.0105 0.0084 0.0079 0.0067 0.0063 0.0028 0.0134 0.0095 0.0080 0.0127 0.0056 0.0112 0.0175 0.0326 0.0142 0.0070 0.0102 0.0054 0.0071 0.0079 0.0088 0.0077 0.0193 0.0136 0.0349 0.0146 0.0089 0.0104 0.0095 0.0233 0.0099 0.0082 0.0057 0.0099 0.0100 0.0081 0.0123 0.0075
0.4050 0.9069 0.0000 1.1460 0.8415 0.6158 0.2859 0.1539 0.5857 0.8629 0.3239 0.3852 0.2958 0.5344 0.2975 0.3056 0.4956 0.6923 0.2742 0.4600 0.0847 0.1443 0.1644 1.0139 0.7226 0.1880 0.0747 0.7905 0.8441 1.8070 0.4594 1.2525 0.8974 0.9556 0.7628 0.7323 0.7444 0.3381 1.4891 1.1358 0.8332 1.3878 0.5783 0.9705 1.1796 2.3091 0.9855 0.4279 0.8082 0.4217 0.4464 0.4013 0.5424 0.4206 1.2527 0.9619 2.9555 1.2751 0.8636 1.1492 1.3460 3.3305 1.2985 1.1298 0.8591 1.5694 1.6893 1.1945 1.6784 1.2456
0.2437 0.5777 0.0000 0.6143 0.7503 0.3079 0.1753 0.1377 0.4374 0.4443 0.4219 0.3933 0.2859 0.4140 0.1796 0.2466 0.3040 0.6518 0.1951 0.5114 0.1210 0.1292 0.1123 0.2353 0.0685 0.1260 0.1048 0.1025 0.1531 0.2133 0.0764 0.1321 0.0652 0.0661 0.0322 0.0295 0.0488 0.1365 0.4281 0.0611 0.0232 0.4584 0.1347 0.2726 0.3452 0.6818 0.3589 0.2049 0.3314 0.1918 0.2249 0.2109 0.2631 0.2206 0.5799 0.4404 1.3482 0.4786 0.2533 0.3578 0.3237 0.7214 0.3702 0.3195 0.1935 0.2898 0.3762 0.2506 0.4400 0.3346
0.0614 0.1540 0.0000 0.2152 0.3112 0.1425 0.0722 0.0591 0.2057 0.2153 0.2117 0.1749 0.1177 0.2080 0.0851 0.1237 0.1581 0.2749 0.1370 0.2013 0.0584 0.0911 0.0660 0.0950 0.0736 0.1006 0.0758 0.0594 0.0729 0.1357 0.0368 0.0977 0.0365 0.0580 0.0363 0.0208 0.0263 0.0215 0.0298 0.0323 0.0268 0.0431 0.0185 0.0244 0.0434 0.0544 0.0197 0.0107 0.0106 0.0058 0.0111 0.0642 0.0573 0.0086 0.0117 0.1098 0.2339 0.0968 0.0535 0.0761 0.0848 0.2485 0.1167 0.1132 0.0815 0.1289 0.1669 0.1113 0.1724 0.1066
0.2547 0.5263 0.0000 0.6100 0.6953 0.2692 0.1795 0.1510 0.4037 0.3601 0.4427 0.3462 0.2809 0.5238 0.2584 0.3766 0.5340 1.0979 0.6349 1.0093 0.4034 0.5838 0.4633 0.5939 0.4588 0.5382 0.3779 0.3858 0.4470 0.7872 0.2267 0.4877 0.3321 0.2951 0.2267 0.1899 0.1998 0.1275 0.4695 0.3430 0.2682 0.3596 0.1096 0.1930 0.2606 0.5005 0.1376 0.1170 0.1485 0.0514 0.0747 0.1406 0.0475 0.0609 0.1977 0.1513 0.4100 0.1131 0.0930 0.0841 0.0639 0.1782 0.0479 0.0436 0.0476 0.5225 0.4401 0.0481 0.0385 0.3741
0.0077 0.0185 0.0000 0.0226 0.0317 0.0156 0.0099 0.0090 0.0309 0.0278 0.0344 0.0266 0.0177 0.0267 0.0131 0.0167 0.0195 0.0405 0.0201 0.0282 0.0094 0.0160 0.0092 0.0118 0.0118 0.0142 0.0110 0.0118 0.0155 0.0324 0.0101 0.0257 0.0186 0.0179 0.0169 0.0176 0.0170 0.0086 0.0313 0.0216 0.0145 0.0242 0.0084 0.0141 0.0202 0.0314 0.0157 0.0075 0.0117 0.0059 0.0071 0.0095 0.0099 0.0077 0.0225 0.0144 0.0299 0.0115 0.0068 0.0094 0.0055 0.0239 0.0082 0.0047 0.0039 0.0128 0.0040 0.0046 0.0087 0.0066
0.0270 0.0421 0.0000 0.0499 0.0478 0.0224 0.0081 0.0069 0.0346 0.2335 0.1720 0.0214 0.0083 0.1857 0.0687 0.1015 0.1175 0.2584 0.1481 0.2608 0.0841 0.1522 0.1143 0.1405 0.1406 0.1688 0.1298 0.1039 0.1478 0.2554 0.0624 0.1685 0.0980 0.0816 0.0739 0.0658 0.0588 0.0275 0.1312 0.0927 0.0749 0.1311 0.0520 0.1029 0.1599 0.2946 0.1566 0.0807 0.1540 0.0810 0.1108 0.1067 0.1110 0.0841 0.2021 0.1616 0.4005 0.1458 0.0910 0.1024 0.1085 0.2653 0.1122 0.0937 0.0651 0.1282 0.1286 0.0886 0.1463 0.0928
0.1648 0.3690 0.0000 0.4666 0.3424 0.2506 0.1164 0.0626 0.2384 0.4296 0.1318 0.1707 0.1562 0.2822 0.1263 0.1244 0.2144 0.2996 0.1169 0.1962 0.0361 0.0615 0.0701 0.6356 0.3885 0.0765 0.0304 0.4049 0.3692 0.7903 0.2010 0.5481 0.3925 0.4180 0.3336 0.3214 0.3493 0.1741 0.8482 0.5667 0.4157 0.6074 0.2564 0.4245 0.5159 1.0099 0.4313 0.1872 0.3535 0.1845 0.1955 0.1755 0.2372 0.1839 0.5485 0.4581 1.2934 0.5590 0.3780 0.5026 0.5605 1.4827 0.6968 0.6091 0.4610 0.9138 0.8991 0.5520 0.7816 0.6193
2.2537 4.7741 0.0000 5.1950 7.1332 2.8466 1.6207 1.2738 4.0446 4.1623 4.0422 3.2004 2.4961 3.7692 1.4615 2.0070 2.4736 5.3042 1.5876 4.1618 0.9847 1.0517 0.9141 2.0534 0.5571 1.0254 1.0045 0.9814 1.2461 1.7368 0.6221 1.0754 0.5306 0.5380 0.2624 0.2400 0.3969 1.4574 4.1012 0.4971 0.1885 4.2389 1.1672 2.3623 2.9909 5.9068 3.1096 1.7753 2.8717 1.6619 1.9485 1.9015 2.6270 1.9338 5.0843 3.8153 11.3140 4.1490 2.1949 3.1021 2.8045 6.2503 3.2077 2.7680 1.6784 2.5108 3.2596 2.1725 3.8170 3.1580
0.1262 0.3173 0.0000 0.4426 0.6164 0.2661 0.1621 0.1328 0.4614 0.5174 0.5387 0.3801 0.2576 0.4860 0.1990 0.2585 0.3382 0.5879 0.3291 0.4706 0.1365 0.2129 0.1543 0.1985 0.1573 0.2067 0.1557 0.1267 0.1498 0.2789 0.0757 0.2007 0.0751 0.1191 0.0746 0.0428 0.0540 0.0443 0.0612 0.0663 0.0573 0.0920 0.0380 0.0500 0.0892 0.1117 0.0405 0.0220 0.0218 0.0120 0.0229 0.1535 0.1224 0.0176 0.0239 0.2568 0.5133 0.2299 0.1256 0.1806 0.2014 0.5829 0.2562 0.2452 0.1645 0.2409 0.3044 0.2061 0.3193 0.2588
0.0211 0.0462 0.0000 0.0536 0.0611 0.0225 0.0158 0.0126 0.0354 0.0301 0.0370 0.0289 0.0246 0.0460 0.0227 0.0355 0.0504 0.1036 0.0563 0.0854 0.0245 0.0398 0.0316 0.0452 0.0376 0.0520 0.0358 0.0338 0.0392 0.0742 0.0209 0.0449 0.0291 0.0259 0.0199 0.0166 0.0175 0.0084 0.0308 0.0265 0.0190 0.0245 0.0091 0.0161 0.0218 0.0418 0.0115 0.0098 0.0124 0.0043 0.0062 0.0100 0.0040 0.0047 0.0132 0.0101 0.0328 0.0094 0.0073 0.0066 0.0051 0.0142 0.0038 0.0035 0.0038 0.0358 0.0289 0.0040 0.0032 0.0315
0.0679 0.1838 0.0000 0.2239 0.3266 0.1469 0.0870 0.0783 0.2402 0.2023 0.2429 0.1915 0.1420 0.2743 0.1343 0.1883 0.2231 0.4872 0.2264 0.2904 0.1067 0.1647 0.1087 0.1214 0.1215 0.1459 0.1326 0.1369 0.1867 0.4052 0.1266 0.2973 0.1923 0.1764 0.1350 0.1179 0.1358 0.0760 0.3004 0.2398 0.1831 0.2501 0.0970 0.1756 0.2458 0.3830 0.1806 0.0860 0.1340 0.0676 0.0821 0.0690 0.0721 0.0679 0.1750 0.1074 0.2980 0.1186 0.0697 0.0967 0.0563 0.2457 0.0820 0.0469 0.0403 0.0996 0.0397 0.0400 0.0642 0.0487
0.0047 0.0079 0.0000 0.0086 0.0084 0.0039 0.0014 0.0012 0.0061 0.0316 0.0240 0.0041 0.0016 0.0353 0.0119 0.0188 0.0217 0.0478 0.0274 0.0483 0.0146 0.0260 0.0182 0.0218 0.0218 0.0262 0.0202 0.0198 0.0274 0.0494 0.0121 0.0326 0.0191 0.0151 0.0144 0.0122 0.0117 0.0051 0.0243 0.0172 0.0150 0.0262 0.0101 0.0205 0.0318 0.0579 0.0293 0.0144 0.0238 0.0125 0.0167 0.0184 0.0206 0.0167 0.0403 0.0335 0.0799 0.0291 0.0182 0.0204 0.0217 0.0529 0.0224 0.0187 0.0130 0.0199 0.0200 0.0154 0.0233 0.0144
0.0182 0.0409 0.0000 0.0516 0.0379 0.0277 0.0129 0.0069 0.0264 0.0409 0.0146 0.0175 0.0145 0.0262 0.0134 0.0138 0.0224 0.0313 0.0124 0.0207 0.0038 0.0065 0.0074 0.0591 0.0361 0.0085 0.0034 0.0464 0.0377 0.0838 0.0220 0.0581 0.0471 0.0427 0.0341 0.0327 0.0333 0.0156 0.0740 0.0525 0.0385 0.0620 0.0259 0.0454 0.0646 0.1230 0.0540 0.0224 0.0443 0.0221 0.0251 0.0216 0.0284 0.0221 0.0704 0.0588 0.1618 0.0717 0.0449 0.0551 0.0568 0.1433 0.0645 0.0561 0.0427 0.0785 0.0846 0.0589 0.0932 0.0663
0.0267 0.0559 0.0000 0.0608 0.0812 0.0333 0.0190 0.0149 0.0473 0.0348 0.0331 0.0298 0.0217 0.0318 0.0155 0.0219 0.0270 0.0580 0.0174 0.0455 0.0104 0.0111 0.0100 0.0178 0.0059 0.0098 0.0082 0.0080 0.0132 0.0184 0.0066 0.0113 0.0056 0.0057 0.0028 0.0025 0.0042 0.0116 0.0336 0.0053 0.0020 0.0398 0.0108 0.0235 0.0307 0.0586 0.0349 0.0164 0.0265 0.0153 0.0180 0.0158 0.0198 0.0163 0.0428 0.0350 0.1037 0.0409 0.0257 0.0360 0.0329 0.0702 0.0376 0.0311 0.0197 0.0283 0.0366 0.0244 0.0447 0.0362
0.0515 0.1361 0.0000 0.1554 0.1968 0.0834 0.0451 0.0369 0.1285 0.1358 0.1385 0.1217 0.0932 0.1453 0.0713 0.1133 0.1416 0.2462 0.1202 0.1767 0.0513 0.0799 0.0579 0.0588 0.0455 0.0664 0.0500 0.0392 0.0567 0.1091 0.0296 0.0785 0.0294 0.0466 0.0282 0.0162 0.0211 0.0142 0.0232 0.0222 0.0169 0.0271 0.0144 0.0189 0.0336 0.0421 0.0153 0.0083 0.0082 0.0045 0.0087 0.0403 0.0354 0.0067 0.0091 0.0738 0.1584 0.0761 0.0434 0.0598 0.0754 0.1798 0.0790 0.0756 0.0507 0.0743 0.0874 0.0601 0.0931 0.0755
0.0218 0.0503 0.0000 0.0701 0.0833 0.0299 0.0215 0.0167 0.0484 0.0400 0.0491 0.0384 0.0337 0.0650 0.0310 0.0474 0.0596 0.1130 0.0583 0.0884 0.0250 0.0406 0.0322 0.0460 0.0383 0.0504 0.0400 0.0346 0.0480 0.0988 0.0305 0.0634 0.0387 0.0344 0.0264 0.0221 0.0233 0.0092 0.0338 0.0290 0.0208 0.0268 0.0118 0.0214 0.0289 0.0555 0.0153 0.0130 0.0159 0.0055 0.0083 0.0109 0.0051 0.0053 0.0145 0.0111 0.0422 0.0121 0.0094 0.0085 0.0065 0.0183 0.0049 0.0045 0.0049 0.0368 0.0316 0.0052 0.0041 0.0322
0.2744 0.7675 0.0000 0.9350 1.5958 0.5943 0.3516 0.3166 0.9713 0.8176 0.8489 0.7177 0.5323 1.0273 0.5031 0.7149 0.9964 2.0843 1.1523 1.4191 0.5433 0.8050 0.5534 0.6181 0.5938 0.7128 0.6751 0.7324 0.8755 1.6524 0.4571 1.0727 0.6681 0.6126 0.4582 0.3997 0.4608 0.2577 1.0193 0.7899 0.5983 0.8481 0.3540 0.6895 1.0240 2.1254 0.8566 0.4079 0.6349 0.3207 0.3891 0.2793 0.2915 0.2746 0.7076 0.4341 1.3559 0.5795 0.3406 0.4726 0.2752 1.2005 0.3728 0.2133 0.1971 0.4027 0.1804 0.1618 0.2595 0.1970
0.0263 0.0442 0.0000 0.0473 0.0465 0.0218 0.0079 0.0067 0.0337 0.1308 0.1177 0.0225 0.0087 0.1451 0.0490 0.0840 0.1004 0.2138 0.1488 0.1985 0.0599 0.1070 0.0749 0.0852 0.0868 0.1011 0.0777 0.0763 0.1058 0.2007 0.0616 0.1594 0.1102 0.0960 0.0938 0.0739 0.0778 0.0340 0.1473 0.1040 0.0991 0.1735 0.0539 0.0998 0.1374 0.2335 0.1128 0.0555 0.0919 0.0484 0.0643 0.0729 0.0817 0.0645 0.1732 0.1243 0.3691 0.1408 0.0911 0.1225 0.1553 0.3510 0.1485 0.1239 0.0861 0.0778 0.0780 0.0631 0.0958 0.0583
2.9252 8.1956 0.0000 10.3566 7.2274 5.2894 2.2094 1.1888 5.0340 5.2888 2.5031 2.3607 1.8131 3.2769 2.3261 2.3896 3.4897 4.7920 2.1440 3.5969 0.6624 1.1278 1.2851 7.4987 4.4289 1.4527 0.5839 5.6297 5.3286 12.3910 3.2617 8.5940 7.4791 6.0326 4.8178 4.6226 4.6988 2.0941 9.1101 6.4612 4.7398 8.0128 3.1848 5.7883 8.8389 16.5716 8.5152 4.5044 7.9008 4.2367 5.1406 4.4361 5.4486 4.2226 14.4251 10.3921 23.5221 9.2872 5.5658 6.8299 6.9949 17.6495 7.9440 6.9120 5.2590 9.6699 10.4149 7.2562 11.4753 8.1659
0.2446 0.5428 0.0000 0.7320 1.0810 0.5419 0.2974 0.2336 0.7419 0.3515 0.3338 0.3171 0.2305 0.3340 0.1938 0.3327 0.4012 0.8788 0.2502 0.6562 0.1396 0.1492 0.1440 0.1897 0.0790 0.1061 0.0844 0.0825 0.1787 0.2491 0.0801 0.1262 0.0761 0.0772 0.0376 0.0344 0.0569 0.1084 0.3387 0.0705 0.0270 0.3690 0.1089 0.2395 0.3221 0.5989 0.3829 0.1656 0.2679 0.1550 0.1817 0.1598 0.1828 0.1423 0.3742 0.3253 0.8750 0.3486 0.2365 0.3136 0.3413 1.0622 0.4417 0.4106 0.3228 0.4641 0.5250 0.3499 0.6184 0.4292
0.0255 0.0571 0.0000 0.0651 0.0840 0.0356 0.0215 0.0176 0.0614 0.0648 0.0661 0.0541 0.0409 0.0694 0.0340 0.0463 0.0628 0.1306 0.0786 0.1361 0.0502 0.0754 0.0546 0.0308 0.0239 0.0348 0.0262 0.0206 0.0366 0.0890 0.0236 0.0641 0.0221 0.0350 0.0195 0.0112 0.0159 0.0075 0.0160 0.0117 0.0089 0.0142 0.0101 0.0133 0.0212 0.0231 0.0107 0.0058 0.0058 0.0032 0.0061 0.0194 0.0186 0.0046 0.0063 0.0352 0.0762 0.0366 0.0214 0.0288 0.0390 0.0866 0.0381 0.0364 0.0244 0.0358 0.0393 0.0263 0.0408 0.0351
0.0719 0.1665 0.0000 0.2322 0.3185 0.1663 0.0931 0.0815 0.2927 0.2616 0.2592 0.2027 0.1715 0.2835 0.1090 0.1493 0.1876 0.3559 0.1872 0.2841 0.0877 0.1425 0.1131 0.1616 0.1344 0.1687 0.1325 0.1214 0.1685 0.3109 0.0928 0.2388 0.1797 0.1881 0.1770 0.1775 0.1782 0.0345 0.1269 0.1088 0.0783 0.1007 0.0539 0.1369 0.1837 0.3522 0.0833 0.0708 0.0782 0.0271 0.0452 0.0410 0.0250 0.0201 0.0544 0.0416 0.2094 0.0603 0.0420 0.0330 0.0325 0.0907 0.0243 0.0222 0.0242 0.1296 0.1189 0.0253 0.0205 0.1131
0.0622 0.1739 0.0000 0.2119 0.3616 0.1347 0.0797 0.0717 0.2201 0.1853 0.1928 0.1513 0.1123 0.2305 0.1024 0.1455 0.2070 0.4241 0.2373 0.4438 0.1266 0.2198 0.1803 0.2177 0.1760 0.2111 0.1852 0.1657 0.1802 0.3347 0.0926 0.2173 0.1430 0.1311 0.1072 0.0935 0.1078 0.0603 0.2385 0.1761 0.1319 0.1984 0.0828 0.1446 0.2148 0.4003 0.2215 0.1242 0.2368 0.1366 0.1798 0.0632 0.0661 0.0622 0.1604 0.0984 0.3752 0.2080 0.1214 0.1682 0.0843 0.3675 0.1104 0.0631 0.0604 0.0913 0.0534 0.0369 0.0588 0.0446
1.2672 2.1242 0.0000 1.8022 2.2341 1.0464 0.3782 0.3246 1.6199 4.9787 4.3290 1.0824 0.4198 5.5087 3.1089 4.0986 5.5823 10.4362 5.8589 10.3176 3.3296 6.0284 4.7138 7.5868 5.0135 6.2838 4.0028 3.8674 4.4621 8.6644 2.3870 5.6045 3.7962 3.2293 2.8482 2.6051 2.1685 1.0890 5.1920 3.6650 2.6087 3.7440 1.6769 2.9571 4.6018 8.4812 4.1665 2.1474 4.0292 2.2320 2.6465 2.6538 2.7525 2.1181 5.0692 3.9835 9.8757 3.8398 2.4616 3.0584 2.7084 7.1182 3.2497 2.7129 1.8834 10.2149 9.2797 4.0079 6.9834 6.5570
0.0869 0.1710 0.0000 0.2160 0.1585 0.1161 0.0610 0.0328 0.1104 0.3062 0.0691 0.1162 0.1270 0.2294 0.0713 0.0673 0.1420 0.2002 0.0659 0.1106 0.0204 0.0347 0.0395 0.2111 0.2054 0.0401 0.0164 0.1169 0.1892 0.3519 0.1016 0.2441 0.1749 0.1862 0.1591 0.1547 0.1757 0.1131 0.3556 0.2564 0.1559 0.2472 0.0858 0.1575 0.2160 0.3674 0.1830 0.0834 0.1491 0.0822 0.0789 0.0782 0.1057 0.0820 0.2089 0.1431 0.4560 0.1757 0.1190 0.1584 0.1648 0.4360 0.2223 0.2036 0.1381 0.2361 0.2352 0.1521 0.2144 0.1670
0.0608 0.1377 0.0000 0.1700 0.1896 0.0836 0.0514 0.0404 0.1282 0.3620 0.4082 0.1640 0.1384 0.3190 0.0699 0.0894 0.1102 0.2362 0.0707 0.1855 0.0468 0.0500 0.0407 0.1478 0.0265 0.0758 0.0939 0.0918 0.0683 0.0853 0.0406 0.0709 0.0292 0.0296 0.0144 0.0132 0.0218 0.0482 0.2232 0.0236 0.0093 0.1144 0.1085 0.1496 0.2046 0.3742 0.1593 0.0945 0.1747 0.0911 0.1069 0.0951 0.1000 0.0829 0.2197 0.1788 0.4316 0.1772 0.1058 0.1298 0.1369 0.3204 0.1557 0.1418 0.0780 0.1287 0.1671 0.1113 0.1673 0.1136
0.0296 0.0665 0.0000 0.0929 0.1194 0.0506 0.0316 0.0265 0.0844 0.0812 0.0828 0.0697 0.0471 0.0829 0.0339 0.0496 0.0667 0.1280 0.0583 0.0920 0.0288 0.0449 0.0325 0.0663 0.0483 0.1175 0.0651 0.0462 0.0571 0.0827 0.0224 0.0595 0.0223 0.0353 0.0284 0.0163 0.0165 0.0185 0.0233 0.0262 0.0202 0.0324 0.0148 0.0191 0.0353 0.0442 0.0158 0.0086 0.0085 0.0047 0.0090 0.0287 0.0350 0.0067 0.0091 0.0438 0.2062 0.0762 0.0503 0.0599 0.0567 0.1661 0.0829 0.0758 0.0568 0.0850 0.0850 0.0606 0.0858 0.0674
0.2291 0.5472 0.0000 0.6217 0.8264 0.3244 0.2121 0.1819 0.4571 0.4338 0.5333 0.4170 0.3000 0.4848 0.2552 0.3508 0.4983 1.0246 0.5377 0.8164 0.2822 0.4887 0.3417 0.4381 0.3396 0.4392 0.3073 0.2927 0.3392 0.6723 0.1988 0.4724 0.2688 0.2567 0.2128 0.1782 0.1876 0.1716 0.6015 0.5452 0.5172 0.5344 0.1760 0.2325 0.3139 0.6030 0.1658 0.1410 0.2372 0.0821 0.0961 0.2416 0.0758 0.1032 0.2943 0.2253 0.6947 0.1865 0.1575 0.1424 0.1081 0.3019 0.0811 0.0739 0.0807 0.4374 0.5117 0.0769 0.0635 0.2839
0.2483 0.5341 0.0000 0.6502 0.8556 0.4209 0.2666 0.2431 0.8333 0.8927 0.7290 0.6077 0.4014 0.7204 0.2872 0.4206 0.5264 0.9983 0.5412 0.7613 0.2537 0.4316 0.2476 0.3176 0.3186 0.3822 0.2851 0.2493 0.3710 0.6921 0.2164 0.5505 0.3610 0.3316 0.3162 0.2942 0.2987 0.1499 0.5504 0.4033 0.2693 0.4266 0.1486 0.2749 0.4050 0.6969 0.2914 0.1492 0.2505 0.1265 0.1535 0.4278 0.4385 0.2483 0.7487 0.8226 0.9707 0.3109 0.1827 0.2534 0.1476 0.6441 0.2655 0.1519 0.1058 0.5533 0.1284 0.1891 0.4370 0.3316
0.0238 0.0357 0.0000 0.0522 0.0421 0.0197 0.0071 0.0061 0.0305 0.1057 0.1205 0.0178 0.0071 0.0845 0.0571 0.1030 0.1506 0.2623 0.1216 0.1803 0.0560 0.0971 0.0680 0.0781 0.0611 0.0784 0.0608 0.0676 0.0762 0.1593 0.0496 0.1161 0.0789 0.0819 0.0592 0.0609 0.0550 0.0276 0.1317 0.0930 0.0610 0.0778 0.0348 0.0608 0.0855 0.1559 0.0714 0.0352 0.0561 0.0302 0.0368 0.0395 0.0443 0.0375 0.0936 0.0661 0.1858 0.0791 0.0511 0.0635 0.0587 0.1663 0.0824 0.0688 0.0478 0.0804 0.0760 0.0736 0.1160 0.0637
0.6833 0.7996 0.0000 1.0105 0.7788 0.5427 0.3674 0.1910 0.5851 0.8393 0.4020 0.4096 0.2869 0.4810 0.4495 0.4617 0.6743 0.8769 0.4143 0.6950 0.1280 0.2179 0.2483 0.5108 0.4617 0.2333 0.1128 0.3572 0.5283 1.2284 0.3319 0.8520 0.7415 0.5981 0.4774 0.4583 0.4658 0.2076 0.7796 0.5883 0.4357 0.7939 0.2693 0.5327 0.8528 1.4468 0.7758 0.4624 0.6324 0.4198 0.5655 0.5851 0.6961 0.5394 1.1230 0.6832 1.8355 0.6868 0.4202 0.5355 0.5194 1.3129 0.5690 0.5063 0.3536 0.6320 0.6806 0.4948 0.7526 0.5093
0.0936 0.2318 0.0000 0.3102 0.4068 0.1934 0.1344 0.1167 0.3705 0.2185 0.2075 0.1971 0.1433 0.2076 0.1307 0.3715 0.3901 0.8796 0.2285 0.5989 0.1146 0.1225 0.1315 0.1179 0.0648 0.0663 0.0525 0.0513 0.1429 0.1992 0.0640 0.0959 0.0608 0.0617 0.0301 0.0275 0.0455 0.0490 0.2105 0.0579 0.0216 0.1501 0.0646 0.1421 0.2002 0.3552 0.2272 0.0982 0.1589 0.0920 0.1078 0.0948 0.1009 0.0836 0.2220 0.1930 0.4658 0.2013 0.1403 0.1718 0.1952 0.5971 0.2219 0.2436 0.1837 0.3091 0.3699 0.2464 0.2956 0.1783
