0.1422 0.2311 0.0000 0.2800 0.3163 0.1648 0.1127 0.0919 0.2739 0.2336 0.2234 0.1877 0.1415 0.2679 0.1091 0.1583 0.1968 0.3671 0.2022 0.2812 0.0965 0.1620 0.0937 0.1193 0.1202 0.1435 0.1078 0.0944 0.1397 0.2562 0.0826 0.2055 0.1362 0.1253 0.1058 0.0949 0.1001 0.0517 0.1977 0.1516 0.1021 0.1579 0.0564 0.1042 0.1519 0.2579 0.1098 0.0572 0.0948 0.0486 0.0587 0.0920 0.0903 0.1344 0.2635 0.1478 0.3808 0.1169 0.0696 0.0959 0.0559 0.2376 0.1074 0.0617 0.0417 0.1507 0.0519 0.0556 0.0894 0.0684
0.6994 1.1231 0.0000 1.2612 1.2010 0.5740 0.2106 0.1814 0.8769 2.6778 2.9664 0.5807 0.2253 2.4952 1.8868 3.7422 3.8017 8.7020 3.7527 6.0141 1.8669 3.2921 2.3233 2.6237 2.0856 2.6607 2.0800 2.3110 2.5936 5.3270 1.5645 3.5810 2.4577 2.0935 1.8549 1.6999 1.4151 0.7216 3.3238 2.3661 1.6989 2.4125 1.1061 1.9021 2.8697 5.2087 2.4308 1.2174 1.9167 1.0477 1.2720 1.3620 1.5240 1.2956 3.1471 2.2492 5.6390 2.4558 1.6069 1.9844 1.7568 4.5064 2.0964 1.7566 1.2304 2.4433 2.3980 2.4181 3.4646 1.9277
0.0000 0.0000 0.0000 0.0000 0.0000 0.0000 0.0000 0.0000 0.0000 0.0000 0.0000 0.0000 0.0000 0.0000 0.0000 0.0000 0.0000 0.0000 0.0000 0.0000 0.0000 0.0000 0.0000 0.0000 0.0000 0.0000 0.0000 0.0000 0.0000 0.0000 0.0000 0.0000 0.0000 0.0000 0.0000 0.0000 0.0000 0.0000 0.0000 0.0000 0.0000 0.0000 0.0000 0.0000 0.0000 0.0000 0.0000 0.0000 0.0000 0.0000 0.0000 0.0000 0.0000 0.0000 0.0000 0.0000 0.0000 0.0000 0.0000 0.0000 0.0000 0.0000 0.0000 0.0000 0.0000 0.0000 0.0000 0.0000 0.0000 0.0000
2.4451 5.9238 0.0000 7.3388 8.1388 3.6633 2.3375 1.8446 5.6891 7.2994 6.5427 7.3376 5.6817 7.3251 4.7366 4.0126 5.1457 10.3426 3.7628 8.5477 3.1768 3.3578 2.3655 5.2485 1.7914 3.1660 2.3530 2.1252 4.1734 5.5008 2.1464 3.6332 1.7936 1.8217 0.8941 0.8199 1.3513 1.4744 6.1197 1.5949 0.6157 4.2053 2.7475 6.4990 7.7128 17.8391 6.2993 3.3678 5.3745 3.1581 3.6839 3.2353 3.4374 2.8660 7.4272 6.5026 15.3173 6.7696 4.2208 5.1393 5.4284 12.4003 6.1434 5.6126 3.1162 5.0693 6.5676 4.4209 6.5732 4.4989
7.4037 16.0879 0.0000 21.8590 26.5410 11.4980 6.7886 5.7119 17.7097 18.1814 18.5374 15.8979 11.2506 18.5701 8.0489 12.1076 16.2940 30.7699 14.2400 22.2379 7.1639 11.0339 8.0572 12.5013 9.5420 17.0832 12.3646 8.8054 14.7518 20.0244 5.6072 14.5397 5.7062 8.7280 7.4168 4.2782 4.3347 3.6596 6.0099 6.0111 4.2682 6.2490 3.8292 4.9794 8.7489 10.8146 4.0146 2.2196 2.1698 1.2150 2.2999 6.1586 7.4826 1.7746 2.3629 9.9278 34.0972 16.7628 9.6762 13.2453 19.4835 38.8061 17.3958 16.6881 11.2973 16.3281 16.6793 11.9921 18.5582 16.1097
0.4806 1.1823 0.0000 1.5553 2.2096 0.8862 0.5865 0.5049 1.2337 1.1698 1.4372 1.1305 0.8200 1.3074 0.6666 0.8820 1.1237 2.1752 1.1021 1.6556 0.5067 0.8312 0.6105 0.8406 0.7033 0.9159 0.6965 0.6083 0.8217 1.6632 0.5120 1.2778 0.7351 0.7027 0.5849 0.4914 0.5164 0.2593 0.9231 0.7979 0.5787 0.7370 0.3312 0.6377 0.8533 1.6157 0.4536 0.3912 0.4420 0.1556 0.2497 0.3055 0.1427 0.1496 0.3978 0.3067 1.1493 0.3393 0.2623 0.2361 0.1840 0.5011 0.1375 0.1257 0.1382 0.7429 0.8678 0.1439 0.1156 0.5879
0.0966 0.2342 0.0000 0.2837 0.3956 0.2244 0.1234 0.1075 0.3201 0.2697 0.2613 0.2195 0.1657 0.3351 0.1365 0.1980 0.2462 0.4591 0.2529 0.3517 0.1207 0.2026 0.1173 0.1492 0.1503 0.1795 0.1348 0.1181 0.1748 0.3205 0.1034 0.2570 0.1704 0.1568 0.1239 0.1109 0.1172 0.0647 0.2473 0.1897 0.1277 0.1975 0.0706 0.1303 0.1900 0.3225 0.1374 0.0715 0.1185 0.0608 0.0734 0.0943 0.0983 0.0966 0.2341 0.1450 0.3712 0.1463 0.0870 0.1199 0.0700 0.2972 0.1047 0.0602 0.0505 0.1339 0.0506 0.0541 0.0864 0.0660
0.0283 0.0455 0.0000 0.0510 0.0486 0.0232 0.0085 0.0073 0.0355 0.1301 0.1441 0.0235 0.0091 0.1296 0.0800 0.1055 0.1296 0.2622 0.1525 0.2756 0.1056 0.1555 0.1097 0.1240 0.0985 0.1256 0.0981 0.1020 0.1145 0.2235 0.0636 0.1459 0.0999 0.0851 0.0754 0.0691 0.0575 0.0293 0.1351 0.0962 0.0690 0.0980 0.0450 0.0781 0.1204 0.2185 0.1073 0.0538 0.0903 0.0495 0.0600 0.0601 0.0673 0.0565 0.1320 0.0993 0.2401 0.1007 0.0653 0.0806 0.0714 0.1832 0.0852 0.0714 0.0500 0.1130 0.1132 0.1025 0.1474 0.0853
2.3085 4.9111 0.0000 6.1706 4.5094 3.3624 1.6311 0.8833 3.1651 5.5534 1.8085 2.2601 1.8258 3.2512 1.7283 1.7233 2.8882 3.9720 1.5775 2.6158 0.4971 0.8359 0.9573 4.8830 4.4360 1.0589 0.4253 3.2219 5.6181 11.0410 2.8996 7.7252 5.5901 5.9581 5.1109 5.1767 5.0601 2.2912 8.3160 6.3269 4.7200 7.8515 2.7319 5.0533 6.8660 11.5108 5.8365 2.7079 4.7731 2.6727 2.5554 2.5289 3.4078 2.6585 6.6195 4.5694 14.1919 5.5990 3.8355 5.0711 5.1736 12.7576 6.1084 5.4573 3.8407 6.2698 6.7212 4.8695 6.7986 5.0675
2.5513 5.9527 0.0000 7.3097 8.1019 3.6488 2.2688 1.7904 5.5218 7.3696 7.0018 6.5936 4.8996 7.0059 2.8614 3.8946 4.7676 10.0443 3.0631 7.9196 1.9316 2.0404 1.7849 4.0142 1.0886 2.0047 1.8049 1.7660 2.4223 3.3230 1.2276 2.0767 1.0367 1.0530 0.5168 0.4742 0.7811 1.7134 7.1113 0.9692 0.3719 4.7089 2.2671 4.2232 5.5358 10.3115 5.5224 3.2059 5.4743 3.2606 4.3750 3.7286 3.9616 3.3011 7.7544 6.1900 14.5896 6.1263 3.7002 4.5161 4.7589 10.8709 5.3857 4.9204 2.7319 4.4441 5.7577 3.8757 5.7626 3.9441
2.8891 6.3410 0.0000 8.8053 11.2527 4.8748 3.3421 2.9285 8.7135 8.2626 7.8594 6.6576 4.5320 7.8686 3.2903 4.7666 6.3583 12.0072 5.5568 8.6778 2.7955 4.3032 3.1441 6.2825 4.8951 6.2744 5.3861 4.2316 4.2669 7.8140 2.1881 5.6738 2.1507 3.4059 2.1453 1.2367 1.5559 1.5663 1.7384 2.1312 1.8332 2.9075 1.2041 1.4590 2.8034 3.4653 1.2669 0.7008 0.6847 0.3834 0.7262 3.1594 3.8386 0.5133 0.6928 4.2067 12.0180 5.0198 2.9894 3.9665 4.4147 12.6260 6.0561 5.8854 4.4476 9.7953 7.9359 5.4531 6.9334 5.2415
1.5645 3.5759 0.0000 4.0392 5.3317 2.1397 1.4152 1.2184 2.9768 2.8244 3.4701 2.7278 1.9799 3.1565 1.6938 2.3095 3.2559 6.5789 3.5751 5.6193 2.0208 3.4136 2.4361 3.2077 2.4832 2.8782 2.0300 2.0395 2.3503 4.3474 1.3273 3.0832 1.7737 1.6965 1.4123 1.1864 1.2459 1.4100 5.1296 2.7500 2.2767 3.6068 0.8964 1.5396 2.0601 3.8987 1.0944 0.9445 1.1885 0.4186 0.6028 1.2372 0.3839 0.5256 2.1719 1.6756 3.3832 0.9312 0.7953 0.7157 0.5438 1.4811 0.4065 0.3716 0.4085 3.2132 4.0399 0.3873 0.3175 1.9708
0.3077 0.7238 0.0000 0.8769 1.2233 0.6139 0.3934 0.3602 1.1979 1.2197 1.5414 1.1107 0.6894 1.0363 0.5055 0.6348 0.7612 1.5015 0.7816 1.0877 0.3729 0.6267 0.3625 0.4613 0.4648 0.5548 0.4209 0.3978 0.5897 1.1386 0.3672 0.9132 0.6286 0.6051 0.6074 0.5665 0.5747 0.3108 1.0993 0.7237 0.4894 0.8107 0.2896 0.4754 0.6751 1.0684 0.5472 0.2563 0.3936 0.2019 0.2438 0.4171 0.4444 0.3077 0.8761 0.5817 1.1479 0.4523 0.2691 0.3707 0.2163 0.9190 0.3235 0.1860 0.1561 0.5012 0.1566 0.1814 0.3839 0.2936
1.1190 1.7134 0.0000 2.0179 1.9205 0.9184 0.3369 0.2902 1.4030 8.5227 7.8395 0.8745 0.3436 6.3994 2.9959 4.3760 5.2477 10.8752 6.3309 11.0169 3.6593 6.5368 5.1496 6.7210 6.2512 8.4732 5.1830 4.2333 5.7555 9.7296 2.6377 6.4794 4.1461 3.5317 3.1273 2.8678 2.3859 1.2174 5.6039 3.9917 2.9241 4.4089 2.0599 3.7679 5.8063 10.5389 5.3752 2.8185 5.2106 2.9331 3.4598 3.4340 3.5679 2.7526 6.4090 5.1402 12.4329 4.8763 3.0065 3.6286 3.4659 8.2696 3.5701 2.9897 2.0954 6.1278 6.1393 3.8373 6.5245 4.2854
0.1433 0.3142 0.0000 0.3947 0.2886 0.2152 0.1012 0.0548 0.2025 0.3790 0.1123 0.1520 0.1500 0.2672 0.1141 0.1084 0.1906 0.2620 0.1041 0.1725 0.0328 0.0551 0.0631 0.4464 0.3709 0.0657 0.0267 0.2573 0.3516 0.6927 0.1818 0.4844 0.3505 0.3736 0.3201 0.3120 0.3208 0.1522 0.6471 0.4978 0.4351 0.5145 0.2056 0.3292 0.4305 0.7650 0.3660 0.1698 0.2995 0.1676 0.1603 0.1586 0.2137 0.1667 0.4197 0.3076 0.9731 0.4043 0.2770 0.3660 0.3879 1.0015 0.5201 0.4294 0.3272 0.5341 0.5336 0.3552 0.4938 0.3927
0.6099 1.3307 0.0000 1.5182 1.8165 0.7610 0.4388 0.3463 1.0681 1.5101 1.4347 1.2739 0.9584 1.4288 0.5535 0.7533 0.9222 1.9428 0.5925 1.5319 0.3736 0.3947 0.3452 0.7852 0.2106 0.3921 0.3681 0.3602 0.4685 0.6431 0.2375 0.4019 0.2005 0.2037 0.1000 0.0917 0.1511 0.4159 1.4571 0.1875 0.0719 1.1257 0.5095 1.0149 1.2737 2.4781 1.3272 0.7705 1.2302 0.7225 0.8433 0.7406 0.7868 0.6557 1.7758 1.6991 3.8342 1.4723 0.8898 1.0853 1.1437 2.6125 1.2943 1.1825 0.6565 1.0680 1.3845 0.9314 1.3857 0.9574
1.6610 3.8392 0.0000 5.3312 6.8775 2.9794 1.6991 1.3527 4.4586 4.7113 4.8035 4.0690 2.7617 4.8120 2.0122 2.8979 3.6770 6.7783 3.1853 4.8500 1.5624 2.4065 1.7572 2.9019 2.2611 3.2774 2.4879 1.9546 2.3848 4.3698 1.2236 3.1711 1.2021 1.9036 1.1990 0.6916 0.8701 0.7235 0.9716 1.0589 0.8468 1.3430 0.6190 0.8050 1.4202 1.7555 0.6490 0.3590 0.3508 0.1964 0.3720 1.4594 1.7731 0.2869 0.3820 2.5710 6.8044 3.0789 1.7176 2.4328 2.7078 7.7441 3.4715 3.3283 2.2545 3.3301 3.9850 2.8974 4.4418 3.5156
22.0369 44.0213 0.0000 50.7588 57.4975 21.9752 15.3520 12.5131 33.6883 29.0069 35.6381 28.0152 23.7361 40.1588 21.9595 31.5141 44.4282 89.7715 49.5938 74.9382 22.1411 33.3677 26.6920 37.3631 30.9305 39.6690 27.8795 26.6912 30.7589 59.6017 17.2994 39.2503 22.9272 20.3988 16.1433 13.5613 14.2506 8.6645 30.8432 26.0717 18.9085 24.0809 9.1088 15.8117 21.1575 40.0405 11.2402 9.7007 12.1558 4.2815 6.1905 9.9829 3.9245 4.6875 13.0594 10.0751 31.2916 9.2372 7.2446 6.5193 5.0089 13.6426 3.7442 3.4227 3.7624 29.8246 28.9971 3.9587 3.1476 25.7775
1.4793 3.9192 0.0000 4.7480 6.6236 3.1582 1.8923 1.7096 5.0929 4.2907 4.3084 3.6624 2.7392 5.3340 2.6037 4.2031 4.2900 9.3573 4.2547 5.8895 2.0301 3.3932 1.9954 2.4978 2.5167 3.0060 2.4315 2.2618 3.4064 6.5311 2.1062 5.2380 3.2508 2.9892 2.2822 1.8892 2.1722 1.2343 4.7180 3.7184 2.6033 3.8271 1.4098 2.6558 3.7053 6.1719 2.6293 1.2900 2.0381 1.0455 1.2626 1.5003 1.5634 1.4802 3.7247 2.3060 6.2153 2.4492 1.4568 2.0071 1.1717 4.9757 1.7514 1.0071 0.8451 2.1309 0.8477 0.8659 1.3744 1.0507
3.5721 5.8661 0.0000 6.3215 6.1090 2.9215 1.0710 0.9232 4.4629 17.1740 17.6759 3.0349 1.1772 19.0695 8.3337 14.1512 16.8012 35.1476 23.1242 32.7905 10.1790 17.9389 12.6673 14.3051 11.3645 14.4982 11.3409 12.6001 15.0331 30.2297 11.7195 24.5024 16.2327 12.9000 12.2513 10.4751 8.7199 4.4466 20.4810 14.5800 10.7498 16.1989 7.5683 13.0144 18.1253 30.6564 14.0896 7.0608 10.7246 5.7089 7.1674 7.8946 8.8335 7.6253 19.7726 13.3238 38.5834 16.8034 10.9881 13.3321 11.8036 28.5133 12.9179 10.8241 7.5819 13.0426 13.0670 10.6742 16.0399 9.8462
0.1700 0.3854 0.0000 0.4842 0.3538 0.2638 0.1201 0.0651 0.2484 0.3127 0.1332 0.1408 0.1090 0.1943 0.1245 0.1270 0.2042 0.2807 0.1132 0.1877 0.0357 0.0599 0.0687 0.2916 0.2649 0.0780 0.0313 0.2190 0.3027 0.6904 0.1875 0.4828 0.3948 0.3435 0.2754 0.2650 0.2690 0.1219 0.4677 0.3601 0.2664 0.4527 0.1927 0.3732 0.5384 1.0700 0.4418 0.1912 0.3615 0.1888 0.1933 0.1786 0.2407 0.1878 0.5305 0.3889 1.2293 0.5009 0.3103 0.3821 0.3650 0.9000 0.3842 0.3170 0.2431 0.4407 0.4741 0.3531 0.5468 0.3630
1.2410 3.0584 0.0000 3.5999 3.9923 1.6933 1.0039 0.7922 2.4432 2.2696 2.1563 2.0583 1.5089 2.1576 1.1322 1.5926 1.9496 4.1074 1.2526 3.2386 0.7643 0.8078 0.7303 1.2362 0.4307 0.6928 0.5559 0.5439 0.9584 1.3156 0.4837 0.8188 0.4105 0.4169 0.2046 0.1876 0.3092 0.5794 2.1900 0.3835 0.1472 1.9234 0.7550 1.6341 2.1219 3.9898 2.5946 1.1424 1.8231 1.0713 1.2496 1.0974 1.1667 0.9722 2.5194 2.2057 5.4558 2.3085 1.7354 2.1131 2.6581 5.1076 2.8868 2.3118 1.3172 2.0880 2.7051 1.8209 2.9451 2.1141
0.4755 0.9730 0.0000 1.1379 1.3606 0.5894 0.3361 0.2789 0.8821 0.9321 0.9503 0.8276 0.6248 0.9730 0.4868 0.7323 0.9855 2.0811 0.9631 1.4332 0.4405 0.6780 0.4954 0.5983 0.4661 0.6756 0.5129 0.4027 0.5841 1.1871 0.3324 0.8620 0.3267 0.5174 0.2935 0.1693 0.2364 0.1491 0.2380 0.2277 0.1745 0.2769 0.1531 0.1991 0.3464 0.4280 0.1606 0.0888 0.0868 0.0486 0.0920 0.3009 0.3655 0.0703 0.0945 0.5086 1.3995 0.6880 0.4076 0.5436 0.7347 1.5927 0.7140 0.6849 0.4637 0.6702 0.6846 0.4922 0.7617 0.6612
1.0895 2.6804 0.0000 3.5260 5.0094 2.9450 1.3297 1.3778 3.8517 3.4640 4.2559 3.3476 2.3440 3.3242 1.5102 1.9995 2.5476 4.9313 2.4986 3.7533 1.1488 1.8843 1.3841 1.9058 1.5945 2.0765 1.5791 1.3792 1.8630 3.7705 1.1607 2.8969 1.9487 2.0097 1.8273 1.5351 1.6131 0.5879 2.0927 1.8089 1.3119 1.6708 0.9161 1.8882 2.5266 4.7845 1.3431 1.1585 1.3073 0.4602 0.7393 0.6927 0.4221 0.3411 0.9013 0.6954 3.4012 1.0046 0.7075 0.5538 0.5447 1.4828 0.4072 0.3722 0.4089 1.6843 1.9674 0.4258 0.3423 1.3328
0.4072 1.1136 0.0000 1.3491 2.2839 0.8693 0.5205 0.4706 1.4018 1.1803 1.1434 0.9612 0.7257 1.4673 0.6311 0.9165 1.4187 2.6400 1.6659 2.0308 0.9483 1.1700 0.7905 0.8766 0.8678 1.0365 0.9633 0.8829 1.0990 1.8799 0.5482 1.2690 0.7875 0.7246 0.5529 0.4857 0.5265 0.2990 1.1430 0.9008 0.6732 0.9332 0.3992 0.7653 1.1258 2.1369 1.0264 0.5111 0.8074 0.4142 0.5002 0.4127 0.4303 0.4072 1.0246 0.6344 1.9312 0.8445 0.5023 0.6921 0.4038 1.7157 0.5442 0.3129 0.2914 0.5862 0.2634 0.2382 0.3781 0.2892
0.4910 0.8067 0.0000 0.8602 0.8396 0.4015 0.1473 0.1269 0.6134 1.9223 2.1295 0.4130 0.1618 2.0232 1.0793 1.8328 2.1773 4.5548 3.2178 4.2469 1.3183 2.3247 1.6406 1.8527 1.4727 1.8788 1.4688 1.6319 1.8315 3.7617 1.2485 2.8596 2.1073 2.1605 1.5895 1.9219 1.4604 0.7447 3.4282 2.4419 1.7523 2.2134 0.9001 1.5180 2.1153 3.6781 1.7165 0.8597 1.3527 0.7398 0.8982 0.9618 1.0762 0.9149 2.3076 1.5883 4.5030 1.9611 1.2824 1.7015 1.6816 4.6507 2.1635 1.8128 1.2698 1.6902 1.6934 1.3825 2.0786 1.2752
0.3756 0.9788 0.0000 1.2298 0.8987 0.6701 0.2838 0.1537 0.6308 0.6142 0.3146 0.2766 0.2142 0.3816 0.2975 0.3034 0.4397 0.5513 0.2704 0.4485 0.0852 0.1432 0.1641 0.5731 0.5207 0.1842 0.0748 0.4046 0.4816 1.0997 0.3067 0.7695 0.6757 0.5462 0.4382 0.4214 0.4280 0.1938 0.7034 0.5351 0.3997 0.7202 0.2761 0.4957 0.7734 1.3849 0.7244 0.4510 0.6743 0.3891 0.6715 0.5393 0.6266 0.4885 1.2164 0.7465 1.9502 0.7178 0.4447 0.5472 0.5226 1.2896 0.5502 0.4616 0.3486 0.6319 0.6798 0.5057 0.7831 0.5369
0.3145 0.7429 0.0000 1.0292 1.3426 0.6520 0.4584 0.3618 1.1157 0.6061 0.5758 0.5496 0.4029 0.5761 0.3697 0.7718 0.9245 1.9905 0.5590 1.4453 0.2856 0.3017 0.3259 0.3301 0.1609 0.1862 0.1484 0.1452 0.3529 0.4841 0.1605 0.2358 0.1510 0.1534 0.0753 0.0690 0.1138 0.1410 0.5848 0.1433 0.0542 0.4664 0.1841 0.3986 0.5308 0.9731 0.6328 0.2786 0.4447 0.2613 0.3048 0.2677 0.2844 0.2371 0.6145 0.5380 1.2673 0.5601 0.3949 0.4808 0.5454 1.6272 0.6282 0.6787 0.5520 1.2901 1.0221 0.6880 0.8748 0.5323
0.6997 1.4328 0.0000 1.7175 2.0865 0.9034 0.5334 0.4488 1.3914 1.4285 1.4565 1.2491 0.9200 1.4694 0.7352 1.0783 1.4511 3.0644 1.6682 2.8089 1.0239 1.7033 1.2445 0.9622 0.7502 1.0867 0.8254 0.6481 1.1468 3.3625 0.8993 2.4487 0.8320 1.3176 0.6719 0.3876 0.6019 0.2399 0.5448 0.3687 0.2808 0.4456 0.3418 0.4445 0.7042 0.7549 0.3584 0.1981 0.1937 0.1085 0.2053 0.4839 0.5883 0.1609 0.2109 0.7800 3.1181 1.5329 0.9081 1.2113 1.6370 3.5487 1.5908 1.5261 1.0331 1.4932 1.5253 1.0967 1.6971 1.4732
5.5713 13.7060 0.0000 18.0298 25.6150 13.4191 6.7992 7.0453 21.7414 21.0081 27.1502 20.3018 11.4485 16.2261 7.7271 10.2244 13.0271 25.2160 12.7763 19.1923 5.8743 9.6354 7.0775 9.7451 8.1533 10.6179 8.0744 7.0524 9.5262 19.2804 5.9352 14.8129 9.5122 9.8099 8.8569 7.4404 7.8185 3.0061 10.7009 9.2499 6.7085 8.5436 4.6844 11.4583 15.3322 29.0162 8.1454 7.0257 7.1528 2.5194 4.4861 3.5418 2.3107 1.7442 4.6116 3.5557 18.3697 5.4227 3.8188 2.9822 2.9404 8.0088 2.1980 2.0093 2.2087 8.6123 10.0604 2.3308 1.8478 6.8149
0.0726 0.1984 0.0000 0.2404 0.4070 0.1549 0.0928 0.0838 0.2498 0.2103 0.2038 0.1712 0.1293 0.2615 0.1065 0.1626 0.2359 0.4387 0.2601 0.4727 0.1241 0.2510 0.1834 0.2378 0.2396 0.3129 0.1670 0.1300 0.1707 0.3038 0.0886 0.2110 0.1329 0.1222 0.0966 0.0865 0.0914 0.0505 0.1928 0.1498 0.1088 0.1541 0.0645 0.1237 0.1821 0.3316 0.1578 0.0886 0.1593 0.0817 0.0986 0.0735 0.0766 0.0726 0.1826 0.1130 0.4196 0.2331 0.1387 0.1912 0.1115 0.4736 0.1355 0.0779 0.0804 0.1045 0.0655 0.0427 0.0674 0.0515
1.0844 1.7819 0.0000 1.5016 1.8546 0.8869 0.3252 0.2803 1.3549 3.0795 3.4114 0.9235 0.3574 3.0704 1.7089 2.9017 3.4472 7.2114 5.0945 6.7238 2.0872 3.6806 2.5975 2.9350 2.3537 3.0365 2.3516 2.5837 3.3868 6.4176 2.0310 5.1379 3.6292 3.5834 3.1157 2.7776 2.9188 1.2978 5.4309 3.8661 3.8728 4.6862 1.8095 2.9303 4.0835 6.9066 3.1724 1.5898 2.4162 1.2220 1.6148 1.7796 1.9913 1.7169 4.4520 3.0786 8.9100 3.7834 2.4741 3.4186 3.5603 9.8465 4.3700 3.6595 2.5634 2.6760 2.6810 2.1901 3.2910 2.0202
0.4739 1.2977 0.0000 1.6305 1.1334 0.8456 0.3579 0.1939 0.7955 0.7751 0.3968 0.3488 0.2703 0.4812 0.3752 0.3826 0.5545 0.6957 0.3411 0.5656 0.1075 0.1807 0.2070 0.7661 0.6566 0.2323 0.0944 0.6006 0.7255 1.6575 0.4504 1.1597 1.0184 0.8233 0.6604 0.6351 0.6447 0.2921 1.1545 0.8742 0.6468 1.0958 0.4679 0.8404 1.2702 2.3479 1.2131 0.5530 1.1265 0.5210 0.6292 0.5426 0.6647 0.5182 1.7266 1.6146 3.2677 1.3052 0.7916 0.9661 0.9354 2.3052 1.0135 0.8844 0.6782 1.2294 1.3218 0.9321 1.4751 1.0446
0.5157 1.1933 0.0000 1.7167 2.2016 0.9228 0.5319 0.4197 1.2945 0.7699 0.7314 0.6982 0.5118 0.7319 0.3850 0.6544 0.7839 1.6868 0.4893 1.2659 0.2777 0.2935 0.2853 0.4193 0.1566 0.2352 0.1885 0.1845 0.3524 0.4837 0.1645 0.2784 0.1508 0.1532 0.0752 0.0690 0.1136 0.2312 0.7429 0.1394 0.0541 0.7643 0.3004 0.6501 0.8442 1.5873 0.9801 0.4545 0.7257 0.4262 0.4971 0.4369 0.5064 0.4269 1.0961 0.9027 2.6093 1.0639 0.7152 0.9619 0.9636 1.9294 1.0963 0.8728 0.5802 0.8234 1.0219 0.6875 1.2979 0.9317
0.3861 0.7507 0.0000 0.8779 1.0498 0.4548 0.2594 0.2016 0.6806 0.7191 0.7332 0.6385 0.4821 0.7507 0.3756 0.5650 0.7608 1.4796 0.6847 1.0190 0.3130 0.4821 0.3520 0.3840 0.2992 0.4336 0.3292 0.2586 0.3749 0.7234 0.2026 0.5250 0.1990 0.3153 0.1885 0.1087 0.1441 0.0957 0.1527 0.1463 0.1120 0.1777 0.0973 0.1265 0.2223 0.2748 0.1020 0.0564 0.0551 0.0309 0.0584 0.2186 0.2346 0.0451 0.0600 0.3927 0.9610 0.4675 0.2699 0.3694 0.4649 1.0938 0.4903 0.4701 0.3184 0.4599 0.5398 0.3927 0.6020 0.4916
0.1615 0.3638 0.0000 0.4982 0.5643 0.2066 0.1507 0.1177 0.3306 0.2734 0.3351 0.2635 0.2329 0.4230 0.2155 0.3574 0.4353 0.8066 0.3934 0.5902 0.1655 0.2653 0.2122 0.3007 0.2515 0.3373 0.2696 0.2279 0.3144 0.6514 0.1897 0.4134 0.2465 0.2193 0.1692 0.1422 0.1494 0.0656 0.2334 0.2017 0.1463 0.1863 0.0829 0.1487 0.1989 0.3767 0.1057 0.0912 0.1106 0.0389 0.0582 0.0772 0.0357 0.0378 0.1006 0.0776 0.2847 0.0841 0.0657 0.0591 0.0456 0.1241 0.0341 0.0312 0.0342 0.2384 0.2194 0.0360 0.0286 0.2117
0.1625 0.4304 0.0000 0.5214 0.7593 0.3468 0.2077 0.1876 0.5593 0.4709 0.5241 0.4456 0.3332 0.6338 0.3168 0.4430 0.5244 1.1250 0.5318 0.6752 0.2552 0.3890 0.2588 0.2870 0.2885 0.3446 0.3154 0.3081 0.4419 0.9418 0.3060 0.6927 0.4199 0.3859 0.2789 0.2440 0.2808 0.1595 0.6095 0.4883 0.3730 0.5079 0.2020 0.3805 0.5287 0.8411 0.3714 0.1800 0.2765 0.1418 0.1713 0.1647 0.1716 0.1625 0.4088 0.2531 0.6894 0.2808 0.1670 0.2301 0.1342 0.5704 0.1944 0.1117 0.0969 0.2339 0.0940 0.0950 0.1508 0.1154
0.0113 0.0186 0.0000 0.0200 0.0194 0.0093 0.0034 0.0029 0.0141 0.0634 0.0554 0.0096 0.0037 0.0706 0.0288 0.0474 0.0540 0.1178 0.0686 0.1134 0.0352 0.0621 0.0438 0.0495 0.0452 0.0583 0.0451 0.0472 0.0650 0.1223 0.0308 0.0814 0.0478 0.0382 0.0363 0.0311 0.0289 0.0132 0.0607 0.0432 0.0368 0.0577 0.0259 0.0515 0.0793 0.1456 0.0647 0.0324 0.0466 0.0249 0.0329 0.0362 0.0405 0.0356 0.0870 0.0617 0.1552 0.0663 0.0410 0.0475 0.0436 0.1039 0.0448 0.0376 0.0263 0.0451 0.0452 0.0369 0.0555 0.0341
1.8753 4.1111 0.0000 5.1654 3.7771 2.8163 1.3250 0.7175 2.6495 3.8943 1.4692 1.7537 1.3579 2.4181 1.3730 1.3999 2.2516 3.0965 1.2480 2.0695 0.3933 0.6613 0.7573 4.6006 3.2993 0.8602 0.3455 3.6195 3.8458 8.0918 2.1239 5.6584 4.0945 4.3641 3.4986 3.3669 3.4173 1.5777 6.7120 5.1609 3.8186 6.2888 2.6853 4.4392 5.3495 10.3162 4.4862 1.9834 3.6927 1.9576 2.0625 1.8523 2.4960 1.9473 5.6598 4.3793 13.1143 5.7892 3.9657 5.2433 6.1315 14.8116 5.8923 5.1417 3.9431 7.0975 7.6309 5.4479 7.5792 5.6694
1.1271 2.6143 0.0000 2.7663 3.3568 1.4071 0.8110 0.6400 1.9738 2.0038 1.9038 1.7833 1.3074 1.8683 0.8276 1.1264 1.3789 2.9051 0.8859 2.2905 0.5587 0.5901 0.5162 1.0711 0.3148 0.5754 0.4822 0.4721 0.7006 0.9611 0.3551 0.6010 0.2999 0.3045 0.1495 0.1372 0.2259 0.6371 1.9335 0.2803 0.1076 2.0802 0.6274 1.2498 1.5685 3.0515 1.6352 0.9493 1.5150 0.8902 1.0384 0.9729 1.2102 1.0204 2.6196 2.0044 5.9812 2.1744 1.1655 1.6353 1.4788 3.2190 1.6835 1.4570 0.8909 1.3159 1.7049 1.1470 1.9919 1.5263
0.2845 0.6980 0.0000 0.9692 1.3916 0.6508 0.3338 0.2745 0.9269 0.9697 0.9538 0.7925 0.5379 0.9372 0.3919 0.5644 0.7161 1.2243 0.6203 0.9011 0.2694 0.4147 0.3028 0.4322 0.3367 0.4575 0.3473 0.2729 0.3331 0.6100 0.1708 0.4427 0.1678 0.2659 0.1674 0.0965 0.1215 0.1010 0.1357 0.1479 0.1239 0.1966 0.0865 0.1124 0.1984 0.2451 0.0906 0.0501 0.0490 0.0274 0.0519 0.2962 0.2641 0.0401 0.0534 0.5007 1.0412 0.4411 0.2466 0.3485 0.3881 1.1094 0.5312 0.5165 0.3750 0.5848 0.7558 0.5088 0.7800 0.4865
1.1773 2.3824 0.0000 2.7470 3.1117 1.2313 0.8303 0.7015 1.8221 1.6253 1.9968 1.5706 1.2846 2.3613 1.1884 1.7166 2.4158 4.8813 2.8668 4.5059 1.8519 2.6470 2.1162 2.6913 2.0908 2.4406 1.7274 1.7654 2.0344 3.5252 1.0476 2.2044 1.5164 1.3500 1.0417 0.8751 0.9196 0.5954 2.1195 1.5612 1.2309 1.6336 0.5107 0.8859 1.1855 2.2435 0.6298 0.5435 0.6811 0.2399 0.3469 0.6499 0.2200 0.2835 0.8974 0.6920 1.8291 0.5176 0.4300 0.3867 0.2940 0.8003 0.2198 0.2009 0.2207 2.3659 1.9927 0.2219 0.1765 1.7060
0.0357 0.0840 0.0000 0.1018 0.1420 0.0713 0.0457 0.0418 0.1390 0.1249 0.1549 0.1204 0.0809 0.1203 0.0602 0.0761 0.0884 0.1800 0.0908 0.1263 0.0433 0.0727 0.0421 0.0535 0.0540 0.0644 0.0505 0.0539 0.0707 0.1452 0.0467 0.1163 0.0849 0.0818 0.0773 0.0807 0.0778 0.0399 0.1410 0.0980 0.0663 0.1098 0.0392 0.0644 0.0914 0.1405 0.0716 0.0347 0.0533 0.0274 0.0330 0.0437 0.0455 0.0357 0.1017 0.0656 0.1332 0.0525 0.0312 0.0430 0.0251 0.1067 0.0376 0.0216 0.0181 0.0582 0.0182 0.0211 0.0393 0.0301
0.1254 0.1920 0.0000 0.2261 0.2154 0.1029 0.0378 0.0325 0.1572 1.0506 0.7751 0.0980 0.0385 0.8367 0.3164 0.4632 0.5328 1.1505 0.6697 1.1655 0.3867 0.6907 0.5228 0.6377 0.6410 0.7656 0.5929 0.4761 0.6725 1.1436 0.2886 0.7616 0.4475 0.3736 0.3397 0.3034 0.2705 0.1288 0.5928 0.4223 0.3441 0.5954 0.2421 0.4714 0.7251 1.3169 0.7124 0.3735 0.7028 0.3757 0.5106 0.4910 0.5101 0.3889 0.9126 0.7349 1.7776 0.6628 0.4184 0.4680 0.4955 1.1830 0.5104 0.4274 0.2996 0.5814 0.5825 0.4055 0.6624 0.4237
0.7636 1.6740 0.0000 2.1045 1.5380 1.1468 0.5395 0.2922 1.0788 1.9380 0.5982 0.7772 0.7167 1.2763 0.5832 0.5704 0.9747 1.3404 0.5323 0.8828 0.1678 0.2819 0.3231 2.8799 1.7724 0.3503 0.1407 1.8528 1.6825 3.5400 0.9297 2.4769 1.7913 1.9092 1.5306 1.4782 1.6034 0.8119 3.8196 2.5743 1.9048 2.7529 1.1908 1.9421 2.3403 4.5132 1.9638 0.8677 1.6155 0.8564 0.9034 0.8104 1.0920 0.8519 2.4790 2.0853 5.7407 2.5386 1.7360 2.2939 2.5546 6.5953 3.1597 2.7702 2.1145 4.1279 4.0585 2.5174 3.5291 2.8180
10.4173 21.6081 0.0000 23.3952 31.8967 13.0057 7.4958 5.9186 18.2432 18.7621 18.2286 14.5162 11.4135 17.0061 6.7365 9.1690 11.2243 23.6471 7.2113 18.6449 4.5474 4.8037 4.2045 9.3454 2.5628 4.6838 4.6168 4.5173 5.7027 7.8279 2.8901 4.8921 2.4422 2.4790 1.2174 1.1164 1.8389 6.7972 18.5137 2.2817 0.8756 19.2274 5.4355 10.8278 13.5887 26.4377 14.1672 8.2246 13.1251 7.7125 8.9964 8.7679 12.0750 8.9450 22.9639 17.3655 50.1989 18.8497 10.0976 14.1761 12.8119 27.8886 14.5851 12.6230 7.7275 11.4010 14.7708 9.9428 17.2775 14.4014
0.5848 1.4387 0.0000 1.9942 2.7576 1.2159 0.7494 0.6170 2.0795 2.3291 2.4256 1.7222 1.1772 2.1896 0.9156 1.1791 1.5318 2.6189 1.4891 2.1066 0.6294 0.9689 0.7079 0.9035 0.7199 0.9408 0.7142 0.5823 0.6846 1.2537 0.3511 0.9103 0.3451 0.5464 0.3442 0.1984 0.2496 0.2077 0.2789 0.3040 0.2649 0.4201 0.1777 0.2309 0.4077 0.5036 0.1862 0.1030 0.1006 0.0564 0.1067 0.7084 0.5645 0.0824 0.1097 1.1706 2.2855 1.0470 0.5793 0.8273 0.9214 2.6012 1.1660 1.1186 0.7573 1.0938 1.3793 0.9433 1.4461 1.1808
0.0975 0.2092 0.0000 0.2412 0.2732 0.1028 0.0729 0.0586 0.1600 0.1358 0.1668 0.1312 0.1127 0.2075 0.1044 0.1617 0.2279 0.4603 0.2543 0.3815 0.1128 0.1808 0.1446 0.2048 0.1714 0.2357 0.1636 0.1547 0.1783 0.3320 0.0964 0.2028 0.1330 0.1183 0.0913 0.0767 0.0806 0.0392 0.1394 0.1205 0.0874 0.1113 0.0427 0.0740 0.0990 0.1874 0.0526 0.0454 0.0569 0.0200 0.0290 0.0461 0.0184 0.0217 0.0601 0.0464 0.1464 0.0432 0.0338 0.0304 0.0234 0.0638 0.0175 0.0160 0.0176 0.1625 0.1311 0.0185 0.0147 0.1438
0.3144 0.8330 0.0000 1.0091 1.4609 0.6712 0.4022 0.3634 1.0824 0.9119 1.0944 0.8679 0.6491 1.2354 0.6174 0.8578 1.0095 2.1659 1.0232 1.2990 0.4911 0.7484 0.4980 0.5522 0.5551 0.6630 0.6068 0.6271 0.8501 1.8131 0.5843 1.3415 0.8768 0.8058 0.6195 0.5423 0.6236 0.3543 1.3536 1.0890 0.8387 1.1335 0.4507 0.8034 1.1143 1.7123 0.8225 0.3986 0.6126 0.3142 0.3793 0.3189 0.3323 0.3146 0.7916 0.4901 1.3264 0.5402 0.3213 0.4430 0.2584 1.0975 0.3740 0.2151 0.1864 0.4529 0.1809 0.1840 0.2921 0.2233
0.0220 0.0362 0.0000 0.0390 0.0377 0.0180 0.0066 0.0057 0.0275 0.1424 0.1085 0.0187 0.0073 0.1591 0.0548 0.0857 0.0984 0.2131 0.1240 0.2157 0.0670 0.1181 0.0834 0.0992 0.0993 0.1191 0.0922 0.0907 0.1249 0.2212 0.0562 0.1473 0.0871 0.0692 0.0661 0.0562 0.0540 0.0240 0.1098 0.0782 0.0687 0.1188 0.0471 0.0941 0.1441 0.2587 0.1332 0.0667 0.1089 0.0582 0.0769 0.0848 0.0948 0.0773 0.1821 0.1525 0.3546 0.1322 0.0835 0.0934 0.0989 0.2360 0.1018 0.0853 0.0598 0.0904 0.0906 0.0703 0.1056 0.0657
0.0845 0.1853 0.0000 0.2328 0.1701 0.1269 0.0597 0.0323 0.1194 0.1846 0.0662 0.0797 0.0666 0.1187 0.0619 0.0631 0.1018 0.1401 0.0563 0.0933 0.0177 0.0298 0.0341 0.2680 0.1647 0.0388 0.0156 0.2123 0.1720 0.3752 0.1020 0.2625 0.2147 0.1952 0.1565 0.1506 0.1529 0.0729 0.3336 0.2386 0.1765 0.2813 0.1202 0.2079 0.2928 0.5496 0.2455 0.1040 0.2021 0.1026 0.1158 0.0998 0.1309 0.1021 0.3177 0.2672 0.7178 0.3254 0.2060 0.2514 0.2589 0.6377 0.2928 0.2554 0.1960 0.3550 0.3819 0.2687 0.4207 0.3017
0.1233 0.2527 0.0000 0.2736 0.3628 0.1521 0.0877 0.0692 0.2133 0.1572 0.1493 0.1354 0.0992 0.1437 0.0712 0.1002 0.1227 0.2584 0.0788 0.2038 0.0481 0.0508 0.0459 0.0813 0.0271 0.0447 0.0378 0.0370 0.0603 0.0828 0.0304 0.0515 0.0258 0.0262 0.0129 0.0118 0.0194 0.0540 0.1517 0.0241 0.0093 0.1806 0.0501 0.1075 0.1396 0.2625 0.1590 0.0758 0.1210 0.0711 0.0830 0.0729 0.0914 0.0753 0.1933 0.1593 0.4604 0.1856 0.1183 0.1644 0.1501 0.3130 0.1709 0.1417 0.0904 0.1283 0.1658 0.1116 0.2022 0.1652
0.2386 0.6161 0.0000 0.7000 0.8805 0.3810 0.2089 0.1717 0.5796 0.6121 0.6244 0.5515 0.4258 0.6549 0.3279 0.5161 0.6407 1.0954 0.5437 0.7903 0.2361 0.3635 0.2656 0.2676 0.2085 0.3022 0.2294 0.1802 0.2589 0.4901 0.1372 0.3559 0.1349 0.2136 0.1302 0.0751 0.0976 0.0667 0.1055 0.1019 0.0780 0.1238 0.0672 0.0874 0.1536 0.1898 0.0705 0.0390 0.0381 0.0213 0.0404 0.1862 0.1635 0.0312 0.0415 0.3366 0.7053 0.3467 0.2000 0.2738 0.3446 0.8027 0.3598 0.3450 0.2337 0.3375 0.3961 0.2751 0.4218 0.3446
0.1009 0.2277 0.0000 0.3154 0.3728 0.1365 0.0995 0.0778 0.2184 0.1806 0.2215 0.1741 0.1539 0.2929 0.1425 0.2159 0.2695 0.5024 0.2632 0.3950 0.1149 0.1842 0.1474 0.2089 0.1746 0.2288 0.1829 0.1582 0.2183 0.4419 0.1408 0.2862 0.1767 0.1572 0.1213 0.1020 0.1071 0.0429 0.1526 0.1319 0.0957 0.1219 0.0548 0.0983 0.1315 0.2488 0.0699 0.0602 0.0731 0.0257 0.0385 0.0505 0.0236 0.0247 0.0658 0.0507 0.1882 0.0555 0.0434 0.0390 0.0301 0.0820 0.0225 0.0206 0.0226 0.1670 0.1435 0.0238 0.0189 0.1470
1.2724 3.4799 0.0000 4.2158 7.1371 2.7165 1.6267 1.4705 4.3806 3.6885 3.8299 3.2557 2.4350 4.6314 2.3145 3.2597 4.5097 9.2691 5.2057 6.3460 2.4985 3.6562 2.5336 2.8095 2.7118 3.2390 3.0874 3.3524 3.9856 7.3983 2.1123 4.8464 3.0505 2.8017 2.1053 1.8419 2.1190 1.2034 4.5999 3.5935 2.7447 3.8495 1.6466 3.1571 4.6442 9.4933 3.8994 1.8897 2.9025 1.4897 1.7980 1.2905 1.3448 1.2731 3.2037 1.9823 6.0348 2.6391 1.5698 2.1640 1.2625 5.3615 1.7006 0.9779 0.9106 1.8318 0.8231 0.7444 1.1815 0.9038
0.1224 0.2011 0.0000 0.2144 0.2094 0.1001 0.0367 0.0316 0.1529 0.5898 0.5312 0.1029 0.0403 0.6541 0.2257 0.3832 0.4549 0.9523 0.6727 0.8879 0.2756 0.4860 0.3430 0.3874 0.3965 0.4594 0.3557 0.3499 0.4819 0.8993 0.2846 0.7200 0.5026 0.4389 0.4303 0.3402 0.3573 0.1588 0.6648 0.4735 0.4544 0.7862 0.2506 0.4568 0.6232 1.0442 0.5138 0.2572 0.4202 0.2246 0.2968 0.3359 0.3758 0.2984 0.7820 0.5658 1.6376 0.6397 0.4185 0.5596 0.7076 1.5622 0.6740 0.5645 0.3956 0.3532 0.3538 0.2890 0.4343 0.2666
13.5421 37.1019 0.0000 46.6174 32.4059 24.1630 10.2319 5.5410 22.7453 23.8790 11.3450 10.7530 8.3264 14.8358 10.7278 10.9384 15.8531 21.4334 9.7514 16.1700 3.0732 5.1639 5.9175 34.0131 20.2303 6.6426 2.6981 25.7705 24.2854 55.4845 15.0774 38.8215 34.0908 27.5579 22.1059 21.2610 21.5795 9.7770 41.0836 29.3845 21.7417 36.3369 14.8023 26.4930 40.0645 74.0151 38.7175 20.8341 36.0385 19.6292 23.6916 20.4305 25.0280 19.5140 65.0125 47.2073 104.2929 42.1505 25.5637 31.1818 31.9057 78.5839 36.0659 31.4721 24.1498 43.7507 47.0663 33.1113 51.8169 37.1743
1.1314 2.4585 0.0000 3.2955 4.8302 2.4716 1.3735 1.0838 3.3408 1.5879 1.5086 1.4400 1.0557 1.5095 0.8931 1.5184 1.8187 3.9136 1.1353 2.9370 0.6443 0.6810 0.6619 0.8649 0.3634 0.4850 0.3889 0.3805 0.8176 1.1223 0.3721 0.5742 0.3499 0.3554 0.1744 0.1601 0.2636 0.5069 1.5322 0.3235 0.1255 1.6768 0.5078 1.0991 1.4646 2.6835 1.7451 0.7684 1.2262 0.7205 0.8405 0.7386 0.8426 0.6601 1.6945 1.4836 3.8919 1.5869 1.0890 1.4347 1.5597 4.7338 2.0079 1.8715 1.4833 2.1038 2.3765 1.5997 2.7962 1.9571
0.1183 0.2587 0.0000 0.2934 0.3760 0.1626 0.0998 0.0820 0.2768 0.2923 0.2982 0.2452 0.1872 0.3128 0.1566 0.2113 0.2843 0.5809 0.3553 0.6079 0.2306 0.3421 0.2498 0.1404 0.1094 0.1586 0.1204 0.0945 0.1672 0.3989 0.1093 0.2896 0.1011 0.1601 0.0899 0.0518 0.0732 0.0350 0.0729 0.0538 0.0409 0.0650 0.0469 0.0610 0.0967 0.1040 0.0492 0.0272 0.0266 0.0149 0.0282 0.0899 0.0858 0.0215 0.0290 0.1608 0.3396 0.1670 0.0989 0.1319 0.1783 0.3865 0.1734 0.1662 0.1125 0.1626 0.1784 0.1206 0.1849 0.1606
0.3327 0.7546 0.0000 1.0460 1.4244 0.7591 0.4301 0.3780 1.3174 1.1772 1.1668 0.9178 0.7826 1.2760 0.5013 0.6807 0.8491 1.5838 0.8466 1.2703 0.4037 0.6476 0.5177 0.7337 0.6135 0.7658 0.6058 0.5562 0.7669 1.3922 0.4286 1.0784 0.8194 0.8586 0.8106 0.8148 0.8169 0.1612 0.5737 0.4959 0.3597 0.4581 0.2512 0.6268 0.8333 1.5742 0.3806 0.3282 0.3584 0.1262 0.2095 0.1899 0.1157 0.0935 0.2473 0.1906 0.9330 0.2754 0.1940 0.1518 0.1493 0.4068 0.1116 0.1021 0.1122 0.5881 0.5394 0.1167 0.0939 0.5164
0.2883 0.7885 0.0000 0.9552 1.6172 0.6155 0.3686 0.3332 0.9926 0.8358 0.8699 0.6866 0.5138 1.0390 0.4712 0.6636 0.9372 1.8870 1.0723 1.9814 0.5820 0.9971 0.8239 0.9873 0.8026 0.9580 0.8460 0.7583 0.8205 1.4991 0.4280 0.9820 0.6529 0.5996 0.4924 0.4308 0.4956 0.2815 1.0759 0.8009 0.6049 0.9004 0.3851 0.6623 0.9743 1.7893 1.0074 0.5746 1.0799 0.6327 0.8277 0.2922 0.3047 0.2883 0.7259 0.4492 1.6682 0.9451 0.5585 0.7686 0.3859 1.6389 0.5027 0.2891 0.2785 0.4151 0.2433 0.1697 0.2677 0.2048
5.8803 9.6625 0.0000 8.1665 10.0567 4.8093 1.7632 1.5197 7.3467 22.4491 19.5386 4.9406 1.9380 24.8390 14.2957 18.6837 25.2625 46.4325 26.4793 46.0789 15.3053 27.3405 21.5387 34.3558 22.8508 28.4905 18.2997 17.7062 20.3208 38.8008 11.0324 25.3275 17.3312 14.7717 13.0803 11.9949 9.9792 5.0918 23.4389 16.6856 11.9808 17.0125 7.8048 13.5560 20.8899 37.9392 18.9783 9.9514 18.4078 10.3559 12.2157 12.2320 12.6640 9.8046 22.9229 18.1484 43.8966 17.4717 11.3314 13.9935 12.3891 31.7787 14.7922 12.3873 8.6768 46.1307 41.8921 18.3106 31.5572 29.8330
0.4019 0.7745 0.0000 0.9732 0.7112 0.5306 0.2823 0.1530 0.4992 1.3769 0.3130 0.5277 0.5802 1.0332 0.3283 0.3077 0.6438 0.8932 0.2996 0.4968 0.0944 0.1587 0.1818 0.9568 0.9356 0.1833 0.0759 0.5355 0.8609 1.5746 0.4690 1.1017 0.7972 0.8497 0.7289 0.7106 0.8051 0.5263 1.6001 1.1634 0.7139 1.1198 0.3984 0.7207 0.9792 1.6416 0.8324 0.3862 0.6807 0.3812 0.3644 0.3607 0.4860 0.3792 0.9441 0.6517 2.0240 0.7985 0.5470 0.7232 0.7519 1.9411 1.0086 0.9264 0.6342 1.0680 1.0631 0.6945 0.9696 0.7611
0.2820 0.6248 0.0000 0.7668 0.8504 0.3830 0.2381 0.1879 0.5796 1.6271 1.8345 0.7435 0.6322 1.4354 0.3223 0.4088 0.5004 1.0536 0.3213 0.8312 0.2163 0.2286 0.1873 0.6714 0.1219 0.3453 0.4304 0.4214 0.3125 0.3843 0.1885 0.3220 0.1342 0.1363 0.0670 0.0614 0.1011 0.2254 1.0070 0.1085 0.0430 0.5205 0.5035 0.6850 0.9281 1.6726 0.7257 0.4374 0.7974 0.4227 0.4931 0.4387 0.4603 0.3836 0.9929 0.8139 1.9172 0.8055 0.4865 0.5934 0.6253 1.4293 0.7077 0.6466 0.3590 0.5843 0.7570 0.5093 0.7577 0.5186
0.1372 0.3014 0.0000 0.4185 0.5345 0.2316 0.1460 0.1230 0.3809 0.3661 0.3733 0.3162 0.2154 0.3740 0.1564 0.2264 0.3022 0.5703 0.2639 0.4122 0.1328 0.2045 0.1493 0.3011 0.2209 0.5323 0.2976 0.2119 0.2602 0.3714 0.1040 0.2695 0.1022 0.1619 0.1308 0.0754 0.0764 0.0865 0.1060 0.1199 0.0932 0.1478 0.0691 0.0878 0.1608 0.1988 0.0727 0.0402 0.0393 0.0220 0.0417 0.1327 0.1612 0.0313 0.0417 0.1998 0.9156 0.3466 0.2311 0.2739 0.2590 0.7403 0.3766 0.3451 0.2608 0.3850 0.3850 0.2768 0.3881 0.3073
1.0596 2.4766 0.0000 2.7991 3.6947 1.4819 0.9801 0.8443 2.0616 1.9561 2.4033 1.8903 1.3712 2.1861 1.1738 1.5995 2.2550 4.5564 2.4298 3.6479 1.2972 2.2173 1.5630 1.9878 1.5497 1.9934 1.4059 1.3412 1.5456 3.0127 0.9193 2.1354 1.2284 1.1749 0.9781 0.8217 0.8634 0.8000 2.7119 2.4760 2.3663 2.4227 0.8185 1.0663 1.4268 2.7001 0.7580 0.6542 1.0859 0.3825 0.4454 1.1132 0.3506 0.4791 1.3333 1.0286 3.0912 0.8508 0.7263 0.6536 0.4966 1.3525 0.3714 0.3395 0.3730 1.9819 2.3151 0.3536 0.2899 1.2961
1.1485 2.4191 0.0000 2.9289 3.8276 1.9220 1.2315 1.1278 3.7502 4.0143 3.2826 2.7514 1.8337 3.2442 1.3211 1.9173 2.3832 4.4427 2.4471 3.4053 1.1676 1.9608 1.1349 1.4442 1.4552 1.7371 1.3055 1.1436 1.6913 3.1027 1.0006 2.4884 1.6485 1.5167 1.4515 1.3540 1.3726 0.7000 2.4844 1.8353 1.2367 1.9374 0.6922 1.2609 1.8396 3.1207 1.3294 0.6926 1.1470 0.5887 0.7105 1.9675 2.0132 1.1485 3.3797 3.7352 4.3152 1.4161 0.8424 1.1605 0.6771 2.8770 1.2096 0.6955 0.4886 2.5063 0.5851 0.8669 1.9791 1.5139
0.1105 0.1627 0.0000 0.2359 0.1897 0.0907 0.0333 0.0287 0.1385 0.4762 0.5430 0.0815 0.0326 0.3813 0.2627 0.4690 0.6805 1.1655 0.5496 0.8055 0.2577 0.4407 0.3112 0.3549 0.2792 0.3561 0.2784 0.3095 0.3474 0.7134 0.2291 0.5245 0.3599 0.3741 0.2717 0.2801 0.2528 0.1289 0.5939 0.4228 0.2797 0.3533 0.1620 0.2786 0.3882 0.6976 0.3254 0.1631 0.2566 0.1402 0.1703 0.1824 0.2040 0.1735 0.4232 0.3012 0.8259 0.3597 0.2353 0.2906 0.2684 0.7420 0.3746 0.3139 0.2199 0.3646 0.3447 0.3365 0.5247 0.2906
3.1480 3.6172 0.0000 4.5449 3.4876 2.4765 1.6959 0.8876 2.6393 3.7780 1.8162 1.8594 1.3135 2.1719 2.0646 2.1051 3.0510 3.9077 1.8767 3.1120 0.5914 0.9938 1.1389 2.3189 2.1067 1.0634 0.5193 1.6372 2.4056 5.4960 1.5327 3.8455 3.3769 2.7298 2.1884 2.1060 2.1376 0.9685 3.5150 2.6743 1.9974 3.5972 1.2516 2.4368 3.8626 6.4605 3.5257 2.1366 2.8851 1.9432 2.6028 2.6888 3.1909 2.4879 5.0626 3.1068 8.1406 3.1186 1.9307 2.4454 2.3703 5.8484 2.5849 2.3067 1.6253 2.8624 3.0794 2.2601 3.4022 2.3217
0.4342 1.0520 0.0000 1.3994 1.8224 0.8844 0.6219 0.5420 1.6707 0.9872 0.9379 0.8953 0.6563 0.9385 0.6022 1.6911 1.7650 3.9092 1.0352 2.6764 0.5285 0.5586 0.6032 0.5377 0.2978 0.3031 0.2418 0.2366 0.6531 0.8965 0.2972 0.4363 0.2795 0.2839 0.1394 0.1279 0.2106 0.2295 0.9526 0.2652 0.1003 0.6837 0.3014 0.6523 0.9106 1.5926 1.0357 0.4560 0.7277 0.4276 0.4988 0.4383 0.4657 0.3881 1.0057 0.8805 2.0740 0.9172 0.6463 0.7869 0.8925 2.6629 1.0101 1.1107 0.8448 1.4012 1.6737 1.1260 1.3388 0.8146
