0.0470 0.0550 0.0000 0.0593 0.0612 0.0477 0.0411 0.0376 0.0588 0.0537 0.0525 0.0491 0.0439 0.0580 0.0394 0.0461 0.0501 0.0646 0.0505 0.0572 0.0368 0.0458 0.0352 0.0385 0.0398 0.0428 0.0380 0.0356 0.0429 0.0550 0.0346 0.0509 0.0428 0.0412 0.0383 0.0366 0.0373 0.0281 0.0494 0.0445 0.0375 0.0450 0.0290 0.0376 0.0441 0.0547 0.0375 0.0287 0.0352 0.0264 0.0285 0.0362 0.0355 0.0456 0.0584 0.0442 0.0655 0.0385 0.0307 0.0355 0.0262 0.0514 0.0366 0.0274 0.0231 0.0435 0.0240 0.0262 0.0323 0.0291
0.3954 0.4592 0.0000 0.4753 0.4465 0.3315 0.2026 0.1908 0.3899 0.7196 0.7629 0.3197 0.1981 0.6942 0.6627 0.9226 0.8967 1.2946 0.8841 1.0813 0.6589 0.8417 0.7230 0.7406 0.6716 0.7479 0.6791 0.7257 0.7508 1.0236 0.6127 0.8600 0.7369 0.6796 0.6495 0.6277 0.5622 0.4204 0.8180 0.7082 0.6174 0.7074 0.5235 0.6518 0.7785 1.0034 0.7238 0.5408 0.6464 0.5022 0.5436 0.5595 0.5891 0.5556 0.8016 0.6935 1.0111 0.7213 0.6065 0.6598 0.6138 0.9098 0.6593 0.6067 0.5219 0.7060 0.6951 0.7349 0.8497 0.6411
0.0000 0.0000 0.0000 0.0000 0.0000 0.0000 0.0000 0.0000 0.0000 0.0000 0.0000 0.0000 0.0000 0.0000 0.0000 0.0000 0.0000 0.0000 0.0000 0.0000 0.0000 0.0000 0.0000 0.0000 0.0000 0.0000 0.0000 0.0000 0.0000 0.0000 0.0000 0.0000 0.0000 0.0000 0.0000 0.0000 0.0000 0.0000 0.0000 0.0000 0.0000 0.0000 0.0000 0.0000 0.0000 0.0000 0.0000 0.0000 0.0000 0.0000 0.0000 0.0000 0.0000 0.0000 0.0000 0.0000 0.0000 0.0000 0.0000 0.0000 0.0000 0.0000 0.0000 0.0000 0.0000 0.0000 0.0000 0.0000 0.0000 0.0000
1.1050 1.6104 0.0000 1.7598 1.7978 1.2914 1.0713 0.9614 1.5329 1.7532 1.6538 1.8153 1.6474 1.7619 1.5429 1.3433 1.4847 1.9951 1.2406 1.8393 1.2377 1.1921 1.0230 1.5211 0.8652 1.1534 1.0185 0.9708 1.3677 1.4597 1.0220 1.2145 0.8677 0.8818 0.6084 0.5881 0.7679 0.8736 1.6049 0.7981 0.4940 1.3468 1.2117 1.7988 1.8821 2.7727 1.7150 1.3282 1.5997 1.2935 1.3695 1.2635 1.2928 1.2062 1.8036 1.7454 2.4586 1.7683 1.4478 1.5628 1.6024 2.2281 1.6717 1.6135 1.2210 1.4796 1.6980 1.4363 1.6951 1.4336
3.0567 4.1949 0.0000 4.8239 5.1807 3.6438 2.8958 2.6924 4.3055 4.3542 4.4099 4.1745 3.6049 4.4187 3.1031 3.7085 4.2095 5.4653 3.8808 4.6790 2.9099 3.4498 3.0197 3.6858 3.2685 4.3883 3.8188 3.1927 4.1205 4.4696 2.6059 3.9184 2.4667 3.1421 2.9344 2.1966 2.1928 2.1654 2.3852 2.4911 2.1583 2.5154 2.1844 2.3310 3.0286 3.1576 2.0078 1.5840 1.4558 1.1462 1.5852 2.7053 2.9807 1.3898 1.4392 3.3088 5.7391 4.3776 3.4349 3.9552 4.8685 6.2763 4.4563 4.4185 3.7303 4.2347 4.2625 3.7391 4.5112 4.3499
0.1935 0.2843 0.0000 0.3212 0.3762 0.2536 0.2146 0.2021 0.2833 0.2742 0.3079 0.2778 0.2432 0.2925 0.2246 0.2501 0.2755 0.3626 0.2707 0.3194 0.1931 0.2370 0.2082 0.2379 0.2219 0.2499 0.2235 0.2091 0.2397 0.3241 0.1991 0.2931 0.2279 0.2240 0.2068 0.1905 0.1940 0.1438 0.2428 0.2340 0.2051 0.2213 0.1620 0.2146 0.2400 0.3166 0.1725 0.1740 0.1732 0.1055 0.1332 0.1476 0.0960 0.1016 0.1541 0.1390 0.2530 0.1457 0.1343 0.1227 0.1064 0.1630 0.0883 0.0852 0.0940 0.2203 0.2388 0.0933 0.0783 0.2004
0.0408 0.0595 0.0000 0.0642 0.0744 0.0607 0.0464 0.0440 0.0688 0.0624 0.0614 0.0575 0.0514 0.0705 0.0479 0.0561 0.0609 0.0785 0.0614 0.0694 0.0447 0.0556 0.0428 0.0468 0.0484 0.0520 0.0462 0.0433 0.0521 0.0668 0.0421 0.0618 0.0520 0.0500 0.0449 0.0428 0.0437 0.0342 0.0600 0.0541 0.0455 0.0547 0.0353 0.0457 0.0535 0.0665 0.0456 0.0348 0.0428 0.0321 0.0347 0.0394 0.0399 0.0408 0.0588 0.0470 0.0693 0.0468 0.0373 0.0431 0.0319 0.0624 0.0388 0.0290 0.0276 0.0437 0.0254 0.0278 0.0341 0.0306
0.0162 0.0189 0.0000 0.0195 0.0183 0.0136 0.0083 0.0078 0.0160 0.0327 0.0346 0.0131 0.0081 0.0327 0.0279 0.0310 0.0335 0.0452 0.0364 0.0475 0.0325 0.0376 0.0323 0.0331 0.0300 0.0334 0.0303 0.0313 0.0323 0.0429 0.0252 0.0354 0.0303 0.0280 0.0267 0.0258 0.0231 0.0173 0.0337 0.0291 0.0254 0.0291 0.0215 0.0270 0.0326 0.0420 0.0312 0.0233 0.0289 0.0225 0.0243 0.0241 0.0254 0.0238 0.0336 0.0299 0.0427 0.0298 0.0250 0.0272 0.0253 0.0374 0.0271 0.0250 0.0215 0.0312 0.0311 0.0309 0.0359 0.0277
1.0289 1.3956 0.0000 1.5371 1.2475 1.1839 0.8442 0.6155 1.0661 1.4491 0.7819 0.9110 0.8463 1.0818 0.8502 0.8099 1.0376 1.1309 0.7380 0.9198 0.4275 0.5320 0.5969 1.4049 1.3715 0.6058 0.3809 1.1739 1.5488 2.0606 1.1596 1.7699 1.5616 1.6298 1.5299 1.5625 1.5292 1.0708 1.8269 1.6408 1.4609 1.8268 1.1609 1.5047 1.6965 2.0926 1.5804 1.1319 1.4401 1.1338 1.0757 1.0600 1.2366 1.1123 1.6268 1.3808 2.2656 1.5306 1.3200 1.4911 1.4998 2.1753 1.6017 1.5269 1.3170 1.5990 1.6529 1.4561 1.6597 1.4714
1.0746 1.5338 0.0000 1.6680 1.7035 1.2241 1.0010 0.8983 1.4323 1.6742 1.6308 1.6256 1.4421 1.6330 1.1098 1.2551 1.3521 1.8648 1.0519 1.6751 0.8935 0.8603 0.8319 1.2462 0.6244 0.8515 0.8358 0.8326 0.9623 1.0499 0.7133 0.8473 0.6091 0.6190 0.4271 0.4130 0.5391 0.9015 1.6562 0.5759 0.3553 1.3617 1.0352 1.3470 1.4888 1.9464 1.5150 1.2279 1.5351 1.2505 1.4304 1.2980 1.3280 1.2387 1.7545 1.6135 2.2736 1.5897 1.2790 1.3824 1.4155 1.9682 1.4767 1.4253 1.0786 1.3070 1.4999 1.2688 1.4974 1.2664
1.1972 1.6521 0.0000 1.9228 2.1242 1.4940 1.2894 1.2260 1.9164 1.8550 1.8081 1.7000 1.4369 1.8112 1.2470 1.4596 1.6487 2.1406 1.5200 1.8326 1.1397 1.3508 1.1827 1.6599 1.4887 1.6623 1.5893 1.4027 1.3681 1.7506 1.0207 1.5347 0.9478 1.2307 0.9743 0.7291 0.8202 0.8925 0.7919 0.9254 0.8913 1.0856 0.7595 0.7795 1.0640 1.1093 0.6994 0.5520 0.5071 0.3993 0.5524 1.2322 1.3576 0.4615 0.4814 1.3562 2.1251 1.4815 1.1827 1.3386 1.4127 2.2236 1.6389 1.6366 1.4682 2.1028 1.8625 1.5934 1.7250 1.5411
0.6064 0.8558 0.0000 0.8888 0.9996 0.6740 0.5703 0.5370 0.7529 0.7290 0.8183 0.7383 0.6465 0.7775 0.6143 0.6954 0.8098 1.0914 0.8468 1.0246 0.6771 0.8447 0.7301 0.8139 0.7274 0.7684 0.6592 0.6663 0.6996 0.9001 0.5504 0.7789 0.6055 0.5953 0.5497 0.5063 0.5155 0.5984 1.0223 0.7569 0.7138 0.8688 0.4586 0.5706 0.6378 0.8412 0.4585 0.4624 0.4885 0.2978 0.3542 0.5220 0.2708 0.3322 0.6426 0.5799 0.7503 0.4156 0.4048 0.3698 0.3161 0.4843 0.2623 0.2533 0.2794 0.8078 0.9118 0.2631 0.2236 0.6384
0.1367 0.1960 0.0000 0.2116 0.2453 0.1871 0.1556 0.1516 0.2519 0.2536 0.2891 0.2486 0.1997 0.2325 0.1743 0.1885 0.2008 0.2670 0.2023 0.2289 0.1474 0.1833 0.1411 0.1544 0.1596 0.1713 0.1530 0.1495 0.1804 0.2376 0.1498 0.2201 0.1889 0.1864 0.1908 0.1862 0.1860 0.1437 0.2416 0.2003 0.1690 0.2108 0.1359 0.1650 0.1906 0.2277 0.1729 0.1245 0.1468 0.1101 0.1189 0.1584 0.1623 0.1367 0.2153 0.1789 0.2285 0.1543 0.1231 0.1422 0.1051 0.2058 0.1279 0.0956 0.0909 0.1602 0.0839 0.0957 0.1373 0.1234
0.6947 0.7860 0.0000 0.8353 0.7843 0.5825 0.3560 0.3353 0.6852 1.8481 1.7683 0.5432 0.3391 1.5826 1.1597 1.3636 1.4524 1.9850 1.5997 2.0474 1.2950 1.6661 1.5207 1.6873 1.6686 1.9215 1.5239 1.3741 1.5804 1.9350 1.1082 1.6173 1.3333 1.2297 1.1748 1.1357 1.0169 0.7606 1.4795 1.2813 1.1294 1.3378 1.0003 1.2886 1.5572 2.0069 1.5206 1.1651 1.5219 1.2017 1.2803 1.2636 1.2770 1.1416 1.6091 1.4835 2.1206 1.4279 1.1619 1.2482 1.2107 1.7243 1.1991 1.1030 0.9492 1.5898 1.5832 1.2855 1.6337 1.3506
0.0677 0.0933 0.0000 0.1028 0.0834 0.0792 0.0555 0.0405 0.0713 0.1004 0.0514 0.0626 0.0649 0.0830 0.0578 0.0536 0.0706 0.0769 0.0502 0.0625 0.0291 0.0362 0.0406 0.1144 0.1063 0.0398 0.0252 0.0887 0.1023 0.1363 0.0767 0.1170 0.1032 0.1078 0.1011 0.1011 0.1017 0.0731 0.1361 0.1230 0.1195 0.1238 0.0849 0.1016 0.1122 0.1429 0.1045 0.0748 0.0952 0.0750 0.0711 0.0701 0.0818 0.0735 0.1082 0.0949 0.1574 0.1094 0.0943 0.1065 0.1094 0.1628 0.1254 0.1144 0.1031 0.1252 0.1245 0.1046 0.1190 0.1093
0.2496 0.3433 0.0000 0.3585 0.3819 0.2637 0.2068 0.1856 0.2960 0.3571 0.3479 0.3357 0.2998 0.3474 0.2293 0.2594 0.2794 0.3853 0.2174 0.3461 0.1846 0.1778 0.1719 0.2591 0.1290 0.1770 0.1778 0.1771 0.1988 0.2170 0.1474 0.1751 0.1259 0.1279 0.0882 0.0853 0.1114 0.2112 0.3533 0.1190 0.0734 0.3163 0.2324 0.3138 0.3386 0.4534 0.3529 0.2860 0.3446 0.2785 0.2950 0.2722 0.2785 0.2597 0.3979 0.4044 0.5564 0.3703 0.2980 0.3220 0.3297 0.4585 0.3440 0.3320 0.2512 0.3044 0.3495 0.2955 0.3489 0.2966
0.6813 0.9674 0.0000 1.1259 1.2503 0.8794 0.6856 0.6183 1.0227 1.0509 1.0643 1.0007 0.8444 1.0664 0.7342 0.8567 0.9413 1.2060 0.8636 1.0268 0.6386 0.7571 0.6627 0.8372 0.7509 0.8972 0.8016 0.7075 0.7665 0.9812 0.5721 0.8599 0.5310 0.6895 0.5459 0.4086 0.4597 0.4501 0.4437 0.4859 0.4495 0.5475 0.4064 0.4336 0.5647 0.5887 0.3735 0.2948 0.2708 0.2132 0.2950 0.6215 0.6847 0.2586 0.2677 0.7983 1.1992 0.8738 0.6728 0.7895 0.8332 1.3115 0.9312 0.9230 0.7795 0.8955 0.9837 0.8682 1.0421 0.9549
7.7308 10.1284 0.0000 10.6386 10.9962 7.2174 6.2939 5.7501 8.5059 7.8066 8.7632 7.9065 7.5406 9.3698 7.4801 8.7103 10.1438 13.6710 10.7040 12.6730 7.5142 8.8020 8.1021 9.3432 8.6649 9.6781 8.2865 8.1564 8.5632 11.3044 6.7226 9.3904 7.3618 6.9544 6.2446 5.7519 5.8587 4.8271 8.1477 7.7552 6.7982 7.3361 4.8820 6.1099 6.8305 9.0083 4.9095 4.9520 5.2194 3.1819 3.7928 4.8930 2.8926 3.2910 5.1214 4.6218 7.5836 4.3656 4.0567 3.7061 3.1879 4.8844 2.6455 2.5542 2.8176 8.1807 8.0130 2.8105 2.3482 7.8115
0.6658 1.0194 0.0000 1.1004 1.2759 0.9461 0.7580 0.7330 1.1466 1.0398 1.0442 0.9837 0.8758 1.1760 0.8818 1.0957 1.0677 1.5011 1.0555 1.1907 0.7687 0.9534 0.7405 0.8029 0.8299 0.8912 0.8246 0.7989 0.9722 1.2759 0.8042 1.1816 0.9579 0.9215 0.8112 0.7411 0.7933 0.6297 1.1055 1.0123 0.8703 1.0166 0.6667 0.8729 0.9986 1.2274 0.8420 0.6219 0.7449 0.5588 0.6031 0.6574 0.6655 0.6661 0.9799 0.7832 1.1884 0.8023 0.6401 0.7397 0.5468 1.0704 0.6651 0.4972 0.4725 0.7293 0.4363 0.4645 0.5683 0.5109
2.1277 2.5020 0.0000 2.5317 2.3972 1.7806 1.0879 1.0250 2.0944 4.3910 4.4703 1.7422 1.0797 4.6663 3.2919 4.2062 4.4554 6.1208 5.2774 6.0329 3.6760 4.6943 4.0337 4.1318 3.7458 4.1716 3.7891 4.0489 4.3330 5.8382 4.0731 5.4385 4.5703 4.0566 4.0281 3.7466 3.3559 2.5092 4.8824 4.2269 3.7392 4.4276 3.3106 4.1218 4.7108 5.8392 4.1772 3.1216 3.6586 2.8011 3.0887 3.2288 3.3994 3.2331 4.8360 4.0503 6.3941 4.5617 3.8344 4.1310 3.8426 5.5102 3.9352 3.6212 3.1153 3.8931 3.8769 3.6491 4.3317 3.4500
0.0745 0.1046 0.0000 0.1152 0.0935 0.0887 0.0611 0.0446 0.0799 0.0905 0.0566 0.0601 0.0546 0.0698 0.0608 0.0586 0.0734 0.0800 0.0527 0.0656 0.0305 0.0379 0.0426 0.0906 0.0884 0.0438 0.0276 0.0813 0.0944 0.1363 0.0781 0.1170 0.1104 0.1031 0.0932 0.0925 0.0925 0.0648 0.1140 0.1030 0.0913 0.1155 0.0821 0.1091 0.1271 0.1722 0.1161 0.0801 0.1059 0.0802 0.0790 0.0750 0.0875 0.0787 0.1234 0.1082 0.1793 0.1233 0.1006 0.1093 0.1060 0.1538 0.1063 0.0970 0.0877 0.1128 0.1168 0.1045 0.1261 0.1049
0.4822 0.7093 0.0000 0.7536 0.7699 0.5352 0.4263 0.3826 0.6100 0.5838 0.5686 0.5711 0.5028 0.5694 0.4444 0.5118 0.5513 0.7604 0.4289 0.6830 0.3577 0.3446 0.3393 0.4346 0.2500 0.3164 0.2914 0.2903 0.3853 0.4205 0.2849 0.3386 0.2440 0.2479 0.1710 0.1654 0.2159 0.3310 0.5775 0.2306 0.1423 0.5549 0.3769 0.5327 0.5858 0.7698 0.6669 0.4640 0.5589 0.4519 0.4785 0.4414 0.4518 0.4214 0.6301 0.6098 0.8824 0.6196 0.5625 0.6071 0.6855 0.8664 0.6991 0.6274 0.4816 0.5754 0.6603 0.5585 0.6905 0.5995
0.1753 0.2327 0.0000 0.2464 0.2624 0.1845 0.1439 0.1327 0.2146 0.2205 0.2233 0.2132 0.1908 0.2265 0.1722 0.2058 0.2336 0.3225 0.2290 0.2689 0.1629 0.1931 0.1691 0.1797 0.1612 0.1926 0.1721 0.1518 0.1810 0.2453 0.1430 0.2150 0.1328 0.1724 0.1288 0.0964 0.1149 0.0966 0.1048 0.1068 0.0965 0.1175 0.0965 0.1029 0.1330 0.1386 0.0887 0.0700 0.0643 0.0506 0.0700 0.1334 0.1470 0.0610 0.0636 0.1675 0.2571 0.1961 0.1561 0.1772 0.2081 0.2812 0.1996 0.1979 0.1671 0.1897 0.1910 0.1675 0.2021 0.1949
0.4597 0.6756 0.0000 0.7632 0.8939 0.7441 0.5100 0.5319 0.8033 0.7552 0.8477 0.7651 0.6568 0.7404 0.5337 0.5944 0.6546 0.8616 0.6432 0.7590 0.4589 0.5633 0.4946 0.5652 0.5273 0.5939 0.5311 0.4970 0.5696 0.7702 0.4731 0.6966 0.5903 0.6050 0.5865 0.5402 0.5503 0.3418 0.5770 0.5560 0.4874 0.5259 0.4296 0.5911 0.6608 0.8717 0.4751 0.4790 0.4766 0.2904 0.3669 0.3508 0.2641 0.2422 0.3661 0.3304 0.6965 0.4011 0.3512 0.2971 0.2929 0.4486 0.2430 0.2347 0.2588 0.5235 0.5674 0.2566 0.2157 0.4761
0.1909 0.2974 0.0000 0.3210 0.4141 0.2712 0.2172 0.2101 0.3287 0.2980 0.2934 0.2747 0.2458 0.3370 0.2357 0.2762 0.3387 0.4362 0.3675 0.3865 0.2950 0.3095 0.2595 0.2632 0.2694 0.2893 0.2890 0.2777 0.3042 0.3749 0.2235 0.3157 0.2559 0.2463 0.2167 0.2046 0.2120 0.1682 0.2953 0.2705 0.2410 0.2726 0.1941 0.2566 0.3023 0.3993 0.2927 0.2180 0.2611 0.1958 0.2114 0.1884 0.1908 0.1909 0.2808 0.2244 0.3642 0.2604 0.2078 0.2401 0.1774 0.3474 0.2038 0.1524 0.1534 0.2090 0.1337 0.1331 0.1629 0.1465
0.2863 0.3368 0.0000 0.3388 0.3226 0.2396 0.1464 0.1379 0.2818 0.5276 0.5594 0.2332 0.1453 0.5444 0.4287 0.5478 0.5804 0.7974 0.7150 0.7857 0.4787 0.6115 0.5253 0.5381 0.4880 0.5434 0.4934 0.5273 0.5455 0.7437 0.4762 0.6687 0.5960 0.6088 0.5251 0.5913 0.5036 0.3766 0.7325 0.6344 0.5528 0.5939 0.4113 0.5066 0.5792 0.7290 0.5259 0.3929 0.4695 0.3649 0.3950 0.4065 0.4280 0.4036 0.5946 0.5039 0.7862 0.5609 0.4715 0.5336 0.5274 0.8150 0.5906 0.5434 0.4675 0.5072 0.5051 0.4752 0.5643 0.4493
0.1469 0.2228 0.0000 0.2454 0.1992 0.1890 0.1251 0.0912 0.1702 0.1672 0.1158 0.1111 0.1009 0.1290 0.1252 0.1207 0.1428 0.1479 0.1084 0.1351 0.0628 0.0781 0.0877 0.1675 0.1635 0.0897 0.0568 0.1453 0.1553 0.2244 0.1305 0.1927 0.1892 0.1695 0.1534 0.1522 0.1522 0.1065 0.1818 0.1633 0.1454 0.1901 0.1274 0.1625 0.1977 0.2529 0.1943 0.1637 0.1902 0.1522 0.2001 0.1757 0.1889 0.1698 0.2484 0.1976 0.2946 0.1916 0.1563 0.1697 0.1646 0.2388 0.1650 0.1519 0.1362 0.1753 0.1815 0.1623 0.1958 0.1658
0.1345 0.1933 0.0000 0.2247 0.2511 0.1881 0.1646 0.1477 0.2355 0.1676 0.1633 0.1640 0.1444 0.1635 0.1426 0.2042 0.2173 0.3034 0.1635 0.2604 0.1237 0.1191 0.1294 0.1248 0.0864 0.0912 0.0837 0.0834 0.1321 0.1441 0.0922 0.1014 0.0836 0.0850 0.0586 0.0567 0.0740 0.0903 0.1658 0.0797 0.0488 0.1511 0.1030 0.1455 0.1623 0.2103 0.1822 0.1268 0.1527 0.1234 0.1307 0.1206 0.1234 0.1151 0.1721 0.1666 0.2346 0.1688 0.1479 0.1596 0.1702 0.2743 0.1793 0.1899 0.1774 0.2625 0.2296 0.1943 0.2103 0.1667
0.2901 0.3853 0.0000 0.4135 0.4442 0.3124 0.2482 0.2308 0.3691 0.3733 0.3780 0.3579 0.3159 0.3803 0.2891 0.3407 0.3867 0.5340 0.4147 0.5212 0.3470 0.4293 0.3759 0.3124 0.2803 0.3348 0.2992 0.2640 0.3512 0.5826 0.3312 0.5116 0.2974 0.3862 0.2721 0.2037 0.2574 0.1680 0.2212 0.1863 0.1677 0.2044 0.2009 0.2144 0.2631 0.2536 0.1847 0.1457 0.1339 0.1054 0.1458 0.2319 0.2556 0.1289 0.1324 0.2836 0.5349 0.4080 0.3248 0.3687 0.4331 0.5850 0.4154 0.4119 0.3477 0.3947 0.3973 0.3485 0.4205 0.4055
2.3961 3.5214 0.0000 3.9778 4.6588 3.6389 2.6579 2.7721 4.4214 4.3244 4.9918 4.3812 3.3379 3.7615 2.7823 3.0980 3.4119 4.4906 3.3522 3.9560 2.3917 2.9357 2.5780 2.9460 2.7482 3.0955 2.7683 2.5903 2.9686 4.0141 2.4659 3.6304 2.9988 3.0734 2.9678 2.7336 2.7844 1.7815 3.0071 2.8978 2.5402 2.7412 2.2389 3.3857 3.7850 4.9918 2.7205 2.7432 2.5783 1.5718 2.1017 1.8283 1.4293 1.2625 1.9087 1.7219 3.7413 2.1537 1.8859 1.5933 1.5727 2.4097 1.3051 1.2601 1.3900 2.7285 2.9574 1.3888 1.1585 2.4815
0.0350 0.0545 0.0000 0.0589 0.0760 0.0497 0.0398 0.0385 0.0603 0.0546 0.0538 0.0504 0.0451 0.0618 0.0419 0.0505 0.0598 0.0770 0.0627 0.0821 0.0456 0.0629 0.0550 0.0609 0.0629 0.0710 0.0522 0.0458 0.0517 0.0651 0.0388 0.0557 0.0455 0.0438 0.0393 0.0375 0.0383 0.0299 0.0526 0.0477 0.0419 0.0479 0.0337 0.0446 0.0526 0.0679 0.0495 0.0394 0.0506 0.0380 0.0410 0.0346 0.0350 0.0350 0.0515 0.0412 0.0745 0.0608 0.0485 0.0561 0.0414 0.0811 0.0450 0.0336 0.0358 0.0383 0.0295 0.0245 0.0299 0.0269
0.5724 0.6733 0.0000 0.5949 0.6449 0.4790 0.2927 0.2758 0.5634 0.8835 0.9367 0.4693 0.2905 0.8847 0.7132 0.9113 0.9656 1.3265 1.1896 1.3071 0.7964 1.0174 0.8739 0.8955 0.8160 0.9144 0.8260 0.8772 0.9888 1.2893 0.8042 1.1929 1.0386 1.0391 0.9828 0.9354 0.9528 0.6605 1.2190 1.0554 1.1056 1.1599 0.7807 0.9403 1.0750 1.3325 0.9529 0.7121 0.8349 0.6214 0.7049 0.7371 0.7760 0.7376 1.1032 0.9373 1.4792 1.0407 0.8747 1.0125 1.0301 1.5916 1.1238 1.0338 0.8894 0.8437 0.8402 0.7909 0.9388 0.7477
0.2038 0.3178 0.0000 0.3500 0.2763 0.2623 0.1735 0.1265 0.2361 0.2320 0.1607 0.1542 0.1400 0.1789 0.1737 0.1675 0.1981 0.2052 0.1504 0.1875 0.0871 0.1084 0.1217 0.2399 0.2268 0.1245 0.0788 0.2205 0.2376 0.3434 0.1969 0.2950 0.2896 0.2595 0.2347 0.2330 0.2328 0.1631 0.2916 0.2612 0.2315 0.2925 0.2081 0.2654 0.3173 0.4130 0.3152 0.2235 0.3081 0.2183 0.2356 0.2152 0.2381 0.2141 0.3678 0.3691 0.4781 0.3252 0.2622 0.2834 0.2770 0.4016 0.2821 0.2655 0.2401 0.3088 0.3198 0.2775 0.3390 0.2921
0.2005 0.2849 0.0000 0.3381 0.3742 0.2585 0.2027 0.1819 0.2901 0.2170 0.2114 0.2123 0.1870 0.2117 0.1654 0.2115 0.2251 0.3142 0.1724 0.2746 0.1382 0.1331 0.1364 0.1616 0.0966 0.1177 0.1084 0.1079 0.1498 0.1635 0.1061 0.1261 0.0948 0.0963 0.0665 0.0643 0.0839 0.1346 0.2147 0.0891 0.0553 0.2251 0.1530 0.2163 0.2378 0.3125 0.2631 0.1884 0.2270 0.1835 0.1942 0.1793 0.1924 0.1807 0.2688 0.2514 0.3965 0.2728 0.2328 0.2655 0.2644 0.3418 0.2766 0.2475 0.2068 0.2324 0.2605 0.2203 0.2966 0.2575
0.1347 0.1739 0.0000 0.1841 0.1961 0.1379 0.1075 0.0957 0.1604 0.1648 0.1669 0.1593 0.1426 0.1693 0.1287 0.1538 0.1746 0.2304 0.1636 0.1921 0.1163 0.1379 0.1207 0.1213 0.1088 0.1300 0.1162 0.1025 0.1222 0.1609 0.0938 0.1410 0.0871 0.1131 0.0870 0.0651 0.0754 0.0652 0.0707 0.0721 0.0651 0.0793 0.0648 0.0691 0.0898 0.0936 0.0595 0.0470 0.0432 0.0340 0.0470 0.0965 0.0992 0.0412 0.0427 0.1252 0.1802 0.1366 0.1072 0.1234 0.1394 0.1970 0.1399 0.1387 0.1171 0.1329 0.1444 0.1275 0.1530 0.1427
0.0626 0.0876 0.0000 0.1012 0.1046 0.0670 0.0599 0.0534 0.0809 0.0726 0.0814 0.0735 0.0717 0.0926 0.0711 0.0897 0.0964 0.1238 0.0905 0.1067 0.0615 0.0745 0.0686 0.0796 0.0743 0.0850 0.0782 0.0718 0.0833 0.1141 0.0680 0.0929 0.0736 0.0695 0.0616 0.0567 0.0578 0.0398 0.0671 0.0647 0.0567 0.0612 0.0445 0.0567 0.0634 0.0837 0.0456 0.0460 0.0476 0.0290 0.0352 0.0408 0.0264 0.0281 0.0426 0.0384 0.0692 0.0398 0.0369 0.0337 0.0291 0.0445 0.0241 0.0233 0.0257 0.0695 0.0660 0.0256 0.0214 0.0673
0.0767 0.1174 0.0000 0.1268 0.1505 0.1090 0.0873 0.0844 0.1321 0.1197 0.1273 0.1199 0.1067 0.1415 0.1075 0.1234 0.1305 0.1818 0.1306 0.1405 0.0954 0.1125 0.0935 0.0948 0.0979 0.1051 0.1041 0.1036 0.1228 0.1708 0.1081 0.1508 0.1207 0.1161 0.0991 0.0934 0.1000 0.0794 0.1393 0.1287 0.1161 0.1300 0.0889 0.1164 0.1329 0.1593 0.1115 0.0818 0.0964 0.0723 0.0781 0.0757 0.0766 0.0767 0.1128 0.0902 0.1377 0.0946 0.0755 0.0872 0.0645 0.1263 0.0771 0.0576 0.0557 0.0840 0.0505 0.0535 0.0654 0.0589
0.0072 0.0085 0.0000 0.0086 0.0081 0.0060 0.0037 0.0035 0.0071 0.0162 0.0151 0.0059 0.0037 0.0173 0.0117 0.0147 0.0152 0.0214 0.0173 0.0215 0.0131 0.0167 0.0144 0.0147 0.0144 0.0162 0.0146 0.0151 0.0175 0.0227 0.0125 0.0190 0.0149 0.0133 0.0132 0.0123 0.0117 0.0082 0.0160 0.0138 0.0132 0.0160 0.0117 0.0158 0.0191 0.0248 0.0174 0.0130 0.0148 0.0113 0.0129 0.0134 0.0142 0.0136 0.0197 0.0170 0.0248 0.0175 0.0142 0.0150 0.0142 0.0202 0.0141 0.0129 0.0111 0.0139 0.0138 0.0130 0.0154 0.0123
0.8714 1.2018 0.0000 1.3236 1.0746 1.0198 0.7150 0.5213 0.9180 1.1317 0.6622 0.7523 0.6828 0.8727 0.7113 0.6859 0.8590 0.9363 0.6160 0.7677 0.3569 0.4440 0.4982 1.2913 1.1064 0.5131 0.3226 1.1889 1.1936 1.6489 0.9276 1.4158 1.2492 1.3037 1.1790 1.1706 1.1697 0.8279 1.5418 1.3928 1.2345 1.5352 1.0923 1.3307 1.4041 1.8711 1.2983 0.9054 1.1873 0.9070 0.9079 0.8480 0.9892 0.8897 1.4173 1.2812 2.0603 1.4809 1.2771 1.4426 1.5646 2.2436 1.4914 1.4035 1.2693 1.6264 1.6840 1.4714 1.6740 1.4869
0.4120 0.5862 0.0000 0.5873 0.6305 0.4355 0.3415 0.3065 0.4887 0.4912 0.4784 0.4755 0.4187 0.4740 0.3369 0.3810 0.4104 0.5660 0.3193 0.5085 0.2712 0.2611 0.2525 0.3618 0.1895 0.2574 0.2428 0.2420 0.2921 0.3187 0.2165 0.2573 0.1849 0.1879 0.1296 0.1254 0.1636 0.3143 0.4859 0.1748 0.1079 0.5222 0.3067 0.4141 0.4468 0.5983 0.4659 0.3776 0.4548 0.3677 0.3893 0.3722 0.4155 0.3901 0.5802 0.5212 0.8366 0.5402 0.4069 0.4750 0.4470 0.6052 0.4679 0.4383 0.3498 0.4019 0.4612 0.3900 0.5015 0.4514
0.1178 0.1728 0.0000 0.2011 0.2369 0.1738 0.1278 0.1174 0.1967 0.2010 0.1996 0.1856 0.1567 0.1979 0.1362 0.1589 0.1746 0.2146 0.1602 0.1856 0.1108 0.1313 0.1149 0.1339 0.1201 0.1385 0.1238 0.1092 0.1184 0.1515 0.0883 0.1328 0.0820 0.1065 0.0843 0.0631 0.0710 0.0695 0.0685 0.0750 0.0712 0.0868 0.0628 0.0669 0.0872 0.0909 0.0577 0.0455 0.0418 0.0329 0.0455 0.1180 0.1096 0.0399 0.0413 0.1481 0.1948 0.1368 0.1055 0.1236 0.1305 0.2054 0.1512 0.1511 0.1326 0.1569 0.1798 0.1521 0.1826 0.1467
0.4366 0.5762 0.0000 0.6052 0.6255 0.4185 0.3579 0.3335 0.4837 0.4527 0.5081 0.4586 0.4290 0.5580 0.4255 0.4973 0.5785 0.7797 0.6314 0.7640 0.5435 0.6183 0.5690 0.6223 0.5573 0.5909 0.5079 0.5183 0.5441 0.6754 0.4069 0.5452 0.4678 0.4421 0.3914 0.3605 0.3672 0.3133 0.5288 0.4665 0.4282 0.4727 0.2832 0.3543 0.3961 0.5223 0.2847 0.2871 0.3027 0.1845 0.2199 0.3082 0.1678 0.1991 0.3324 0.2999 0.4501 0.2531 0.2428 0.2218 0.1897 0.2905 0.1574 0.1520 0.1676 0.5747 0.5200 0.1630 0.1362 0.4965
0.0161 0.0230 0.0000 0.0249 0.0288 0.0220 0.0183 0.0178 0.0296 0.0278 0.0314 0.0282 0.0236 0.0273 0.0208 0.0226 0.0236 0.0320 0.0238 0.0269 0.0173 0.0216 0.0166 0.0182 0.0188 0.0202 0.0183 0.0191 0.0216 0.0294 0.0185 0.0272 0.0242 0.0238 0.0236 0.0245 0.0238 0.0179 0.0300 0.0257 0.0216 0.0270 0.0174 0.0211 0.0244 0.0287 0.0217 0.0159 0.0188 0.0141 0.0152 0.0176 0.0178 0.0161 0.0253 0.0207 0.0269 0.0181 0.0145 0.0167 0.0124 0.0242 0.0150 0.0112 0.0107 0.0188 0.0099 0.0113 0.0151 0.0135
0.0796 0.0901 0.0000 0.0957 0.0899 0.0668 0.0408 0.0384 0.0785 0.2233 0.1892 0.0623 0.0389 0.1975 0.1286 0.1515 0.1577 0.2204 0.1776 0.2273 0.1437 0.1849 0.1651 0.1764 0.1821 0.1956 0.1767 0.1578 0.1854 0.2277 0.1253 0.1903 0.1497 0.1365 0.1324 0.1261 0.1173 0.0845 0.1643 0.1423 0.1330 0.1700 0.1177 0.1569 0.1895 0.2443 0.1912 0.1465 0.1932 0.1483 0.1708 0.1657 0.1674 0.1487 0.2105 0.1945 0.2780 0.1821 0.1501 0.1546 0.1587 0.2262 0.1572 0.1446 0.1245 0.1662 0.1655 0.1427 0.1773 0.1445
0.3775 0.5206 0.0000 0.5735 0.4654 0.4417 0.3097 0.2258 0.3976 0.5476 0.2868 0.3415 0.3413 0.4362 0.3154 0.2972 0.3849 0.4195 0.2738 0.3412 0.1586 0.1973 0.2214 0.7091 0.5584 0.2222 0.1397 0.5843 0.5379 0.7431 0.4182 0.6382 0.5629 0.5875 0.5313 0.5285 0.5479 0.4081 0.8033 0.6748 0.5981 0.6921 0.4959 0.5997 0.6328 0.8432 0.5853 0.4080 0.5351 0.4087 0.4094 0.3821 0.4458 0.4010 0.6391 0.6050 0.9288 0.6682 0.5757 0.6501 0.6864 1.0210 0.7520 0.7095 0.6400 0.8576 0.8452 0.6834 0.7808 0.7190
3.7151 4.9695 0.0000 5.0416 5.7721 3.9263 3.0791 2.7642 4.4059 4.4601 4.3984 3.9969 3.6580 4.2375 2.8317 3.2024 3.4499 4.7580 2.6840 4.2739 2.2797 2.1949 2.1233 3.1602 1.5931 2.1633 2.2324 2.2239 2.4553 2.6798 1.8199 2.1627 1.5547 1.5794 1.0900 1.0537 1.3754 3.0677 4.4670 1.4695 0.9067 4.7078 2.6679 3.6024 3.8873 5.2055 4.0530 3.2849 3.9564 3.1989 3.3870 3.3095 3.9074 3.4156 5.0807 4.5348 7.1519 4.7016 3.5402 4.1338 3.8891 5.2655 4.0704 3.8131 3.0453 3.4966 4.0128 3.3944 4.3657 4.1164
0.2485 0.3652 0.0000 0.4246 0.4899 0.3480 0.2832 0.2601 0.4356 0.4622 0.4736 0.4040 0.3422 0.4481 0.3085 0.3384 0.3767 0.4630 0.3683 0.4205 0.2509 0.2973 0.2603 0.2853 0.2591 0.2924 0.2612 0.2353 0.2498 0.3196 0.1864 0.2802 0.1730 0.2247 0.1779 0.1331 0.1497 0.1467 0.1446 0.1583 0.1536 0.1871 0.1324 0.1413 0.1840 0.1918 0.1217 0.0960 0.0882 0.0695 0.0961 0.2706 0.2363 0.0843 0.0872 0.3355 0.4262 0.3126 0.2397 0.2825 0.2982 0.4661 0.3309 0.3281 0.2770 0.3143 0.3554 0.3033 0.3640 0.3393
0.0365 0.0497 0.0000 0.0522 0.0540 0.0351 0.0309 0.0280 0.0417 0.0380 0.0426 0.0385 0.0370 0.0482 0.0367 0.0446 0.0519 0.0700 0.0548 0.0646 0.0383 0.0464 0.0427 0.0496 0.0463 0.0537 0.0457 0.0447 0.0469 0.0606 0.0360 0.0483 0.0403 0.0381 0.0337 0.0311 0.0317 0.0230 0.0389 0.0375 0.0329 0.0355 0.0238 0.0297 0.0332 0.0438 0.0239 0.0241 0.0254 0.0155 0.0185 0.0236 0.0141 0.0159 0.0247 0.0223 0.0369 0.0212 0.0197 0.0180 0.0155 0.0238 0.0129 0.0124 0.0137 0.0433 0.0383 0.0137 0.0114 0.0419
0.1505 0.2304 0.0000 0.2487 0.2943 0.2138 0.1713 0.1657 0.2591 0.2350 0.2604 0.2361 0.2102 0.2787 0.2117 0.2421 0.2552 0.3556 0.2554 0.2746 0.1866 0.2199 0.1829 0.1854 0.1914 0.2056 0.2036 0.2091 0.2401 0.3341 0.2105 0.2960 0.2469 0.2374 0.2098 0.1977 0.2116 0.1680 0.2948 0.2730 0.2474 0.2759 0.1887 0.2397 0.2733 0.3213 0.2355 0.1728 0.2038 0.1529 0.1650 0.1486 0.1504 0.1505 0.2214 0.1770 0.2692 0.1851 0.1476 0.1707 0.1261 0.2469 0.1507 0.1127 0.1090 0.1648 0.0988 0.1050 0.1284 0.1155
0.0142 0.0167 0.0000 0.0169 0.0160 0.0119 0.0073 0.0069 0.0140 0.0346 0.0298 0.0117 0.0072 0.0369 0.0228 0.0279 0.0290 0.0406 0.0327 0.0418 0.0255 0.0326 0.0280 0.0295 0.0304 0.0327 0.0295 0.0295 0.0342 0.0429 0.0237 0.0359 0.0283 0.0251 0.0250 0.0232 0.0225 0.0156 0.0302 0.0262 0.0255 0.0326 0.0223 0.0301 0.0363 0.0465 0.0354 0.0264 0.0322 0.0247 0.0281 0.0293 0.0309 0.0285 0.0404 0.0381 0.0533 0.0349 0.0288 0.0297 0.0305 0.0434 0.0302 0.0277 0.0239 0.0278 0.0277 0.0253 0.0301 0.0241
0.0411 0.0566 0.0000 0.0624 0.0506 0.0481 0.0337 0.0246 0.0433 0.0548 0.0312 0.0356 0.0337 0.0431 0.0335 0.0323 0.0406 0.0442 0.0290 0.0362 0.0168 0.0209 0.0235 0.0701 0.0552 0.0242 0.0152 0.0648 0.0560 0.0789 0.0453 0.0678 0.0640 0.0612 0.0553 0.0549 0.0549 0.0396 0.0767 0.0666 0.0590 0.0720 0.0513 0.0640 0.0737 0.0967 0.0681 0.0464 0.0623 0.0465 0.0483 0.0441 0.0507 0.0456 0.0754 0.0714 0.1081 0.0788 0.0651 0.0703 0.0711 0.1031 0.0742 0.0698 0.0631 0.0812 0.0841 0.0729 0.0885 0.0768
0.0413 0.0548 0.0000 0.0556 0.0627 0.0433 0.0340 0.0305 0.0486 0.0409 0.0399 0.0389 0.0343 0.0391 0.0296 0.0340 0.0367 0.0506 0.0285 0.0454 0.0238 0.0229 0.0226 0.0296 0.0166 0.0213 0.0202 0.0202 0.0256 0.0280 0.0190 0.0225 0.0162 0.0165 0.0114 0.0110 0.0144 0.0273 0.0405 0.0153 0.0095 0.0460 0.0258 0.0363 0.0399 0.0525 0.0437 0.0318 0.0383 0.0310 0.0328 0.0302 0.0339 0.0314 0.0467 0.0438 0.0690 0.0472 0.0391 0.0454 0.0429 0.0568 0.0449 0.0411 0.0336 0.0378 0.0433 0.0366 0.0482 0.0449
0.0923 0.1393 0.0000 0.1452 0.1590 0.1117 0.0852 0.0782 0.1311 0.1347 0.1365 0.1313 0.1190 0.1402 0.1066 0.1307 0.1419 0.1744 0.1287 0.1491 0.0890 0.1054 0.0923 0.0888 0.0796 0.0952 0.0850 0.0750 0.0890 0.1160 0.0676 0.1017 0.0628 0.0815 0.0634 0.0474 0.0543 0.0477 0.0515 0.0528 0.0477 0.0581 0.0472 0.0503 0.0654 0.0682 0.0434 0.0342 0.0314 0.0248 0.0342 0.0789 0.0726 0.0300 0.0311 0.1028 0.1357 0.1035 0.0812 0.0935 0.1056 0.1484 0.1054 0.1044 0.0882 0.1001 0.1088 0.0936 0.1123 0.1048
0.0402 0.0563 0.0000 0.0655 0.0693 0.0444 0.0397 0.0354 0.0536 0.0481 0.0539 0.0487 0.0475 0.0630 0.0471 0.0566 0.0616 0.0794 0.0604 0.0712 0.0419 0.0508 0.0467 0.0542 0.0506 0.0572 0.0526 0.0489 0.0567 0.0767 0.0480 0.0631 0.0510 0.0482 0.0427 0.0393 0.0400 0.0262 0.0442 0.0426 0.0374 0.0403 0.0295 0.0376 0.0420 0.0554 0.0302 0.0305 0.0315 0.0192 0.0233 0.0269 0.0175 0.0185 0.0281 0.0253 0.0458 0.0264 0.0245 0.0224 0.0193 0.0295 0.0160 0.0154 0.0170 0.0475 0.0435 0.0170 0.0142 0.0459
0.6231 0.9708 0.0000 1.0479 1.3519 0.8853 0.7091 0.6859 1.0729 0.9726 0.9950 0.9374 0.8345 1.1062 0.8403 0.9684 1.1161 1.5184 1.1997 1.2617 0.8765 1.0102 0.8591 0.8712 0.8794 0.9443 0.9566 1.0093 1.0781 1.3898 0.8190 1.1511 0.9404 0.9041 0.7890 0.7432 0.7958 0.6314 1.1085 1.0102 0.9112 1.0371 0.7386 0.9765 1.1502 1.5828 1.0642 0.7807 0.9207 0.6908 0.7454 0.6152 0.6228 0.6233 0.9170 0.7327 1.1890 0.8502 0.6783 0.7840 0.5794 1.1342 0.6654 0.4974 0.5007 0.6822 0.4365 0.4345 0.5316 0.4781
0.0735 0.0865 0.0000 0.0870 0.0829 0.0615 0.0376 0.0354 0.0724 0.1520 0.1437 0.0599 0.0373 0.1614 0.0999 0.1277 0.1352 0.1858 0.1667 0.1831 0.1116 0.1425 0.1224 0.1254 0.1308 0.1381 0.1247 0.1246 0.1444 0.1867 0.1164 0.1727 0.1494 0.1397 0.1411 0.1257 0.1280 0.0887 0.1638 0.1418 0.1451 0.1854 0.1123 0.1444 0.1631 0.2012 0.1494 0.1116 0.1362 0.1045 0.1185 0.1258 0.1324 0.1202 0.1809 0.1576 0.2487 0.1671 0.1405 0.1597 0.1808 0.2467 0.1715 0.1578 0.1358 0.1182 0.1177 0.1108 0.1315 0.1047
6.2212 9.7027 0.0000 10.6861 8.4367 8.0067 5.2969 3.8619 7.2099 7.3820 4.9058 4.9074 4.4536 5.6943 5.3037 5.1145 6.0477 6.5299 4.5934 5.7245 2.6608 3.3097 3.7149 9.3393 7.2170 3.8009 2.4048 8.4220 7.9130 11.4399 6.5603 9.8261 9.6466 8.6432 7.8191 7.7604 7.7546 5.4320 10.0476 8.7214 7.7300 9.6913 6.7186 8.5515 10.2278 13.3104 10.2266 7.9484 10.0086 7.7606 8.3732 7.6474 8.4641 7.6106 13.0718 11.4088 15.5125 10.6201 8.5636 9.2529 9.3224 13.5121 9.7191 9.1461 8.2743 10.6400 11.0202 9.5516 11.5952 10.0646
0.4250 0.5833 0.0000 0.6657 0.7933 0.6116 0.4701 0.4219 0.6724 0.4446 0.4331 0.4350 0.3830 0.4337 0.3616 0.4624 0.4922 0.6867 0.3768 0.6003 0.3020 0.2909 0.2981 0.3310 0.2111 0.2411 0.2220 0.2211 0.3274 0.3573 0.2287 0.2582 0.2072 0.2106 0.1453 0.1405 0.1834 0.2852 0.4399 0.1947 0.1209 0.4772 0.2809 0.3970 0.4428 0.5737 0.4970 0.3458 0.4165 0.3368 0.3566 0.3291 0.3502 0.3157 0.4696 0.4544 0.6793 0.4673 0.4034 0.4548 0.4738 0.7707 0.5307 0.5179 0.4770 0.5359 0.5702 0.4823 0.6224 0.5329
0.0471 0.0649 0.0000 0.0675 0.0747 0.0525 0.0426 0.0391 0.0656 0.0674 0.0682 0.0631 0.0568 0.0701 0.0533 0.0600 0.0681 0.0924 0.0765 0.0970 0.0660 0.0767 0.0671 0.0468 0.0419 0.0501 0.0448 0.0395 0.0526 0.0778 0.0448 0.0682 0.0403 0.0523 0.0388 0.0291 0.0348 0.0251 0.0316 0.0279 0.0251 0.0306 0.0291 0.0310 0.0381 0.0368 0.0267 0.0211 0.0194 0.0153 0.0211 0.0397 0.0383 0.0184 0.0192 0.0514 0.0682 0.0520 0.0414 0.0470 0.0552 0.0745 0.0529 0.0525 0.0443 0.0503 0.0526 0.0446 0.0536 0.0517
0.1459 0.2050 0.0000 0.2384 0.2727 0.2150 0.1671 0.1591 0.2714 0.2542 0.2535 0.2288 0.2190 0.2666 0.1773 0.2003 0.2180 0.2812 0.2162 0.2549 0.1574 0.1908 0.1756 0.2038 0.1901 0.2092 0.1912 0.1839 0.2131 0.2714 0.1667 0.2466 0.2235 0.2311 0.2287 0.2326 0.2308 0.1022 0.1725 0.1663 0.1457 0.1573 0.1285 0.1964 0.2188 0.2883 0.1447 0.1459 0.1425 0.0868 0.1117 0.1049 0.0790 0.0724 0.1095 0.0988 0.2083 0.1199 0.1050 0.0888 0.0876 0.1342 0.0727 0.0702 0.0774 0.1789 0.1697 0.0767 0.0645 0.1723
0.1452 0.2262 0.0000 0.2441 0.3150 0.2063 0.1652 0.1598 0.2500 0.2266 0.2321 0.2099 0.1869 0.2563 0.1845 0.2127 0.2479 0.3335 0.2652 0.3508 0.2073 0.2607 0.2443 0.2586 0.2374 0.2549 0.2475 0.2349 0.2382 0.3044 0.1794 0.2521 0.2123 0.2041 0.1871 0.1762 0.1887 0.1497 0.2628 0.2332 0.2091 0.2459 0.1751 0.2180 0.2568 0.3331 0.2665 0.2139 0.2820 0.2276 0.2568 0.1433 0.1451 0.1452 0.2136 0.1707 0.3091 0.2550 0.2027 0.2341 0.1592 0.3117 0.1795 0.1342 0.1377 0.1589 0.1178 0.1016 0.1239 0.1114
3.2554 3.8293 0.0000 3.3887 3.6678 2.7243 1.6645 1.5683 3.2044 5.9156 5.4902 2.6492 1.6520 6.2742 5.1523 5.6979 6.4844 8.2942 6.6089 8.4586 5.3500 6.8833 6.2827 7.7865 6.3998 7.0376 5.7337 5.6768 5.9464 7.7865 4.5782 6.4367 5.5066 5.0801 4.8533 4.6919 4.2012 3.1423 6.1123 5.2917 4.6132 5.2864 3.9132 4.8990 5.9205 7.6326 5.7214 4.3838 5.7281 4.5215 4.8171 4.7777 4.8191 4.3163 6.0976 5.5820 7.9788 5.4165 4.5323 4.9306 4.5864 6.7982 4.9281 4.5334 3.9000 9.0836 8.5685 5.7114 7.3125 7.3910
0.1722 0.2212 0.0000 0.2436 0.1977 0.1877 0.1408 0.1027 0.1690 0.2948 0.1304 0.1793 0.1974 0.2524 0.1493 0.1374 0.1990 0.2180 0.1296 0.1615 0.0751 0.0934 0.1048 0.2510 0.2552 0.1011 0.0646 0.1915 0.2416 0.3089 0.1864 0.2654 0.2341 0.2443 0.2294 0.2294 0.2435 0.2088 0.3231 0.2830 0.2262 0.2739 0.1762 0.2256 0.2543 0.3137 0.2369 0.1697 0.2159 0.1700 0.1613 0.1589 0.1854 0.1668 0.2439 0.2070 0.3397 0.2295 0.1979 0.2235 0.2272 0.3380 0.2603 0.2520 0.2141 0.2644 0.2624 0.2183 0.2488 0.2270
0.1313 0.1821 0.0000 0.1980 0.2022 0.1453 0.1188 0.1067 0.1701 0.2996 0.3207 0.2008 0.1919 0.2804 0.1370 0.1490 0.1605 0.2213 0.1249 0.1989 0.1099 0.1059 0.0988 0.1913 0.0768 0.1329 0.1561 0.1555 0.1280 0.1315 0.1045 0.1248 0.0812 0.0825 0.0570 0.0551 0.0719 0.1212 0.2320 0.0709 0.0445 0.1664 0.1858 0.2033 0.2289 0.2938 0.2036 0.1685 0.2184 0.1668 0.1766 0.1641 0.1668 0.1556 0.2325 0.2169 0.3056 0.2137 0.1719 0.1858 0.1902 0.2646 0.1985 0.1916 0.1450 0.1757 0.2017 0.1705 0.2013 0.1703
0.0595 0.0821 0.0000 0.0956 0.1055 0.0742 0.0612 0.0569 0.0909 0.0887 0.0898 0.0845 0.0714 0.0900 0.0620 0.0725 0.0819 0.1063 0.0755 0.0910 0.0566 0.0671 0.0588 0.0829 0.0719 0.1137 0.0858 0.0718 0.0780 0.0870 0.0507 0.0762 0.0471 0.0612 0.0556 0.0416 0.0415 0.0482 0.0452 0.0505 0.0460 0.0560 0.0419 0.0441 0.0587 0.0612 0.0386 0.0304 0.0280 0.0220 0.0305 0.0572 0.0630 0.0263 0.0273 0.0674 0.1370 0.0905 0.0769 0.0818 0.0789 0.1241 0.0945 0.0913 0.0819 0.0941 0.0936 0.0821 0.0938 0.0860
0.4132 0.5904 0.0000 0.6134 0.6898 0.4650 0.3934 0.3706 0.5194 0.5029 0.5645 0.5095 0.4460 0.5364 0.4239 0.4797 0.5587 0.7529 0.5781 0.6821 0.4479 0.5625 0.4828 0.5281 0.4738 0.5301 0.4547 0.4467 0.4690 0.6212 0.3797 0.5374 0.4177 0.4107 0.3792 0.3493 0.3558 0.3698 0.6076 0.6035 0.6160 0.5893 0.3685 0.3936 0.4400 0.5803 0.3163 0.3190 0.3927 0.2394 0.2532 0.4161 0.2176 0.2667 0.4148 0.3743 0.6031 0.3340 0.3253 0.2971 0.2540 0.3892 0.2109 0.2036 0.2245 0.5228 0.5666 0.2115 0.1797 0.4280
0.4676 0.6307 0.0000 0.6806 0.7612 0.5809 0.4829 0.4705 0.7820 0.8093 0.7257 0.6783 0.5667 0.7217 0.4897 0.5738 0.6234 0.8036 0.6281 0.7107 0.4574 0.5688 0.4380 0.4792 0.4953 0.5317 0.4724 0.4428 0.5334 0.6833 0.4306 0.6328 0.5318 0.5117 0.5103 0.4980 0.4973 0.3718 0.6266 0.5537 0.4661 0.5638 0.3636 0.4673 0.5479 0.6803 0.4667 0.3563 0.4380 0.3287 0.3546 0.6165 0.6178 0.4676 0.7499 0.8252 0.7846 0.4789 0.3820 0.4415 0.3262 0.6388 0.4378 0.3273 0.2820 0.6440 0.2871 0.3753 0.5612 0.5046
0.0604 0.0669 0.0000 0.0797 0.0682 0.0507 0.0310 0.0292 0.0596 0.1174 0.1265 0.0458 0.0289 0.1042 0.0945 0.1241 0.1468 0.1806 0.1296 0.1509 0.0935 0.1174 0.1009 0.1039 0.0937 0.1043 0.0947 0.1013 0.1048 0.1428 0.0898 0.1261 0.1080 0.1112 0.0952 0.0982 0.0920 0.0688 0.1338 0.1158 0.0965 0.1037 0.0767 0.0955 0.1092 0.1400 0.1010 0.0754 0.0902 0.0700 0.0758 0.0781 0.0822 0.0775 0.1121 0.0968 0.1482 0.1057 0.0889 0.0967 0.0921 0.1422 0.1078 0.0992 0.0854 0.1046 0.1008 0.1047 0.1269 0.0955
0.9507 0.9180 0.0000 1.0110 0.8430 0.7787 0.6716 0.4805 0.7509 0.9123 0.6102 0.6370 0.5495 0.6742 0.7303 0.7042 0.8327 0.8727 0.6325 0.7882 0.3664 0.4557 0.5115 0.7254 0.7081 0.4728 0.3311 0.6291 0.7553 1.0919 0.6352 0.9379 0.9207 0.8250 0.7461 0.7407 0.7401 0.5185 0.8845 0.7944 0.7078 0.9247 0.5876 0.7835 0.9617 1.1848 0.9318 0.7733 0.8494 0.7405 0.8462 0.8538 0.9286 0.8349 1.0925 0.8690 1.2982 0.8629 0.7038 0.7764 0.7592 1.1015 0.7760 0.7393 0.6381 0.8078 0.8367 0.7423 0.8821 0.7448
0.2003 0.2919 0.0000 0.3318 0.3703 0.2773 0.2427 0.2301 0.3667 0.2735 0.2664 0.2675 0.2355 0.2667 0.2326 0.3923 0.3870 0.5486 0.2863 0.4559 0.2164 0.2084 0.2264 0.2036 0.1512 0.1487 0.1365 0.1360 0.2312 0.2524 0.1615 0.1774 0.1464 0.1487 0.1026 0.0992 0.1295 0.1472 0.2705 0.1395 0.0854 0.2325 0.1684 0.2380 0.2724 0.3439 0.2979 0.2073 0.2497 0.2019 0.2138 0.1973 0.2018 0.1883 0.2815 0.2724 0.3837 0.2761 0.2418 0.2610 0.2784 0.4485 0.2904 0.3105 0.2795 0.3424 0.3757 0.3177 0.3314 0.2627
