142.4251 9.4730 0.2867 9.2249 3.9809 4.7485 4.5047 1.3276 6.1407 0.7095 0.5726 1.0897 0.8932 10.3738 0.6496 0.6881 1.7921 3.2815 0.6787 0.8874 0.1102 0.2364 0.0166 0.0045 0.0408 0.0605 0.1135 0.0140 0.0932 0.4639 0.1448 0.9939 0.3349 0.0793 0.2142 0.6727 0.0553 0.0254 0.8516 0.9834 0.0451 1.5037 0.0629 0.0527 0.0668 0.2378 0.0117 0.0093 0.0099 0.0015 0.0011 0.0491 0.0371 29.7608 12.7163 0.2436 3.5728 0.0165 0.0044 0.0191 0.0000 0.0534 0.0021 0.0000 0.0000 0.0373 0.0000 0.0000 0.0001 0.0003
0.0018 0.0001 0.0001 0.0000 0.0000 0.0000 0.0000 0.0000 0.0000 0.0657 0.2482 0.0000 0.0000 0.1085 4.5096 126.9162 39.7324 624.2534 9.8872 57.2772 2.4883 8.9141 5.0377 0.3867 0.2942 0.8698 2.4847 3.7245 1.3569 22.2578 2.6015 7.4761 3.6263 0.3847 1.7139 6.7644 0.0464 0.0185 4.3950 2.3305 0.2082 2.8354 1.6270 0.6453 1.1715 8.4305 1.0782 0.5699 0.3551 0.1077 0.0782 0.0667 0.1999 0.4453 1.8135 0.4426 4.8561 0.8803 0.6410 0.8742 0.0829 0.9773 0.0523 0.0243 0.0363 0.1313 0.0762 1.2816 2.8009 0.3297
0.9683 0.0644 0.0017 0.0920 0.0006 0.0211 0.0092 0.0000 0.0002 0.0117 0.0000 0.0001 0.0000 0.0001 0.0027 0.0001 0.0027 0.0002 0.0000 0.0000 0.0000 0.0000 0.0000 0.0061 0.0190 0.0000 0.0000 0.0058 0.2629 8.3507 18.9267 4.2690 0.3980 0.1929 0.4147 1.3350 0.1168 0.0168 0.2601 0.2772 0.0237 3.9405 0.1248 0.1661 0.2187 0.6670 0.2089 0.0649 0.1015 0.0394 0.0031 0.0011 0.0241 0.0218 0.0875 0.0148 1.5420 0.0892 0.0536 0.1497 0.0401 0.3142 0.0101 0.0139 0.0144 0.0145 0.0219 0.0120 0.0300 0.0487
0.2590 1.1347 0.0821 1.3973 0.4979 0.1276 0.0588 0.0122 0.0811 0.6813 0.2787 11.0086 11.9153 2.4513 19.7058 0.0733 0.2648 1.0625 0.0028 0.6374 0.1833 0.0030 0.0017 0.1557 0.0000 0.0015 0.0025 0.0004 0.0556 0.0087 0.0200 0.0024 0.0000 0.0000 0.0000 0.0000 0.0000 0.0093 0.7408 0.0000 0.0000 0.2691 6.3615 71.7503 10.4801 960.8909 6.5769 6.9003 4.9557 3.2141 1.5328 0.1631 0.2839 0.5157 4.1430 8.5166 48.5507 10.2711 4.5065 5.2992 3.2072 11.1937 1.1601 1.3338 0.1742 0.0775 0.8305 0.2006 0.6469 0.6697
8.5523 11.9526 1.1273 38.8173 35.8093 6.1414 1.2515 0.5085 3.5800 2.8948 4.5803 10.8203 4.5518 12.5354 1.5108 2.3325 13.9857 29.1554 0.9690 4.2777 0.2742 0.2373 0.1919 0.4137 0.2056 21.3237 27.1201 0.3812 9.3192 1.9762 0.1400 1.4908 0.0020 0.1013 0.2911 0.0089 0.0005 0.0382 0.0002 0.0034 0.0003 0.0050 0.0608 0.0013 0.0115 0.0015 0.0000 0.0000 0.0000 0.0000 0.0000 0.0412 0.2932 0.0000 0.0000 0.2122 63.4012 41.0255 8.0143 32.2153 631.2929 522.4566 18.9469 36.3749 38.0762 4.8984 4.3264 2.0872 10.2449 128.6130
4.5118 23.2134 3.6784 53.6742 257.6132 19.6710 13.2862 6.8694 3.9632 1.3921 15.6056 14.8695 8.1079 15.5093 10.2813 4.1291 13.9397 37.6662 3.2409 9.5171 0.3565 0.5974 0.5138 0.3162 0.4117 1.5112 3.2290 0.3870 0.9867 13.8696 2.6571 18.9316 1.4395 0.5125 1.1863 1.8767 0.1487 0.0505 0.8012 3.2617 0.3237 1.4059 0.6539 0.8490 0.4372 4.9082 0.0030 0.4806 0.0092 0.0000 0.0004 0.0013 0.0000 0.0000 0.0001 0.0000 0.0344 0.0001 0.0004 0.0000 0.0000 0.0000 0.0000 0.0000 0.0000 0.0620 0.2238 0.0000 0.0000 0.1605
1.0177 4.5147 0.0909 4.3964 17.3166 50.2714 4.8819 2.8384 13.1284 1.3324 1.2317 2.3441 1.9454 45.1252 2.8434 2.9931 7.7956 14.2741 2.9525 3.8602 0.4792 1.0282 0.0725 0.0194 0.1776 0.2630 0.4936 0.0610 0.4052 2.0178 0.6336 4.3233 1.4566 0.3471 0.4665 1.4382 0.1205 0.1107 3.7046 4.3043 0.1961 6.5410 0.2735 0.2291 0.2907 1.0344 0.0508 0.0404 0.0430 0.0067 0.0046 0.0265 0.0376 0.3848 1.5286 0.0827 1.1327 0.0719 0.0192 0.0833 0.0001 0.2322 0.0007 0.0000 0.0001 0.0045 0.0000 0.0000 0.0000 0.0001
0.0003 0.0000 0.0000 0.0000 0.0000 0.0000 0.0000 0.0000 0.0000 0.0682 0.2578 0.0000 0.0000 0.2278 1.1242 0.4351 1.0015 4.3007 1.5800 32.2696 12.7955 6.8817 3.8891 0.3004 0.2271 0.6715 1.8946 1.4219 0.5180 4.9650 0.4157 1.2246 0.5795 0.0615 0.2739 1.0810 0.0074 0.0030 0.7023 0.3724 0.0333 0.4531 0.2600 0.1152 0.2613 1.8806 0.4091 0.2176 0.2691 0.0832 0.0596 0.0253 0.0759 0.1493 0.4045 0.1679 1.2641 0.1543 0.1024 0.1397 0.0133 0.1562 0.0084 0.0039 0.0058 0.0816 0.0588 0.3175 0.7246 0.1290
0.1709 0.1912 0.0051 0.2731 0.0012 0.0626 0.0016 0.0000 0.0002 0.0466 0.0000 0.0001 0.0001 0.0006 0.0006 0.0000 0.0007 0.0001 0.0000 0.0000 0.0000 0.0000 0.0000 0.0881 0.2723 0.0000 0.0000 0.0409 1.5207 15.6959 0.5673 8.0239 6.7859 7.5736 24.0236 270.9561 10.0435 1.1507 22.3700 23.8386 3.1820 228.2488 7.2291 6.1667 3.7289 11.6560 3.5616 0.8433 1.7202 0.6723 0.0397 0.0148 0.3128 0.2827 1.4924 0.2530 26.2916 1.6885 1.9904 5.5573 2.3362 18.2004 1.3183 1.1986 1.8862 0.8715 1.2774 0.6677 1.1120 2.8192
2.9758 8.7815 0.5789 9.8569 3.4908 0.9000 0.3158 0.0655 0.4359 5.5402 4.1772 26.3484 18.5076 11.2919 0.7293 0.3940 0.8739 5.7471 0.0024 2.1036 0.0073 0.0001 0.0006 0.0686 0.0000 0.0001 0.0011 0.0005 0.0014 0.0003 0.0004 0.0001 0.0000 0.0000 0.0000 0.0000 0.0000 0.3317 26.3637 0.0000 0.0000 6.4892 6.2175 5.7119 2.3695 22.3774 12.1444 30.2534 44.2080 33.0492 68.5513 5.3224 9.2653 16.7280 47.9044 37.3400 214.1837 26.4745 8.3213 10.0300 5.9222 20.6694 2.1421 2.4630 0.3216 0.1432 1.5336 0.3704 1.1946 1.2367
5.9601 9.2519 1.0967 37.7615 59.6210 10.2251 10.0044 6.2256 28.4420 9.9900 7.6260 15.8237 4.4280 20.7423 1.7152 1.7833 9.7466 20.3183 0.6753 2.9811 0.1911 0.1644 0.1337 4.1057 2.5321 7.8656 59.9914 2.3653 0.2800 1.3772 0.0976 1.0389 0.0010 0.0706 0.0087 0.0003 0.0001 0.0701 0.0000 0.0009 0.0005 0.0223 0.0044 0.0000 0.0010 0.0001 0.0000 0.0000 0.0000 0.0000 0.0000 0.5073 3.6111 0.0000 0.0000 0.3511 15.1772 1.7746 0.4809 1.3935 1.4614 53.9909 3.9838 8.7615 29.1111 311.9930 24.1717 7.2474 4.5203 13.2909
4.5676 10.8584 0.3411 5.0701 11.2437 0.8639 0.5799 0.2998 0.1730 0.0611 0.6853 0.6490 0.3561 0.6811 0.7728 0.4253 4.1539 17.6189 3.1617 14.9384 3.0399 6.9376 4.4088 1.6966 0.9776 1.0561 1.0235 0.5336 0.2567 1.4023 0.2464 0.8263 0.0628 0.0225 0.0521 0.0824 0.0065 11.1694 222.5698 6.0115 2.3944 102.8654 0.0952 0.0373 0.0192 0.2142 0.0001 0.0211 0.0013 0.0000 0.0000 0.0129 0.0000 0.0000 0.0196 0.0107 0.0121 0.0000 0.0002 0.0000 0.0000 0.0000 0.0000 0.0000 0.0000 1.2390 9.6846 0.0000 0.0000 0.2212
0.2593 0.8344 0.0180 0.8125 3.2202 2.5869 1.2440 1.2303 18.0622 13.3956 201.9975 76.6775 8.1361 8.3916 3.5004 0.8113 1.4497 4.7733 0.5457 0.7179 0.0886 0.1912 0.0134 0.0036 0.0330 0.0486 0.1013 0.0278 0.1880 1.6120 0.5031 3.4540 1.7279 0.6624 10.9323 51.9302 2.8406 2.1018 31.1368 7.2609 0.3455 23.7334 0.9925 0.2416 0.2322 0.3962 0.1345 0.0352 0.0169 0.0026 0.0018 0.2104 0.3777 0.0974 2.1031 0.2372 0.2106 0.0134 0.0036 0.0154 0.0000 0.0432 0.0001 0.0000 0.0000 0.0062 0.0000 0.0000 0.0002 0.0007
0.0009 0.0000 0.0000 0.0000 0.0000 0.0000 0.0000 0.0000 0.0000 42.4606 22.7936 0.0000 0.0000 7.2701 1.9680 2.2310 3.9866 22.0533 8.1520 112.1320 9.9116 40.6753 72.9646 25.5931 101.3095 565.9064 123.0195 7.2915 19.8974 42.2491 2.1318 12.8555 2.9899 0.3172 1.4045 5.5773 0.0381 0.0153 3.6014 1.9215 0.2118 5.4154 3.7866 2.8725 6.5138 46.8754 15.2357 13.0372 43.8584 18.1213 9.7180 3.7363 5.1435 4.1346 10.7925 8.8386 66.5311 4.0169 1.5673 1.6799 0.3536 1.9491 0.0476 0.0219 0.0331 6.9571 5.0116 0.5559 7.3302 4.9247
0.0169 0.0258 0.0007 0.0369 0.0002 0.0085 0.0002 0.0000 0.0000 0.0124 0.0000 0.0000 0.0002 0.0011 0.0001 0.0000 0.0001 0.0000 0.0000 0.0000 0.0000 0.0000 0.0000 0.5056 0.6113 0.0000 0.0000 0.0567 0.1635 1.7300 0.0621 0.8789 0.7433 0.8296 2.5992 19.6217 1.2371 0.2309 23.6437 28.3333 19.9209 39.7341 5.3731 1.0092 0.4085 2.3533 0.3901 0.0924 0.1896 0.0736 0.0044 0.0016 0.0343 0.0310 0.1838 0.0585 7.3642 0.8145 0.9601 2.6641 1.6732 21.1042 3.5850 1.4246 5.1611 2.3847 1.6656 0.3578 0.5706 2.8536
0.7907 1.1539 0.0450 0.5985 0.4731 0.0571 0.0091 0.0019 0.0125 0.2918 0.2200 0.7483 0.5984 0.5661 0.0210 0.0113 0.0251 0.1653 0.0001 0.0605 0.0002 0.0000 0.0000 0.0022 0.0000 0.0000 0.0001 0.0000 0.0000 0.0000 0.0000 0.0000 0.0000 0.0000 0.0000 0.0000 0.0000 0.1035 1.3887 0.0000 0.0000 1.7243 0.8637 1.6045 0.4214 6.2859 3.4114 8.4983 6.1412 3.9585 1.8995 0.2021 0.3518 0.6351 8.1090 42.3622 153.8453 7.4368 2.3520 2.8174 1.6636 5.8061 0.6017 0.6919 0.0903 0.0402 0.4335 0.1041 0.3376 0.3859
13.5142 36.1272 4.2559 147.4525 256.9935 44.0747 6.2386 1.4185 18.9829 20.7755 32.8714 68.2074 18.5063 89.9627 7.4390 7.2711 23.5082 38.0427 1.4847 5.0253 0.3222 0.2788 0.2254 0.9355 0.5769 6.5166 13.6689 0.5389 0.4720 2.3359 0.1655 1.7513 0.0017 0.1190 0.0147 0.0005 0.0002 0.0160 0.0000 0.0004 0.0001 0.0051 0.0031 0.0001 0.0006 0.0001 0.0000 0.0000 0.0000 0.0000 0.0000 0.1156 0.8228 0.0000 0.0000 1.5133 29.3080 7.9379 1.0838 6.2333 6.5369 241.5122 8.7585 16.7112 17.6012 2.8458 13.2394 7.1823 31.9369 152.0253
345.9292 199.8787 1.7919 115.8535 51.5636 2.3727 2.8288 0.8235 1.3164 0.1679 1.8823 1.7825 4.9639 17.7189 24.4970 23.0732 225.3700 955.9148 203.9241 636.9831 16.4710 11.3413 23.8885 17.4751 20.3614 63.6423 59.4359 18.6710 8.9818 79.9334 8.2570 21.6287 1.9311 0.3236 0.4404 0.6967 0.0552 0.1396 2.2139 7.1277 0.7073 3.0722 0.2339 0.1024 0.0527 0.5884 0.0004 0.0580 0.0033 0.0000 0.0000 0.0028 0.0000 0.0000 0.0002 0.0001 0.0111 0.0000 0.0002 0.0000 0.0000 0.0000 0.0000 0.0000 0.0000 1.1762 0.6183 0.0000 0.0000 7.6937
0.6093 6.8263 0.0854 6.6475 26.3453 12.3658 2.9407 2.5231 11.6701 1.1844 1.5959 3.4366 2.5836 40.3613 16.9401 54.8800 18.0510 170.9038 4.7194 5.8729 0.7661 1.5643 0.1303 0.0295 0.2703 0.4001 1.6352 0.3795 3.0339 24.1588 7.5394 51.7631 8.7318 2.0677 1.9306 2.6172 0.5336 0.6633 22.2073 34.2817 2.3484 46.0416 2.6548 2.7426 2.1897 6.3953 0.3140 0.1337 0.0864 0.0135 0.0092 0.0235 0.0334 0.2303 1.3588 0.0735 1.7232 0.1093 0.0293 0.1259 0.0002 0.3533 0.0010 0.0000 0.0001 0.0040 0.0000 0.0000 0.0000 0.0001
0.0035 0.0003 0.0001 0.0001 0.0000 0.0000 0.0000 0.0000 0.0000 1.3698 2.3925 0.0000 0.0000 14.2594 1.8739 10.3260 16.6122 101.4420 135.5109 217.2311 9.4372 33.5998 19.1060 1.4665 1.1089 3.2786 9.4235 14.1256 9.7830 128.4795 277.1562 307.6555 103.0163 5.2726 48.6898 92.7117 0.6365 0.2539 60.2367 31.9412 3.7680 95.7562 66.9546 26.5536 20.8117 71.3706 7.7738 4.1343 1.7673 0.4061 0.4191 0.4808 1.4415 3.7701 30.4754 4.0104 199.8370 36.2271 26.2143 29.7043 2.8182 17.6873 0.7169 0.3324 0.4979 0.3986 0.2872 0.5293 1.9076 0.6299
0.0716 0.1561 0.0042 0.2229 0.0010 0.0511 0.0007 0.0000 0.0002 0.0012 0.0000 0.0000 0.0000 0.0000 0.0002 0.0000 0.0002 0.0000 0.0000 0.0000 0.0000 0.0000 0.0000 0.0041 0.0127 0.0000 0.0000 0.0074 0.0240 1.1809 0.0607 0.6000 1.8336 0.2430 0.3788 2.4961 0.1374 0.0158 0.5536 0.6676 0.0817 7.3222 1.9294 2.6646 3.0253 56.3620 1.9947 0.2279 0.9694 0.1817 0.0221 0.0040 0.0845 0.0764 1.5217 0.4844 60.5834 5.4650 2.2403 2.9624 0.6235 4.8576 0.1055 0.0417 0.1616 0.2241 0.3409 0.2382 1.1767 0.8835
7.3481 38.5133 1.9830 27.7103 9.8743 1.3558 0.2885 0.0598 0.3982 0.1127 0.0849 0.6176 0.3764 0.2296 0.2060 0.1573 0.3489 2.2944 0.0010 0.8398 0.0021 0.0000 0.0003 0.0014 0.0000 0.0000 0.0000 0.0000 0.0004 0.0001 0.0001 0.0000 0.0000 0.0000 0.0000 0.0000 0.0000 0.0180 0.5361 0.0000 0.0000 2.5589 0.2875 1.2760 0.4795 4.9990 20.8293 2.8464 2.0442 1.3258 0.6323 0.0673 0.1178 0.2127 1.7090 3.5131 33.4403 4.4790 14.0102 16.4749 62.4370 35.4509 14.6564 4.2243 0.7238 0.2456 2.6303 0.6353 4.9559 8.4615
30.4345 22.6532 0.9281 15.2283 11.9640 2.0518 0.2904 0.1018 0.8837 0.9672 1.5303 4.2449 3.5228 5.2635 2.8634 4.4206 26.5066 178.6756 5.9385 15.7976 0.6179 0.5314 0.4324 0.0671 0.0414 0.4675 0.9805 0.0384 0.2068 3.0359 0.2152 2.2903 0.0022 0.1556 0.0064 0.0002 0.0003 0.0011 0.0000 0.0000 0.0000 0.0004 0.0015 0.0000 0.0003 0.0000 0.0000 0.0000 0.0000 0.0000 0.0000 0.0083 0.0590 0.0000 0.0000 0.0704 2.0511 1.3272 0.3402 1.0422 8.3915 16.9021 0.6130 1.1768 1.2318 0.1585 0.1400 0.0675 0.3314 4.1608
0.4997 2.5710 0.4074 5.9448 28.5325 120.7347 1.4715 5.3245 12.6389 2.5462 28.5438 27.1975 10.2374 5.7287 1.1317 0.4573 1.5439 4.1718 0.3590 1.0541 0.0395 0.0662 0.0569 0.0350 0.0456 0.1674 0.3576 0.0429 0.1093 1.5362 0.2943 2.0968 0.8244 0.6511 3.8065 6.0221 0.4772 0.0056 0.0887 0.3613 0.0358 0.1557 0.5842 1.5529 0.7997 8.9776 0.0055 0.8791 0.0166 0.0000 0.0007 0.0001 0.0000 0.0000 0.0000 0.0000 0.0625 0.0002 0.0003 0.0000 0.0000 0.0000 0.0000 0.0000 0.0000 0.0069 0.0248 0.0000 0.0000 0.0178
0.0925 1.4471 0.0283 1.4092 42.6158 1.8780 0.4438 0.3832 1.7723 0.1788 0.1653 0.3164 0.2626 6.0918 0.6776 0.7221 18.8326 33.6420 28.9854 9.4999 30.0130 2.5304 0.9054 0.0574 0.4372 0.6472 11.3637 2.2601 2.4420 5.8669 0.6367 2.0577 0.3471 0.0827 0.0767 0.1941 0.0213 0.0264 0.8828 1.3628 0.1853 1.9589 0.5423 0.6743 0.9387 10.8020 1.8698 0.9291 0.6008 0.0935 0.0642 0.0036 0.0051 0.0348 0.2051 0.0111 0.9341 0.1768 0.0473 0.2036 0.0002 0.5715 0.0005 0.0000 0.0001 0.0006 0.0000 0.0000 0.0000 0.0000
0.0003 0.0000 0.0000 0.0000 0.0000 0.0000 0.0000 0.0000 0.0000 0.0118 0.0445 0.0000 0.0000 0.0699 0.0746 0.4110 0.6653 4.0625 11.4588 8.6461 0.3756 1.3456 0.7604 0.0584 0.0444 0.1313 0.3751 0.5622 0.2048 3.3598 1.4191 4.1035 4.2027 3.1202 1.9742 142.9159 0.3767 0.1503 35.4270 18.9020 1.6783 6.6861 1.0882 0.3520 0.2776 1.2726 0.1628 0.0860 0.0533 0.0163 0.0118 0.0101 0.0302 0.0672 0.4065 0.0668 2.6654 0.4832 0.3496 1.0131 0.3051 7.9269 0.4242 0.1967 0.2947 0.0160 0.0115 0.0211 0.0764 0.0251
4.2898 40.4306 1.0749 57.7431 0.2579 13.2340 0.0823 0.0003 0.0439 0.0203 0.0000 0.0001 0.0001 0.0005 0.0273 0.0007 0.0093 0.0003 0.0000 0.0001 0.0000 0.0000 0.0000 0.0717 0.2218 0.0000 0.0000 0.0677 0.0458 2.2820 0.1549 1.1666 7.5281 0.4609 0.7230 4.7351 0.2622 0.0300 0.5841 0.6224 0.0841 13.9761 1.2265 0.7636 1.9713 12.3074 5.2171 27.1050 9.8068 5.2521 153.2157 6.3748 28.3763 25.4927 134.5602 6.6318 112.1199 3.4741 1.4241 1.8716 0.3939 3.0880 0.0667 0.0313 0.1033 0.1434 0.2181 0.1505 0.7434 0.7840
0.1859 0.6246 0.0452 2.4869 4.8742 2.7706 3.5355 0.7327 4.8794 0.0049 0.0037 0.0271 0.0165 0.0101 0.0747 3.5971 6.3487 52.4707 0.0092 8.0885 0.0031 0.0001 0.0025 0.0001 0.0000 0.0000 0.0000 0.0000 0.0005 0.0001 0.0000 0.0000 0.0000 0.0000 0.0000 0.0000 0.0000 0.0003 0.0235 0.0000 0.0000 0.0407 0.0049 0.0216 0.0106 0.0846 0.3527 0.0482 0.0346 0.0225 0.0107 0.0011 0.0020 0.0036 0.0289 0.0595 0.3391 0.0717 0.1145 0.1346 0.1720 9.9137 0.0749 0.5006 3.5999 71.9964 4.4110 1.0654 0.6645 0.2000
0.8637 0.6469 0.0265 0.5636 0.5232 0.0892 0.0182 0.0074 0.0520 0.0420 0.0665 0.1571 0.1006 0.1960 0.1066 0.1262 0.7569 5.1021 0.9327 9.0777 2.1293 4.1384 3.3671 0.0048 0.0030 0.0337 0.0712 0.0028 0.1211 83.3539 3.6488 64.8543 0.0196 1.3969 0.0188 0.0006 0.0028 0.0001 0.0000 0.0000 0.0000 0.0000 0.0034 0.0001 0.0002 0.0000 0.0000 0.0000 0.0000 0.0000 0.0000 0.0006 0.0043 0.0000 0.0000 0.0031 4.5307 2.9317 0.7516 2.3021 18.5359 37.3349 1.3540 2.5994 2.7209 0.3500 0.3092 0.1491 0.7321 9.1907
1.0509 5.4072 0.8568 12.5025 60.0067 75.6693 3.0948 11.1980 75.0296 32.1128 612.3487 343.0199 13.2989 7.3960 2.3949 0.9618 3.2470 8.7737 0.7549 2.2169 0.0830 0.1392 0.1197 0.0737 0.0959 0.3520 0.7521 0.0901 0.2298 3.2307 0.6189 4.4098 1.0644 0.8405 4.5633 7.2193 0.5720 0.0118 0.1866 0.7598 0.0754 0.3275 1.2287 19.7063 10.1479 113.2269 0.0697 11.0878 0.0711 0.0002 0.0086 0.0003 0.0000 0.0000 0.0000 0.0000 0.2333 0.0007 0.0011 0.0000 0.0000 0.0001 0.0000 0.0000 0.0000 0.0144 0.0521 0.0000 0.0000 0.0374
0.0248 0.3876 0.0099 0.3775 11.4153 0.5030 0.1189 0.1020 0.4747 0.0479 0.0443 0.0842 0.0703 1.6318 0.1022 0.1841 2.4338 4.3210 1.9343 42.0243 0.3140 4.7436 3.8595 1.2648 11.5979 43.9010 2.2770 0.0818 0.1542 0.5637 0.0612 0.2659 0.0523 0.0125 0.0168 0.0517 0.0043 0.0040 0.1331 0.1761 0.0178 0.2365 0.0521 0.0648 0.0907 0.6777 0.1063 0.1862 0.4685 0.0729 0.0498 0.0010 0.0014 0.0093 0.0549 0.0030 2.0060 4.6908 1.2556 5.4357 0.0065 15.1610 0.0049 0.0000 0.0039 0.0002 0.0000 0.0000 0.0000 0.0000
0.0077 0.0006 0.0001 0.0000 0.0000 0.0000 0.0000 0.0000 0.0000 0.0119 0.0451 0.0000 0.0000 0.0401 0.0668 0.3679 0.5956 3.6370 10.2585 7.7405 0.3363 1.2047 0.6808 0.0526 0.0439 0.1459 0.3776 0.5033 0.9365 6.5909 1.6880 13.8626 9.1008 4.5504 16.6373 49.1177 3.8920 0.3682 31.9128 16.9221 49.8666 126.5561 11.9608 2.5263 1.9923 6.8323 0.7396 0.3933 0.1692 0.0227 0.0401 0.0463 0.1389 0.3587 2.8994 0.5007 24.7964 3.4467 2.4940 11.0667 5.7750 150.0428 4.8989 2.2579 3.3817 0.0143 0.0103 0.0190 0.0684 0.0226
0.1676 2.6547 0.0565 3.7914 0.0100 0.5172 0.0032 0.0000 0.0017 0.0008 0.0000 0.0000 0.0000 0.0000 0.0011 0.0000 0.0004 0.0000 0.0000 0.0000 0.0000 0.0000 0.0000 0.0051 0.0086 0.0000 0.0000 0.0146 0.0115 0.5760 0.0298 0.2944 1.9001 0.1163 0.1825 1.1951 0.0658 0.0076 0.3610 0.3662 0.0448 3.8940 1.0582 0.6629 1.2260 10.6845 3.9782 0.7827 7.2955 0.3830 0.2630 0.0231 0.1793 0.1611 18.0878 74.2646 86.0244 6.2900 2.0644 2.4883 0.6037 4.6740 0.1382 0.0982 0.3807 0.5281 0.7984 0.3141 1.9498 2.8881
2.1840 5.9110 0.4275 34.9485 57.2630 6.9490 1.0993 0.2278 1.5171 0.0040 0.0030 0.0218 0.0133 0.0081 0.0075 0.0416 0.0734 0.6027 0.0001 0.1313 0.0001 0.0000 0.0000 0.0000 0.0000 0.0000 0.0000 0.0000 0.0000 0.0000 0.0000 0.0000 0.0000 0.0000 0.0000 0.0000 0.0000 0.0035 0.0189 0.0000 0.0000 0.4756 0.0541 0.2401 0.0902 0.9407 2.2761 0.5356 0.3871 0.2495 0.1190 0.0127 0.0553 0.1130 0.8223 0.8893 43.4982 3.9481 3.8192 12.7553 4.4277 3.8738 1.6931 0.4588 0.3965 0.0421 0.2874 0.0690 2.7318 4.6642
72.4637 31.5140 1.2911 21.1849 16.6438 2.8544 0.4040 0.0713 1.2294 1.3455 2.1289 5.9053 4.9008 7.3223 3.9835 6.1498 37.1032 105.3346 3.5009 9.3132 0.3620 0.3133 0.2533 0.0135 0.0083 0.0941 0.1973 0.0078 0.0416 0.3548 0.0251 0.2660 0.0003 0.0182 0.0013 0.0000 0.0000 0.0002 0.0000 0.0000 0.0000 0.0001 0.0003 0.0000 0.0001 0.0000 0.0000 0.0000 0.0000 0.0000 0.0000 0.0061 0.0119 0.0000 0.0000 0.0986 0.8399 0.4863 0.0950 0.3819 1.4562 6.9211 0.2510 0.4789 0.5044 0.0645 0.2447 0.1336 0.5940 3.9224
4.1765 8.5080 0.4631 29.9408 13.3259 0.3906 0.7311 0.1364 0.3402 0.0283 0.3099 0.2953 1.2828 9.6093 6.3309 27.2496 57.1745 97.8129 5.6332 16.3388 0.2438 0.3211 0.6764 0.5633 0.7290 3.6439 13.1625 1.1163 3.5548 63.9709 6.8576 11.7297 1.3000 0.2178 0.2273 0.3618 0.0285 0.0024 0.0373 0.1519 0.0151 0.0655 0.0274 0.0169 0.0087 0.0975 0.0001 0.0095 0.0004 0.0000 0.0000 0.0001 0.0000 0.0000 0.0000 0.0000 0.0013 0.0000 0.0000 0.0000 0.0000 0.0000 0.0000 0.0000 0.0000 0.0352 0.0104 0.0000 0.0000 0.3060
0.0330 0.3696 0.0046 0.3599 2.2389 0.6695 0.1582 0.1358 0.6318 0.0637 0.2531 0.5450 0.4097 4.9995 2.6865 1.9282 3.0076 23.9534 0.9944 0.4991 0.1717 0.1329 0.0405 0.0026 0.0230 0.0340 0.5084 0.1970 0.9433 22.8343 7.7219 19.7334 2.6001 0.6119 0.3217 0.7793 0.1599 0.1987 6.6127 12.1354 2.0738 18.2150 2.3444 2.4219 1.8519 3.3408 0.2391 0.0894 0.0430 0.0067 0.0046 0.0013 0.0018 0.0124 0.0731 0.0040 0.1036 0.0093 0.0025 0.0107 0.0000 0.0300 0.0001 0.0000 0.0000 0.0002 0.0000 0.0000 0.0000 0.0000
0.0000 0.0000 0.0000 0.0000 0.0000 0.0000 0.0000 0.0000 0.0000 0.0292 0.0092 0.0000 0.0000 0.3135 0.0201 0.0794 0.0824 0.7853 0.2903 2.3331 0.1020 0.3631 0.2052 0.0158 0.0515 0.1722 0.4429 0.3514 1.0986 7.1791 0.1695 2.1844 0.2075 0.0113 0.1037 0.1986 0.0044 0.0005 0.1282 0.0684 0.0362 1.4092 0.6434 1.1733 2.6607 21.5319 1.6391 0.8610 0.2085 0.0497 0.0884 0.1014 0.3039 0.9392 4.1445 0.9334 10.4975 1.5714 0.6246 0.4345 0.0601 0.3312 0.0080 0.0037 0.0056 0.0043 0.0031 0.0057 0.0206 0.0068
0.1306 0.2002 0.0054 0.2859 0.0013 0.0659 0.0012 0.0000 0.0002 0.0076 0.0000 0.0000 0.0000 0.0002 0.0004 0.0000 0.0004 0.0000 0.0000 0.0000 0.0000 0.0000 0.0000 0.3191 0.0824 0.0000 0.0000 0.9389 0.1926 4.0694 0.1462 2.0675 1.7485 1.9515 3.0424 20.0492 1.1035 0.1550 15.9715 19.0215 2.3287 150.3890 40.8700 10.7157 1.8378 24.9872 1.5229 0.2173 0.7873 0.1732 0.0284 0.0038 0.0806 0.0729 1.9519 1.0967 77.7099 16.2380 19.1406 53.4421 94.1612 590.9575 6.1164 4.3438 16.8429 21.6970 32.7983 14.6923 23.5777 62.0303
16.4694 45.6895 1.7816 10.7476 9.8537 1.1958 0.1892 0.0392 0.2611 0.1877 0.1415 0.8445 0.5146 0.3121 0.0473 0.0255 0.0566 0.3725 0.0002 0.1363 0.0005 0.0000 0.0000 0.0019 0.0000 0.0000 0.0000 0.0000 0.0001 0.0000 0.0000 0.0000 0.0000 0.0000 0.0000 0.0000 0.0000 0.3005 0.8933 0.0000 0.0000 35.9142 0.2536 0.4710 0.1237 1.8454 1.0077 2.5104 1.8029 1.1693 0.5576 0.1170 1.0666 2.1789 15.8570 7.9228 540.9789 14.7233 1.3207 6.8815 0.8155 1.7151 0.3138 0.2044 0.0735 0.0119 0.1273 0.0305 0.5031 1.7052
0.6889 3.4368 0.4049 14.0272 75.2417 28.8040 1.3412 0.4283 7.3841 7.2758 7.8979 13.3661 3.6265 17.6293 1.4578 1.4249 4.6067 3.3813 0.2909 0.6008 0.0176 0.0151 0.0122 0.0110 0.0068 0.0387 0.0812 0.0032 0.0028 0.0139 0.0010 0.0104 0.0000 0.0007 0.0001 0.0000 0.0000 0.0001 0.0000 0.0000 0.0000 0.0000 0.0000 0.0000 0.0000 0.0000 0.0000 0.0000 0.0000 0.0000 0.0000 0.0349 0.0096 0.0000 0.0000 0.2965 0.4564 0.0619 0.0087 0.0486 0.0513 1.8830 0.1364 0.3018 0.6589 0.1880 1.9648 0.4746 2.1103 0.8233
96.6959 64.0033 0.5703 37.0975 16.5112 1.0938 0.9002 0.3820 0.4189 0.0774 0.8677 0.8268 1.5895 13.5552 7.8442 7.9077 75.8215 321.5996 130.4207 616.2179 509.5858 201.2486 421.2859 112.6051 67.3341 78.3376 78.7886 49.1295 23.6340 65.0466 8.6024 10.2204 5.0815 0.8567 0.8940 1.4143 0.1121 0.5489 8.7036 6.6035 1.5752 10.5433 0.1085 0.0472 0.0243 0.2712 0.0002 0.0267 0.0015 0.0000 0.0000 0.0063 0.0000 0.0000 0.0008 0.0004 0.0080 0.0000 0.0001 0.0000 0.0000 0.0000 0.0000 0.0000 0.0000 20.8712 2.4308 0.0000 0.0000 20.3701
0.0542 0.1745 0.0038 0.1699 0.6734 0.5410 0.2602 0.2573 3.7773 0.7516 9.3011 7.8325 1.9133 1.7549 0.9547 0.2383 0.3032 1.4020 0.1148 0.1501 0.0185 0.0400 0.0028 0.0008 0.0069 0.0102 0.0299 0.0295 0.0549 0.9057 0.2775 1.9049 1.7783 0.6818 6.0294 92.6100 2.9966 1.2561 18.6083 7.6597 0.3667 25.0371 1.0471 0.2549 0.2450 0.3069 0.0992 0.0371 0.0178 0.0028 0.0019 0.0149 0.0212 0.0204 0.4398 0.0366 0.0440 0.0028 0.0007 0.0032 0.0000 0.0090 0.0000 0.0000 0.0000 0.0013 0.0000 0.0000 0.0000 0.0000
0.0001 0.0000 0.0000 0.0000 0.0000 0.0000 0.0000 0.0000 0.0000 10.2100 0.5406 0.0000 0.0000 3.2421 0.0932 0.1083 0.1249 1.0643 0.3934 5.4114 0.4725 1.9389 2.2852 0.3940 3.5242 5.2169 13.5000 0.6689 2.7273 6.1599 0.1463 1.8743 0.1780 0.0153 0.0895 0.2692 0.0038 0.0007 0.1738 0.0927 0.0313 3.3920 0.5521 0.8060 1.7943 12.9921 7.8316 6.7015 27.1341 6.5102 15.4690 4.2606 5.8653 4.1669 11.7863 10.0789 75.8677 2.6930 1.3452 0.6499 0.4032 2.2364 0.0543 0.0250 0.0377 0.1071 0.0771 0.0265 0.2296 0.1168
0.0065 0.0099 0.0003 0.0142 0.0001 0.0033 0.0001 0.0000 0.0000 0.0031 0.0000 0.0000 0.0000 0.0001 0.0000 0.0000 0.0000 0.0000 0.0000 0.0000 0.0000 0.0000 0.0000 1.4429 0.0748 0.0000 0.0000 0.5134 0.0202 0.4277 0.0155 0.2187 0.1838 0.2051 0.3198 2.1870 0.2419 0.0896 26.5511 7.9268 0.9704 15.9056 4.9517 1.1263 0.1932 2.6264 0.1611 0.0228 0.0828 0.0182 0.0030 0.0004 0.0085 0.0077 0.2077 0.2806 8.2188 1.7495 2.0244 5.6174 5.9275 74.7624 5.4487 4.0657 15.0044 45.3304 26.7978 2.7429 4.7698 24.9093
76.4251 65.5686 3.2936 19.6250 61.1274 5.5489 0.8778 0.1831 1.2114 0.9979 0.9515 1.0322 1.3118 1.2333 0.0578 0.0312 0.0692 0.4552 0.0002 0.1666 0.0006 0.0000 0.0001 0.0048 0.0000 0.0000 0.0002 0.0001 0.0001 0.0000 0.0000 0.0000 0.0000 0.0000 0.0000 0.0000 0.0000 6.2932 6.0050 0.0000 0.0000 166.6572 0.5964 1.1080 0.2910 4.3408 2.3704 5.9050 4.2409 2.7505 1.3117 0.4164 11.0479 5.7991 42.2040 18.6364 911.6022 34.8473 3.1067 16.2872 1.9182 4.0343 0.7380 0.4807 0.1750 0.0279 0.2993 0.0723 1.1982 9.8224
0.6492 3.3402 0.3863 13.3828 48.3451 9.9792 3.1922 1.0321 17.4663 35.2336 69.6297 22.6492 6.6181 63.8608 5.2806 1.5962 6.6072 4.8496 1.4002 2.1898 0.0637 0.0548 0.0446 0.0124 0.0096 0.0367 0.0770 0.0045 0.0027 0.0131 0.0009 0.0099 0.0000 0.0007 0.0001 0.0000 0.0000 0.0001 0.0000 0.0000 0.0000 0.0001 0.0000 0.0000 0.0000 0.0000 0.0000 0.0000 0.0000 0.0000 0.0000 0.1619 0.0137 0.0000 0.0000 1.0809 0.8590 0.2649 0.0332 0.2080 0.2195 7.0784 0.2567 0.4928 0.5159 0.0660 0.5317 0.1517 0.6747 4.4556
3.5836 4.3991 0.0392 2.5498 1.1349 0.0445 0.0619 0.0155 0.0288 0.0031 0.0353 0.0336 0.1086 0.9375 0.5392 1.1335 11.0719 46.6727 9.9566 28.8789 0.7514 0.9896 2.0844 1.7253 2.2467 14.6454 12.0135 3.3148 1.5946 9.3241 0.9632 1.1443 0.3450 0.0578 0.0603 0.0954 0.0076 0.0018 0.0288 0.1173 0.0116 0.0506 0.0044 0.0019 0.0010 0.0110 0.0000 0.0011 0.0001 0.0000 0.0000 0.0000 0.0000 0.0000 0.0000 0.0000 0.0002 0.0000 0.0000 0.0000 0.0000 0.0000 0.0000 0.0000 0.0000 0.1085 0.0081 0.0000 0.0000 0.9086
0.0303 0.3398 0.0043 0.3309 1.9351 0.6155 0.1464 0.1256 0.5809 0.0590 0.5162 0.5363 0.4032 4.9500 2.6599 1.7837 2.6156 20.8311 0.8594 0.4314 0.1484 0.1149 0.0350 0.0022 0.0199 0.0294 0.4394 0.3081 0.8153 19.8578 6.1590 18.2546 5.3029 1.2480 1.2549 3.0592 0.6237 0.7753 25.7973 49.4343 9.2108 74.6594 9.6092 5.5548 4.1694 5.2244 0.9043 0.3382 0.1636 0.0255 0.0174 0.0012 0.0017 0.0115 0.0676 0.0037 0.0896 0.0080 0.0021 0.0093 0.0000 0.0260 0.0001 0.0000 0.0000 0.0002 0.0000 0.0000 0.0000 0.0000
0.0000 0.0000 0.0000 0.0000 0.0000 0.0000 0.0000 0.0000 0.0000 0.0800 0.0059 0.0000 0.0000 0.8908 0.0097 0.0224 0.0253 0.2215 0.0819 1.1191 0.0489 0.1742 0.0990 0.0131 0.1122 0.1734 0.4486 0.1872 0.5853 2.0244 0.0511 0.6160 0.0626 0.0032 0.0313 0.0560 0.0017 0.0002 0.0362 0.0192 0.0143 1.5466 0.1942 0.3675 0.7835 5.0137 1.7988 0.9449 0.8688 0.2072 0.3682 0.4251 1.2665 1.8194 5.3738 6.9082 34.3778 1.2203 0.6133 0.2945 0.1838 1.0134 0.0246 0.0114 0.0171 0.0036 0.0026 0.0027 0.0099 0.0037
0.0051 0.0078 0.0002 0.0112 0.0000 0.0026 0.0000 0.0000 0.0000 0.0005 0.0000 0.0000 0.0000 0.0000 0.0000 0.0000 0.0000 0.0000 0.0000 0.0000 0.0000 0.0000 0.0000 0.1841 0.0094 0.0000 0.0000 0.5834 0.0069 0.2137 0.0111 0.1093 0.3339 0.0703 0.1096 0.7225 0.0398 0.0079 1.7387 0.9687 0.1186 5.4192 1.4819 0.6251 0.5510 5.6382 0.4566 0.0415 0.2360 0.0331 0.0111 0.0010 0.0154 0.0139 0.7632 1.0308 23.2969 6.4279 3.3116 3.9915 1.8523 14.2532 0.6659 0.4700 1.8336 2.5281 3.8453 1.4761 8.1979 13.8250
13.1805 9.9325 0.4958 2.9729 6.9266 0.8406 0.1330 0.0276 0.1835 0.0046 0.0034 0.0145 0.0088 0.0062 0.0030 0.0023 0.0052 0.0339 0.0000 0.0124 0.0000 0.0000 0.0000 0.0000 0.0000 0.0000 0.0000 0.0000 0.0000 0.0000 0.0000 0.0000 0.0000 0.0000 0.0000 0.0000 0.0000 0.0165 0.0217 0.0000 0.0000 2.5212 0.0075 0.0301 0.0113 0.1181 0.2330 0.0738 0.0530 0.0344 0.0164 0.0018 0.0173 0.0278 0.2024 0.2202 10.7719 0.8694 0.4794 2.2628 0.2960 0.3966 0.1139 0.0473 0.0267 0.0028 0.0294 0.0071 0.1826 1.2136
2.6570 22.6855 0.7580 11.2675 15.0574 2.5507 0.2387 0.0758 1.3060 1.4205 2.2615 7.2755 7.6353 10.0201 5.4849 13.6245 35.0499 25.7262 1.7832 3.7053 0.1077 0.0927 0.0754 0.0017 0.0011 0.0122 0.0255 0.0010 0.0049 0.0341 0.0024 0.0257 0.0000 0.0017 0.0002 0.0000 0.0000 0.0000 0.0000 0.0000 0.0000 0.0000 0.0000 0.0000 0.0000 0.0000 0.0000 0.0000 0.0000 0.0000 0.0000 0.0065 0.0015 0.0000 0.0000 0.1121 0.1870 0.1210 0.0235 0.0944 0.3601 1.5408 0.0559 0.1066 0.1123 0.0144 0.0545 0.0183 0.0812 0.5394
1.2787 2.6536 0.2550 10.5665 7.3368 0.2151 0.4025 0.0751 0.1873 0.0156 0.1717 0.1626 0.7063 8.6716 3.5072 5.8671 15.9563 29.0370 3.5528 10.3049 0.2269 0.2989 0.6295 0.5243 0.6785 2.6490 9.5689 1.0389 3.3085 46.5054 12.8267 10.5851 1.6890 0.2830 0.2953 0.4701 0.0370 0.0012 0.0185 0.0753 0.0075 0.0325 0.0151 0.0093 0.0048 0.0537 0.0000 0.0053 0.0002 0.0000 0.0000 0.0000 0.0000 0.0000 0.0000 0.0000 0.0007 0.0000 0.0000 0.0000 0.0000 0.0000 0.0000 0.0000 0.0000 0.0359 0.0052 0.0000 0.0000 0.2848
0.0801 1.2535 0.0245 1.2206 36.9127 1.6266 0.3844 0.3319 1.5351 0.1548 0.2967 0.6389 0.4803 5.8608 3.1492 2.4342 19.5123 98.9974 25.1064 8.2286 4.3350 2.1918 1.0228 0.0648 0.3787 0.5606 12.8373 15.1235 10.0930 57.2216 4.9721 14.6461 2.8654 0.6702 0.5296 1.2832 0.2632 0.3252 10.8878 15.3203 2.6181 31.3161 8.6697 10.7798 15.0062 376.0554 12.5894 4.7084 2.2633 0.3546 0.2420 0.0031 0.0044 0.0303 0.1787 0.0096 0.8091 0.1532 0.0410 0.1775 0.0002 0.4950 0.0005 0.0000 0.0001 0.0005 0.0000 0.0000 0.0000 0.0000
0.0001 0.0000 0.0000 0.0000 0.0000 0.0000 0.0000 0.0000 0.0000 0.0256 0.0110 0.0000 0.0000 0.2637 0.0029 0.0159 0.0256 0.1576 0.4445 0.3354 0.0146 0.0522 0.0295 0.0023 0.0245 0.0263 0.0681 0.0284 0.0889 0.5329 0.1365 1.1208 0.6503 0.0894 1.1527 0.9652 0.0760 0.0072 0.6233 0.3325 0.6243 67.7346 0.8547 0.6247 0.3945 1.2254 0.2733 0.1435 0.1320 0.0317 0.0559 0.0853 0.2556 0.2781 2.5123 0.6981 34.5705 1.9989 1.4554 4.5696 18.3081 44.6585 1.0840 0.4996 0.7529 0.0006 0.0004 0.0008 0.0029 0.0010
0.6563 10.4566 0.2212 14.9341 0.0395 2.0247 0.0126 0.0001 0.0067 0.0069 0.0000 0.0000 0.0000 0.0002 0.0042 0.0001 0.0014 0.0001 0.0000 0.0000 0.0000 0.0000 0.0000 2.0533 0.0743 0.0000 0.0000 4.0687 0.2367 11.8767 0.6143 6.0715 39.1800 2.3987 3.7628 24.6438 1.3564 0.1564 14.1509 7.8838 0.9651 72.7391 12.0602 7.2796 13.5471 117.3368 49.7393 55.8540 93.4967 27.3347 18.6516 1.6386 12.7168 11.4246 1282.8773 369.9126 1075.5583 88.9840 29.2048 34.9847 15.1683 116.7194 5.4192 3.8487 15.0154 20.7028 31.4893 12.0875 66.7195 113.2129
6.0579 8.4664 0.6123 23.8542 158.8328 156.4442 16.8743 3.4973 23.1450 0.0058 0.0043 0.0316 0.0193 0.0117 0.0372 0.2074 0.3660 3.0062 0.0007 0.6549 0.0007 0.0000 0.0002 0.0001 0.0000 0.0000 0.0000 0.0000 0.0002 0.0000 0.0000 0.0000 0.0000 0.0000 0.0000 0.0000 0.0000 0.0096 0.0274 0.0000 0.0000 1.3193 0.0097 0.0432 0.0213 0.1691 0.7046 0.0963 0.0692 0.0449 0.0214 0.0023 0.0084 0.0079 0.0578 0.1188 2.0980 0.1904 0.2287 0.6152 0.5039 34.7443 0.7050 1.0001 5.4803 0.5786 1.4694 0.3549 6.2570 8.1911
0.9643 1.4424 0.0473 0.7033 1.1452 0.1928 0.0587 0.0186 0.3212 0.3494 0.5562 0.8422 0.7860 2.4643 1.3489 0.6642 3.9828 18.9970 11.7980 135.6684 48.4328 28.2263 22.8239 0.0012 0.0007 0.0080 0.0169 0.0007 0.0287 2.2589 0.1274 1.7041 0.0007 0.0488 0.0018 0.0001 0.0001 0.0000 0.0000 0.0000 0.0000 0.0000 0.0004 0.0000 0.0000 0.0000 0.0000 0.0000 0.0000 0.0000 0.0000 0.0018 0.0010 0.0000 0.0000 0.0276 0.0501 0.0324 0.0083 0.0255 0.2051 0.4132 0.0151 0.0288 0.0301 0.0039 0.0072 0.0018 0.0081 0.1023
0.0838 0.1839 0.0221 0.7367 2.2665 3.4188 0.4521 0.2902 6.9829 1.3143 1.5460 1.4731 4.3907 10.6207 0.4563 0.2405 0.6500 1.1902 0.1797 0.5211 0.0290 0.0384 0.0804 0.0670 0.0867 0.2039 0.6590 0.1335 0.4226 1.8945 0.3629 2.8195 3.9814 3.7148 32.2495 335.6688 16.2272 0.0003 0.0048 0.0196 0.0019 0.0084 0.0316 0.6261 0.3012 3.2994 0.0004 0.0673 0.0009 0.0000 0.0001 0.0000 0.0000 0.0000 0.0000 0.0000 0.0034 0.0000 0.0000 0.0000 0.0000 0.0000 0.0000 0.0000 0.0000 0.0047 0.0013 0.0000 0.0000 0.0364
0.0094 0.1465 0.0037 0.1427 4.3143 0.1901 0.0449 0.0388 0.1794 0.0181 0.0355 0.0351 0.0266 0.6167 0.1196 0.0924 0.9198 3.7596 1.0788 27.8631 0.6773 1.7928 5.3038 0.7597 0.7309 1.0753 11.0321 1.7351 0.4310 2.0683 0.1797 0.5294 0.1840 0.0430 0.0864 0.2094 0.0429 0.0531 1.7764 1.5062 0.2289 5.1092 1.4145 0.5610 0.7809 6.3585 5.8336 12.0743 48.2879 30.3660 48.2941 0.0004 0.0005 0.0035 0.0209 0.0011 0.7628 2.1871 0.5470 2.3245 0.0006 1.3420 0.0009 0.0000 0.0003 0.0001 0.0000 0.0000 0.0000 0.0000
0.0041 0.0003 0.0000 0.0000 0.0000 0.0000 0.0000 0.0000 0.0000 0.1416 0.0425 0.0000 0.0000 1.4208 3.3618 1.1859 7.4710 11.7224 3.4908 48.0160 4.2442 17.4176 31.2441 90.0571 10.5441 24.5012 8.8934 3.1223 1.4384 10.9696 0.9128 2.7056 1.2724 0.1358 0.6014 2.3883 0.0163 0.0065 1.5422 0.8177 0.0731 0.9949 0.5744 0.2530 0.5738 4.1549 1.1014 0.9425 3.1903 1.3100 0.7025 0.2963 0.3931 0.3279 0.8938 0.6390 4.8097 0.3389 0.2249 0.3067 0.0291 0.3429 0.0185 0.0085 0.0127 1425.3384 366.0057 0.9495 14.4330 443.7093
0.1368 0.0542 0.0015 0.0775 0.0003 0.0179 0.0012 0.0000 0.0001 1.5276 0.0000 0.0010 0.0425 0.2599 0.0012 0.0000 0.0080 0.0007 0.0000 0.0000 0.0000 0.0000 0.0000 0.2440 1.6328 0.0000 0.0000 0.0201 0.3187 1.5484 0.2099 0.7916 0.6694 0.7471 2.3699 17.8908 3.1255 16.9001 51.1869 33.9016 0.5822 22.5165 0.9018 0.6083 0.3678 1.1499 0.3513 0.0832 0.1697 0.0663 0.0039 0.0015 0.0309 0.0279 0.1472 0.0250 2.5936 0.1666 0.1963 0.5482 0.2808 3.5420 0.6054 0.7359 0.8662 0.5552 0.3737 0.0659 0.1097 0.4789
0.0055 0.0094 0.0006 0.0105 0.0037 0.0010 0.0003 0.0001 0.0005 14.5549 66.2197 0.0598 0.1729 13.5387 0.0016 0.0004 0.0009 0.0061 0.0000 0.0022 0.0000 0.0000 0.0000 0.0098 0.0000 0.0000 0.0067 0.0027 0.0000 0.0000 0.0000 0.0000 0.0000 0.0000 0.0000 0.0000 0.0000 0.0038 0.6534 0.0000 0.0000 0.0119 17.3751 0.5897 0.3457 2.3102 0.1374 0.5081 1.4738 0.3243 0.1547 0.0188 0.0288 0.0520 0.4129 0.4250 2.4227 0.3013 0.0947 0.1135 0.0670 0.2352 0.0242 0.0279 0.0036 0.0016 0.0175 0.0042 0.0136 0.0141
0.2185 0.3412 0.0402 1.3927 2.1854 0.3748 0.1525 0.0628 0.4364 0.1767 0.2795 0.5800 0.1633 0.7650 0.0633 0.0654 0.3595 0.7448 0.0248 0.1093 0.0070 0.0061 0.0049 0.1651 0.0542 127.2996 10.7555 0.1512 0.1417 0.0508 0.0036 0.0381 0.0000 0.0026 0.0044 0.0001 0.0000 0.0126 0.0000 0.0002 0.0000 0.0017 0.0012 0.0000 0.0003 0.0000 0.0000 0.0000 0.0000 0.0000 0.0000 0.0051 0.0364 0.0000 0.0000 0.0129 79.3207 3.3060 2.9331 2.5961 0.4919 18.0633 2.4719 2.9313 9.7395 1.5650 1.1067 0.5339 0.9284 4.4466
2.4830 7.4642 0.2345 3.5069 7.7769 0.5938 0.3986 0.2074 0.1189 0.0420 0.4711 0.4489 0.2448 0.4682 0.5345 0.2923 2.8554 12.1115 1.7836 5.2053 0.9420 2.4324 1.3577 0.3629 0.2252 0.7260 0.7036 0.2130 0.1025 0.9699 0.1694 0.5680 0.0432 0.0155 0.0358 0.0567 0.0045 0.9460 8.9828 64.9538 116.7772 51.2858 1.1927 0.0256 0.0132 0.1473 0.0001 0.0145 0.0158 0.0000 0.0000 0.1389 0.0000 0.0002 0.0038 0.0021 0.1525 0.0002 0.0027 0.0001 0.0000 0.0001 0.0000 0.0000 0.0000 0.2523 0.9110 0.0000 0.0000 0.0883
0.8886 0.8952 0.0751 0.8664 1.7298 1.3982 0.6724 0.6650 9.7627 12.2398 1.9103 3.5467 0.7946 4.5357 0.2840 0.3008 0.7836 1.4259 0.2949 0.3880 0.0479 0.1027 0.0072 0.0019 0.0179 0.0263 0.0496 0.0061 0.0405 0.2028 0.0633 0.4346 0.1455 0.0347 0.3469 1.6479 0.0896 0.0357 0.5495 0.4300 0.0197 0.7532 0.0315 0.0229 0.0292 0.1033 0.0051 0.0041 0.0043 0.0007 0.0005 8.4238 9.8758 0.3339 10.1848 241.6483 0.7773 0.0072 0.0019 0.0083 0.0000 0.0233 0.0004 0.0000 0.0000 0.4554 0.0000 0.0001 0.0208 0.0693
0.0004 0.0000 0.0001 0.0001 0.0000 0.0000 0.0000 0.0000 0.0000 0.0520 0.2659 0.0000 0.0000 0.0174 0.2733 2.5462 33.6608 25.1687 1.0193 2.3093 0.1375 0.3572 0.2031 0.0173 0.0118 0.0349 0.0996 0.1502 0.0547 0.8974 0.2682 0.7708 0.3739 0.3199 0.1767 2.3987 0.0386 0.0154 3.6550 1.9381 0.0734 0.2923 0.1677 0.0665 0.0525 0.3399 0.0432 0.0230 0.0142 0.0043 0.0031 0.0027 0.0080 0.0180 0.0763 0.0178 0.5006 0.0908 0.0661 0.0901 0.0133 0.3444 0.0435 0.0202 0.0302 0.0165 0.0064 0.0772 0.4106 0.0460
389.2557 0.6768 0.0181 0.9666 0.0072 0.2215 0.2141 0.0006 0.0027 0.0716 0.0000 0.0006 0.0003 0.0007 0.3413 0.0089 0.1160 0.0041 0.0002 0.0017 0.0000 0.0000 0.0001 0.0031 0.0096 0.0000 0.0000 0.0029 0.0181 0.9082 0.0616 0.4643 2.9961 0.1834 0.2860 1.8845 0.1037 0.0120 0.2324 0.2477 0.0335 5.5281 0.1751 0.2556 0.7797 2.3778 1.5725 6.1491 0.7642 2.0774 4.2299 2.4752 13.7615 12.3631 7.8438 0.3866 6.7407 0.3179 0.1295 0.2304 0.0566 0.4435 0.0139 0.0125 0.0198 0.0203 0.0309 0.0185 0.0680 0.0683
0.0344 0.1508 0.0109 0.3921 0.7544 0.4262 0.5438 0.3201 2.1185 0.0052 0.0039 0.0284 0.0173 0.0106 0.0784 84.9584 35.3370 392.8484 0.0372 32.6532 0.0123 0.0002 0.0100 0.0001 0.0000 0.0000 0.0000 0.0000 0.0020 0.0005 0.0002 0.0000 0.0000 0.0000 0.0000 0.0000 0.0000 0.0003 0.0247 0.0000 0.0000 0.0142 0.0054 0.0238 0.0192 0.0934 0.3892 0.0532 0.0382 0.0248 0.0118 0.0013 0.0022 0.0040 0.0319 0.0656 0.3742 0.0797 0.1263 0.1485 0.1898 10.9386 0.0686 0.5524 1.9643 1.0723 4.8972 1.1756 0.3626 0.1091
