2.3748 1.2892 0.7776 1.2605 1.0143 1.1683 1.2225 1.0118 1.1910 0.7812 0.7425 0.8369 0.8420 1.2538 0.8057 0.8274 0.8995 0.9464 0.7773 0.7442 0.5815 0.6507 0.3799 0.3017 0.4769 0.4948 0.5393 0.3880 0.5673 0.6812 0.6157 0.8188 0.6999 0.5668 0.6409 0.7418 0.5287 0.4550 0.7415 0.7871 0.5019 0.8045 0.5001 0.4972 0.5186 0.6011 0.3584 0.3505 0.3468 0.2573 0.2419 0.5347 0.4793 1.8529 1.3879 0.6682 0.9424 0.3738 0.2977 0.3845 0.1026 0.4201 0.2635 0.1011 0.0975 0.4540 0.0434 0.0952 0.1319 0.1591
0.7452 0.3940 0.4532 0.3276 0.1832 0.1754 0.0486 0.0452 0.1494 1.4916 1.9406 0.0976 0.0238 1.5368 3.7008 7.4036 5.2319 8.5221 4.1512 5.3793 3.3950 4.2164 3.7634 2.3163 2.2069 2.6361 3.1288 3.7388 3.0294 4.6357 3.4316 3.8229 3.5189 2.4206 3.0301 3.6740 1.5806 1.3216 3.2069 2.9059 2.1218 2.8351 3.0014 2.5637 2.8757 3.8462 2.7859 2.5077 2.2245 1.8904 1.7971 1.7630 2.0910 2.4427 2.8935 2.3371 3.1072 2.5985 2.5367 2.5903 1.6843 2.3502 1.5676 1.3435 1.3988 1.8164 1.6198 3.1372 3.3923 2.0751
0.2177 0.1182 0.0695 0.1249 0.0427 0.0982 0.0877 0.0303 0.0355 0.0857 0.0154 0.0311 0.0282 0.0311 0.0669 0.0323 0.0609 0.0334 0.0141 0.0197 0.0044 0.0049 0.0123 0.0815 0.1032 0.0084 0.0024 0.0820 0.1772 0.3101 0.4194 0.2785 0.1833 0.1718 0.1854 0.2157 0.1557 0.1058 0.1474 0.1539 0.1114 0.2475 0.1454 0.1589 0.1669 0.1875 0.1629 0.1316 0.1408 0.1258 0.0759 0.0629 0.1110 0.1080 0.1276 0.0957 0.2009 0.1332 0.1251 0.1477 0.1186 0.1524 0.0916 0.0980 0.0946 0.0948 0.1027 0.0992 0.1101 0.1148
2.6901 3.4216 2.4634 3.5089 2.7157 2.2882 2.0670 1.5926 2.0190 3.1656 2.6206 5.4721 5.8259 3.8205 6.5877 2.1442 2.4914 3.0747 1.0419 2.8430 2.6350 1.0975 0.9759 2.5393 0.3981 0.9535 1.0159 0.7802 2.0869 1.2389 1.6820 0.9839 0.4483 0.4489 0.1593 0.1933 0.3574 1.5159 2.9451 0.3125 0.0607 2.3167 5.2233 8.8124 5.9216 13.2873 5.3070 5.4917 5.0143 4.9727 4.3405 2.7888 2.9617 3.3193 4.5144 5.6235 6.5448 5.6478 4.9739 4.9284 4.6706 5.0889 3.8826 4.0021 2.5374 2.1525 3.4722 2.8381 3.3214 3.1612
6.5162 6.5700 4.9925 8.2060 7.7062 5.9840 4.5799 4.0463 5.1879 5.0538 5.5081 6.4873 5.6994 6.3335 4.6494 5.1549 6.6393 7.1725 4.0621 4.9809 3.4023 3.1655 3.0389 3.6850 3.2195 7.9268 7.9815 3.6908 7.0333 4.4459 2.9728 4.3220 1.2067 2.8957 3.3156 1.4964 0.9792 2.4019 0.6449 1.2075 0.8609 1.2280 2.4145 1.1358 1.7637 1.0389 0.4617 0.5132 0.1646 0.1473 0.3614 2.5081 3.5466 0.2715 0.0891 3.1580 8.2203 8.9040 6.6522 8.4625 16.2636 13.2251 8.1504 9.3243 9.0262 5.9489 5.7778 5.4359 6.9288 10.9527
2.1954 2.8851 2.4363 3.3630 4.4162 2.9091 2.8407 2.6357 2.0322 1.6709 2.7116 2.6553 2.4592 2.5376 2.6345 2.2214 2.5458 2.8991 1.9922 2.2485 1.3769 1.4653 1.4245 1.3387 1.4227 1.7757 1.9868 1.4205 1.7095 2.5351 2.0749 2.7802 1.7558 1.5448 1.6928 1.7044 1.2057 0.9757 1.3659 1.8733 1.3974 1.4800 1.5014 1.6321 1.4169 2.0745 0.5077 1.4584 0.6372 0.2116 0.3649 0.4760 0.0875 0.1598 0.2296 0.2181 0.6837 0.2493 0.3476 0.1806 0.0894 0.1419 0.0307 0.0317 0.0863 0.9387 1.2140 0.0499 0.0157 1.0792
0.6570 0.8378 0.4651 0.8191 1.0333 1.4261 0.9388 0.8921 1.0501 0.6708 0.6555 0.7388 0.7452 1.2772 0.8218 0.8429 0.9163 0.9641 0.7919 0.7582 0.5924 0.6629 0.3875 0.3074 0.4858 0.5041 0.5494 0.3952 0.5779 0.6939 0.6280 0.8341 0.7129 0.5781 0.5672 0.6541 0.4679 0.4635 0.7554 0.8028 0.5112 0.8195 0.5094 0.5065 0.5283 0.6123 0.3651 0.3570 0.3532 0.2621 0.2464 0.3563 0.3630 0.5783 0.6816 0.4052 0.5637 0.3808 0.3033 0.3917 0.1045 0.4280 0.1576 0.0605 0.0925 0.2230 0.0259 0.0570 0.0775 0.0934
0.0610 0.0323 0.0371 0.0268 0.0150 0.0144 0.0040 0.0037 0.0122 0.1803 0.2345 0.0080 0.0019 0.2143 0.3346 0.2800 0.2969 0.3715 0.3429 0.5741 0.5680 0.4797 0.4282 0.2639 0.2511 0.2999 0.3551 0.3687 0.2987 0.4098 0.2835 0.3174 0.2907 0.1999 0.2503 0.3035 0.1306 0.1092 0.2649 0.2400 0.1753 0.2342 0.2479 0.2166 0.2542 0.3400 0.2744 0.2473 0.2522 0.2151 0.2040 0.1736 0.2059 0.2346 0.2558 0.2302 0.2834 0.2187 0.2095 0.2140 0.1391 0.1941 0.1295 0.1110 0.1156 0.1978 0.1843 0.2833 0.3091 0.2056
1.4708 1.4174 0.8337 1.4980 0.4760 1.1779 0.5927 0.2044 0.3570 1.0917 0.1041 0.2739 0.3192 0.4170 0.4734 0.2182 0.4489 0.2464 0.1007 0.1403 0.0311 0.0349 0.0875 1.3455 1.7048 0.0569 0.0163 1.1723 2.4330 3.3884 1.9758 3.0434 3.1366 3.4815 4.0673 6.1053 3.7007 2.4010 3.5034 3.6585 2.8986 5.4296 3.1896 3.1835 2.8556 3.2238 2.7873 2.1311 2.4059 2.1525 1.2290 1.0189 1.7972 1.7477 2.1825 1.6369 3.4374 2.3279 2.5063 2.9607 2.6055 3.3423 2.3709 2.3300 2.4504 2.0944 2.2548 2.1563 2.2062 2.5192
2.3416 2.7484 1.9418 2.7659 2.1380 1.8037 1.5418 1.1879 1.5059 2.5684 2.4077 3.4625 3.3761 2.7616 1.7858 1.5993 1.6828 2.2963 0.5339 1.9203 0.7242 0.3013 0.4253 1.1390 0.1093 0.2858 0.4585 0.4177 0.5194 0.3358 0.4057 0.2370 0.1106 0.1107 0.0393 0.0478 0.0882 1.6604 3.2260 0.0858 0.0164 2.3446 2.7548 2.7914 2.3192 3.2781 3.1854 3.9299 4.1457 4.2319 4.9805 3.0015 3.1876 3.5680 3.9346 4.0242 4.6894 3.6278 2.9855 2.9731 2.8034 3.0546 2.3305 2.4022 1.5230 1.2920 2.0841 1.7035 1.9936 1.8975
2.9429 3.0312 2.4130 3.9661 4.1545 3.2260 3.3967 3.2726 3.8429 3.1597 2.9695 3.4064 2.7546 3.4102 2.3188 2.3723 2.9985 3.2393 1.8345 2.2495 1.5366 1.4278 1.3724 2.8558 2.6072 3.1456 4.5588 2.6000 1.6762 2.0079 1.3426 1.9519 0.5060 1.3078 0.7902 0.3562 0.3700 1.3212 0.1537 0.4444 0.4771 0.8073 0.6878 0.2783 0.5230 0.3081 0.1325 0.1475 0.0472 0.0423 0.1038 2.0310 2.8720 0.0647 0.0219 1.7004 2.9876 2.2853 1.8248 2.1720 2.3018 4.0519 2.8851 3.3930 4.1540 6.7281 3.9842 3.4029 2.8515 3.3557
2.0413 2.2929 1.3934 1.9306 2.1670 1.4292 1.3939 1.2933 0.9971 0.8209 1.3322 1.3029 1.2082 1.2467 1.4438 1.2979 1.8460 2.3041 1.8385 2.2857 1.9745 2.2375 2.0454 1.7471 1.5732 1.5312 1.4589 1.4064 1.2058 1.4756 1.1867 1.3642 0.8615 0.7590 0.8317 0.8374 0.5916 2.7121 3.9772 1.9674 1.9468 3.2857 0.9411 0.8018 0.6961 1.0179 0.2491 0.7165 0.3939 0.1310 0.1793 0.7053 0.0541 0.1749 0.6439 0.6123 0.5128 0.1610 0.2777 0.1443 0.0677 0.1073 0.0232 0.0240 0.0653 1.6009 2.4222 0.0309 0.0101 1.0685
1.1034 1.3180 0.7419 1.2887 1.6276 1.7300 1.5766 1.6691 2.4849 2.3784 4.0996 3.3295 2.2106 2.0119 1.9010 1.4334 1.4434 1.7112 1.2458 1.1943 0.9319 1.0442 0.6096 0.4842 0.7652 0.7931 0.8829 0.7470 1.0962 1.4702 1.3289 1.7672 1.6369 1.4621 2.3885 3.0073 1.9729 1.8704 2.5824 1.9801 1.2720 2.3618 1.4681 1.1356 1.1192 1.1172 0.9868 0.7698 0.6478 0.4806 0.4518 1.2043 1.2870 0.9700 1.6128 1.1134 0.8879 0.5998 0.4778 0.6162 0.1645 0.6741 0.2480 0.0951 0.1456 0.5276 0.0409 0.1064 0.2646 0.3193
0.7511 0.3587 0.4568 0.3302 0.1844 0.1768 0.0490 0.0455 0.1506 6.5262 5.7095 0.0865 0.0216 4.2408 3.6698 3.8212 3.8478 5.0691 4.6850 7.2379 5.2776 6.7381 7.6063 6.3760 8.4948 11.5477 8.1190 5.0306 6.1382 6.1982 3.8679 5.0099 3.9714 2.7318 3.4154 4.1464 1.7816 1.4916 3.6147 3.2795 2.4991 3.7956 4.1829 4.0766 4.7840 6.3987 5.6023 5.5619 6.9514 6.2899 5.6227 4.6910 4.7497 4.5101 4.8807 5.0422 6.2094 4.1526 3.5709 3.4722 2.6547 3.1742 1.8051 1.5451 1.6107 4.7789 4.4530 3.1071 4.8418 4.2204
0.3139 0.3226 0.1897 0.3409 0.1084 0.2684 0.1263 0.0436 0.0812 0.2852 0.0222 0.0693 0.1239 0.1620 0.1151 0.0479 0.1092 0.0599 0.0245 0.0341 0.0076 0.0085 0.0212 0.6562 0.6870 0.0121 0.0036 0.4283 0.5285 0.7398 0.4309 0.6636 0.6840 0.7592 0.8847 1.2239 0.8264 0.5921 1.2112 1.2954 1.4388 1.3009 1.0265 0.7532 0.6227 0.7960 0.6078 0.4647 0.5253 0.4694 0.2683 0.2222 0.3919 0.3811 0.4874 0.4155 0.9072 0.6862 0.7388 0.8716 0.8323 1.1775 0.9933 0.8250 1.0279 0.8786 0.8136 0.6493 0.6585 0.8633
0.9427 0.9589 0.6089 0.8248 0.7506 0.5426 0.3949 0.3043 0.3858 0.7441 0.6975 0.8847 0.8857 0.7920 0.4574 0.4097 0.4311 0.5882 0.1368 0.4919 0.1855 0.0772 0.1089 0.2988 0.0280 0.0750 0.1315 0.1198 0.1330 0.0861 0.1039 0.0608 0.0283 0.0284 0.0101 0.0122 0.0226 0.6906 0.9346 0.0220 0.0042 0.9439 0.9720 1.1365 0.8605 1.3347 1.2970 1.6001 1.4628 1.4489 1.2662 0.8136 0.8640 0.9671 1.4452 2.1762 2.3108 1.4771 1.2171 1.2105 1.1414 1.2437 0.9489 0.9781 0.6201 0.5260 0.8496 0.6936 0.8127 0.7892
5.4127 6.2266 4.9504 8.1470 8.7072 6.7613 4.8053 3.7727 5.5120 5.7103 6.2236 7.1392 5.7371 7.1562 4.8660 4.9162 5.5847 5.7304 3.3531 3.8954 2.6608 2.4756 2.3766 3.2922 3.0056 4.7146 5.2554 2.9973 2.9027 3.4813 2.3278 3.3801 0.8763 2.2646 1.3684 0.6176 0.6415 1.5231 0.2661 0.5986 0.5501 0.9307 0.9965 0.4688 0.7343 0.4326 0.1905 0.2121 0.0679 0.0608 0.1493 2.3414 3.3109 0.1121 0.0368 3.5637 5.3184 4.8259 3.3521 4.5866 4.8607 8.5564 5.2731 6.0250 5.8398 4.0319 5.4896 5.2894 6.6080 8.5765
23.7807 20.0358 9.4357 17.6284 14.2746 8.4830 9.2981 7.6762 7.2810 4.8724 7.9070 7.7333 9.9773 11.6878 14.0901 14.1287 20.0954 25.0819 20.7300 23.6926 13.4557 11.9507 13.9382 13.5670 14.0963 17.0287 16.1026 14.0043 12.0070 16.2252 11.7129 12.8052 8.3554 6.3071 6.2038 6.2464 4.4186 5.3782 7.5289 9.8441 7.3431 7.7777 5.4609 4.7592 4.1318 6.0417 1.4787 4.2527 2.3175 0.7708 1.0640 2.5014 0.3181 0.7680 1.2190 1.1592 2.4342 0.8876 1.2756 0.6628 0.3184 0.5051 0.1092 0.1127 0.3071 7.6561 6.6914 0.1815 0.0558 10.6261
1.3950 2.1476 1.0824 2.0998 2.6521 2.5272 1.9959 2.0527 2.4165 1.5437 1.6284 1.8821 1.8607 2.9426 2.7839 3.5886 2.5616 3.7642 2.0530 1.9460 1.5358 1.7014 1.0289 0.7889 1.2468 1.2939 1.6518 1.3508 2.0508 2.7093 2.4488 3.2565 2.4183 1.9585 1.7843 1.7410 1.4925 1.5723 2.5623 2.8852 1.9960 2.8721 1.9058 1.9777 1.8771 2.0900 1.2461 1.0734 0.9594 0.7119 0.6691 0.8198 0.8353 1.2279 1.5684 0.9325 1.4468 0.9773 0.7784 1.0041 0.2683 1.0984 0.4040 0.1550 0.2373 0.5131 0.0666 0.1325 0.1783 0.2149
1.3616 0.7551 0.7954 0.5751 0.3317 0.3181 0.0880 0.0819 0.2710 4.4310 4.9273 0.1873 0.0456 6.6370 4.9586 7.1208 7.0190 9.4344 11.3222 11.2991 7.1310 8.8452 7.9050 4.8653 4.6297 5.5300 6.5720 7.8532 7.2510 10.6051 14.2009 13.0386 11.1307 6.6020 9.5844 10.0207 4.3110 3.6047 8.7466 7.9256 6.1236 9.2887 10.2367 8.7440 8.2680 9.5116 6.6680 6.0098 4.9380 3.9656 4.0497 4.2196 5.0049 6.0406 8.2258 5.8599 10.5976 8.8625 8.6408 8.4974 5.5251 6.7828 4.2757 3.6644 3.8153 3.6466 3.3980 4.1983 5.0256 3.7916
0.3827 0.4224 0.2484 0.4464 0.1418 0.3510 0.1542 0.0533 0.1064 0.1602 0.0271 0.0499 0.0531 0.0695 0.1176 0.0568 0.1071 0.0587 0.0248 0.0346 0.0077 0.0086 0.0215 0.2239 0.2837 0.0148 0.0042 0.2571 0.3250 0.6218 0.3895 0.5578 0.7465 0.5372 0.5432 0.7310 0.4802 0.3119 0.5128 0.5492 0.4275 0.8379 0.7572 0.8335 0.8498 1.3792 0.7693 0.5072 0.6649 0.5123 0.3388 0.2425 0.4277 0.4159 0.6804 0.5800 1.2649 0.9178 0.7972 0.8090 0.6185 0.7934 0.4406 0.3655 0.4617 0.4935 0.5353 0.5430 0.6930 0.6179
1.5453 2.0384 1.3696 1.8741 1.4504 1.0765 0.8312 0.6404 0.8119 0.6388 0.5989 0.8865 0.8397 0.6869 0.7584 0.7287 0.7667 1.0462 0.2432 0.8749 0.3076 0.1281 0.1940 0.2833 0.0464 0.0909 0.1140 0.1039 0.2206 0.1428 0.1708 0.0999 0.0470 0.0471 0.0167 0.0203 0.0375 0.5043 0.8024 0.0364 0.0070 1.0656 0.8098 1.1302 0.9203 1.3273 1.9520 1.3346 1.2186 1.2085 1.0549 0.6778 0.7207 0.8067 1.0971 1.3667 1.7653 1.3882 1.8226 1.8059 2.4851 1.8718 1.8920 1.4721 0.9863 0.7917 1.2771 1.0439 1.4620 1.5405
2.4222 2.1486 1.3781 1.9482 1.7708 1.3751 0.9773 0.8378 1.1210 1.1613 1.2657 1.5402 1.5536 1.5246 1.5205 1.6858 2.1712 2.9777 1.6864 1.8655 1.1525 1.0709 1.0294 0.7311 0.6674 1.0469 1.1670 0.6647 0.9312 1.3932 0.9315 1.3543 0.3511 0.9074 0.4385 0.1979 0.2567 0.3382 0.0854 0.1455 0.1220 0.2067 0.3266 0.1536 0.2335 0.1374 0.0625 0.0694 0.0223 0.0199 0.0489 0.5199 0.7352 0.0360 0.0121 0.7248 1.1751 1.2728 1.0049 1.2097 1.9402 1.8905 1.1651 1.3329 1.2903 0.8504 0.8259 0.7770 0.9904 1.5657
0.8670 1.1393 0.9621 1.3281 1.7440 2.5987 1.1218 1.5459 1.5891 1.1670 1.8938 1.8545 1.5928 1.2802 1.0391 0.8773 1.0053 1.1449 0.7867 0.8880 0.5438 0.5787 0.5626 0.5287 0.5618 0.7012 0.7846 0.5610 0.6751 1.0011 0.8194 1.0979 0.9684 1.0018 1.3254 1.3345 0.9440 0.3853 0.5394 0.7398 0.5518 0.5845 0.9064 1.1398 0.9896 1.4488 0.3546 1.0185 0.4439 0.1474 0.2548 0.1880 0.0609 0.0639 0.0906 0.0861 0.4769 0.1741 0.1988 0.0767 0.0625 0.0989 0.0214 0.0221 0.0602 0.3707 0.4794 0.0348 0.0110 0.4262
0.4360 0.7183 0.3962 0.7023 1.3407 0.7898 0.6230 0.6415 0.7552 0.4818 0.4708 0.5313 0.5359 0.9185 0.6633 0.6821 1.1845 1.2401 1.3613 0.9838 1.4842 0.8601 0.6996 0.4141 0.6303 0.6541 1.1231 0.8901 0.8996 0.9315 0.6792 0.7750 0.5755 0.4666 0.4246 0.4704 0.3556 0.3742 0.6098 0.6866 0.5460 0.6930 0.6326 0.6817 0.7244 1.0659 0.8211 0.7299 0.6523 0.4840 0.4550 0.2559 0.2611 0.3833 0.4895 0.2910 0.5856 0.4941 0.3935 0.5076 0.1355 0.5553 0.1635 0.0627 0.1200 0.1601 0.0269 0.0414 0.0557 0.0672
0.1719 0.0955 0.0983 0.0711 0.0419 0.0402 0.0111 0.0103 0.0342 0.3609 0.4696 0.0232 0.0058 0.4823 0.5515 0.7920 0.7817 1.0507 1.4678 1.2567 0.7931 0.9850 0.8792 0.5411 0.5156 0.6158 0.7310 0.8735 0.7077 1.0830 1.0410 1.1612 1.2442 1.2712 1.0700 2.3440 0.8301 0.6941 1.6820 1.5260 1.1129 1.1582 0.9490 0.7777 0.7363 0.8986 0.6508 0.5859 0.5190 0.4416 0.4198 0.4119 0.4885 0.5707 0.7326 0.5460 0.9438 0.7893 0.7695 0.9159 0.7532 1.2342 0.8233 0.7056 0.7346 0.4061 0.3784 0.4670 0.5597 0.4217
2.5219 3.7482 2.2018 3.9614 1.2586 3.1148 1.1726 0.4045 0.9440 0.8213 0.2060 0.2557 0.2722 0.3562 0.9156 0.4426 0.6678 0.3010 0.1931 0.2691 0.0596 0.0668 0.1677 1.1491 1.4560 0.1126 0.0330 1.1567 1.0627 2.0385 1.3512 1.8310 2.8524 1.7546 1.7765 2.3876 1.5703 1.0188 1.4866 1.5524 1.2331 2.7399 1.9801 1.8538 2.2336 2.9024 2.6822 3.8423 3.0518 2.9110 5.8641 3.1130 4.0013 3.8864 4.8530 2.8314 4.1104 2.4002 2.0848 2.1130 1.6155 2.0749 1.1507 0.9887 1.2089 1.2921 1.4016 1.4183 1.8100 1.7292
0.5633 0.6788 0.4887 0.8837 0.9673 0.9583 1.0650 0.8206 1.0402 0.2604 0.2441 0.3613 0.3423 0.2800 0.4750 1.0599 1.0646 1.5218 0.2968 1.0675 0.2568 0.1068 0.2367 0.1155 0.0388 0.0376 0.0465 0.0424 0.1785 0.1154 0.1106 0.0478 0.0380 0.0381 0.0135 0.0164 0.0303 0.1686 0.3271 0.0304 0.0056 0.3535 0.2720 0.3797 0.3263 0.4459 0.6558 0.4484 0.4094 0.4060 0.3544 0.2277 0.2418 0.2710 0.3686 0.4591 0.5343 0.4611 0.5280 0.5231 0.5771 1.1121 0.4982 0.7345 1.0521 1.9344 1.0921 0.8927 0.7480 0.5538
0.9549 0.8481 0.5440 0.8107 0.7623 0.5912 0.4525 0.3997 0.5125 0.4993 0.5441 0.6409 0.6132 0.6352 0.6335 0.6654 0.8570 1.1754 0.9414 1.3556 1.2054 1.3221 1.2708 0.3484 0.3185 0.4989 0.5568 0.3172 0.6793 2.2221 1.3472 2.1738 0.4462 1.1530 0.4439 0.2003 0.3262 0.1612 0.0864 0.0703 0.0582 0.0986 0.3132 0.1474 0.1834 0.0797 0.0599 0.0666 0.0214 0.0191 0.0469 0.2478 0.3508 0.0364 0.0116 0.3120 1.1228 1.2162 0.9602 1.1559 1.8540 1.8064 1.1133 1.2736 1.2329 0.8126 0.7892 0.7425 0.9464 1.4960
4.0259 5.2907 4.4677 6.1671 8.0985 9.4345 5.2094 7.1788 9.1122 7.7996 14.1008 12.3947 6.7063 5.3832 4.8312 4.0736 4.6684 5.3165 3.6533 4.1234 2.5250 2.6871 2.6123 2.4549 2.6089 3.2563 3.6435 2.6050 3.1349 4.6489 3.8050 5.0984 4.0721 4.2128 5.4899 5.5276 3.9101 1.7893 2.5049 3.4352 2.5625 2.7141 4.2090 7.6280 6.6224 9.6836 2.3700 6.8077 2.3814 0.7920 1.7053 0.8729 0.3273 0.2967 0.4211 0.4000 2.4888 0.9075 1.0365 0.3979 0.3256 0.5164 0.1117 0.1152 0.3140 1.7215 2.2262 0.1867 0.0571 1.9791
0.2766 0.4557 0.2654 0.4456 0.8507 0.5011 0.3953 0.4065 0.4791 0.3057 0.2987 0.3367 0.3400 0.5827 0.3745 0.4284 0.6480 0.6776 0.6511 1.1039 0.4871 0.8105 0.7791 0.6441 1.0180 1.2786 0.6717 0.3760 0.4254 0.4798 0.3499 0.4240 0.3249 0.2634 0.2585 0.2980 0.2132 0.2115 0.3442 0.3756 0.2813 0.3739 0.3258 0.3511 0.3736 0.5035 0.3801 0.4365 0.5143 0.3816 0.3583 0.1624 0.1654 0.2432 0.3106 0.1847 0.5673 0.7979 0.6356 0.8208 0.2191 0.8968 0.2117 0.0812 0.1938 0.1016 0.0348 0.0266 0.0353 0.0426
0.5956 0.3307 0.2789 0.1490 0.1451 0.1391 0.0385 0.0358 0.1185 0.6299 0.8195 0.0823 0.0199 0.7498 0.9386 1.3478 1.3302 1.7880 2.4979 2.1387 1.3498 1.6763 1.4963 0.9221 0.8952 1.0951 1.2740 1.4865 1.6779 2.1617 1.8769 2.5886 2.5339 2.3889 2.8726 3.2835 2.3227 1.4494 2.8660 2.5970 3.8600 3.6653 2.6891 2.0208 1.9132 2.2010 1.5410 1.3889 1.1427 0.8227 0.9371 0.9777 1.1596 1.3961 1.9011 1.4312 2.5851 2.0482 1.9970 2.5920 2.3835 3.9059 2.3563 2.0169 2.0999 0.6911 0.6440 0.7957 0.9524 0.7186
0.6101 1.0076 0.5658 1.0650 0.3041 0.7535 0.2833 0.0978 0.2281 0.1987 0.0498 0.0618 0.0659 0.0861 0.2212 0.1069 0.1614 0.0728 0.0466 0.0650 0.0144 0.0162 0.0405 0.3144 0.3518 0.0272 0.0080 0.3958 0.3752 0.7206 0.4520 0.6472 1.0083 0.6203 0.6280 0.8440 0.5544 0.3601 0.6305 0.6518 0.5074 0.9882 0.8987 0.8424 0.9484 1.3189 1.1871 0.8741 1.3440 0.7995 0.7515 0.4644 0.6683 0.6491 1.5093 2.1640 1.8215 1.2665 1.0515 1.0471 0.8240 1.0557 0.6242 0.5834 0.7370 0.7877 0.8534 0.7703 1.0298 1.0542
0.9158 1.0561 0.7604 1.4900 1.5726 1.1382 0.8274 0.6375 0.8082 0.2455 0.2301 0.3406 0.3227 0.2639 0.2929 0.4216 0.4235 0.6046 0.1263 0.4550 0.1369 0.0570 0.1008 0.1089 0.0207 0.0350 0.0438 0.0399 0.1007 0.0652 0.0660 0.0386 0.0214 0.0215 0.0076 0.0093 0.0171 0.2740 0.3083 0.0162 0.0032 0.5740 0.4373 0.6103 0.4970 0.7168 0.9439 0.7207 0.6589 0.6526 0.5697 0.3665 0.4687 0.5380 0.7171 0.7839 1.4123 1.0261 1.0613 1.3002 1.1005 0.9051 0.9252 0.7109 0.6619 0.4196 0.6175 0.5041 0.9823 1.0351
2.9024 2.3081 1.4804 2.0929 1.9023 1.4772 1.0498 0.7829 1.2042 1.2475 1.3597 1.6546 1.6689 1.6378 1.6334 1.8110 2.3354 2.6864 1.5214 1.6830 1.0384 0.9661 0.9275 0.5301 0.4840 0.7591 0.8462 0.4826 0.6753 0.9045 0.6048 0.8782 0.2277 0.5891 0.3183 0.1435 0.1667 0.2452 0.0619 0.1056 0.0886 0.1499 0.2318 0.1090 0.1693 0.0997 0.0443 0.0493 0.0158 0.0141 0.0347 0.4914 0.5331 0.0261 0.0086 0.7796 0.9844 1.0425 0.7788 0.9908 1.3651 1.5838 0.9761 1.1152 1.0809 0.7115 0.9295 0.8967 1.1202 1.5540
1.7803 1.9379 1.3169 2.4604 1.9923 1.0802 1.2977 0.9787 1.0162 0.6236 1.0069 0.9860 1.3925 1.8965 1.9665 2.6857 2.7941 2.8996 1.8364 2.0674 1.0500 1.0640 1.2409 1.2402 1.3163 1.7494 2.1779 1.4514 1.8275 2.8496 2.0727 2.0779 1.4167 1.0694 0.9966 1.0047 0.7098 0.4309 0.6032 0.8272 0.6171 0.6536 0.6490 0.6061 0.5262 0.7703 0.1885 0.5416 0.2754 0.0915 0.1355 0.2102 0.0378 0.0706 0.1014 0.0963 0.2889 0.1055 0.1503 0.0781 0.0378 0.0599 0.0130 0.0134 0.0365 0.6894 0.5361 0.0216 0.0066 1.0137
0.2598 0.3999 0.2013 0.3910 0.5413 0.4706 0.3712 0.3818 0.4500 0.2871 0.3773 0.4361 0.4311 0.6484 0.6450 0.6120 0.5995 0.8505 0.5039 0.3972 0.3817 0.3472 0.2734 0.1618 0.2545 0.2641 0.4388 0.3983 0.5448 0.9024 0.8290 0.9018 0.6369 0.5151 0.4176 0.4585 0.3935 0.4146 0.6748 0.7870 0.6557 0.8014 0.6260 0.6496 0.6112 0.6170 0.3972 0.3332 0.2804 0.2081 0.1956 0.1525 0.1554 0.2284 0.2917 0.1734 0.2752 0.1995 0.1589 0.2049 0.0547 0.2242 0.0770 0.0295 0.0484 0.0954 0.0127 0.0247 0.0332 0.0400
0.0285 0.0158 0.0166 0.0120 0.0069 0.0067 0.0018 0.0017 0.0057 0.1283 0.1008 0.0039 0.0010 0.1934 0.1249 0.1676 0.1511 0.2224 0.2055 0.2846 0.1799 0.2231 0.1991 0.1227 0.1571 0.1924 0.2235 0.2347 0.2944 0.3736 0.1998 0.3019 0.1995 0.1198 0.1737 0.1819 0.0992 0.0654 0.1586 0.1439 0.1508 0.2495 0.2521 0.2937 0.3446 0.4721 0.3077 0.2766 0.2025 0.1638 0.1869 0.1947 0.2309 0.2884 0.3472 0.2759 0.3686 0.2965 0.2559 0.2279 0.1600 0.1913 0.1087 0.0931 0.0970 0.0920 0.0857 0.1059 0.1268 0.0956
2.3123 2.3757 1.3973 2.5109 0.7987 1.9767 0.9317 0.3214 0.5983 1.2538 0.1636 0.3904 0.4156 0.5431 0.7095 0.3430 0.6463 0.3548 0.1496 0.2085 0.0462 0.0518 0.1300 2.9027 2.2200 0.0894 0.0256 3.6815 2.6542 4.2760 2.4903 3.8359 3.9533 4.3879 4.4369 5.9709 3.9221 2.6523 5.4322 5.8025 4.5171 8.2825 7.5322 5.9147 4.1064 6.2507 3.8941 2.6860 3.4080 2.7130 1.9056 1.2842 2.2651 2.2028 3.8272 3.6623 7.1147 6.1242 6.5937 7.7891 9.1730 11.2610 5.3783 5.0266 6.3502 6.6857 7.2431 6.7125 6.8164 7.8422
4.3492 5.0410 3.2010 3.6923 3.4630 2.5065 1.8221 1.4039 1.7797 1.6928 1.5869 2.2565 2.1375 1.7463 1.3429 1.2027 1.2655 1.7268 0.4015 1.4441 0.5446 0.2265 0.3198 0.7211 0.0822 0.2114 0.2910 0.2655 0.3906 0.2525 0.3051 0.1785 0.0832 0.0833 0.0295 0.0359 0.0663 2.1346 2.1263 0.0645 0.0124 4.3548 1.8854 2.2045 1.6690 2.5889 2.5188 3.1075 2.8374 2.8139 2.4561 1.8118 2.6940 3.0922 4.1219 3.8513 7.4258 4.2233 2.6935 3.6121 2.4572 2.4153 2.0685 1.8995 1.4797 1.0216 1.6480 1.3453 2.1934 2.6568
0.7504 0.9799 0.7791 1.2822 1.7222 1.5745 0.8926 0.7509 1.1550 1.1713 1.1825 1.3014 1.0458 1.3045 0.8870 0.8962 1.0180 0.8895 0.6112 0.6422 0.3740 0.3475 0.3336 0.3385 0.3090 0.4222 0.4706 0.2684 0.2603 0.3118 0.2085 0.3027 0.0785 0.2031 0.1225 0.0553 0.0575 0.1364 0.0239 0.0537 0.0545 0.0923 0.0893 0.0420 0.0658 0.0387 0.0171 0.0190 0.0061 0.0054 0.0134 0.4660 0.3404 0.0100 0.0033 0.6496 0.5793 0.4567 0.3188 0.4341 0.4606 0.8098 0.5744 0.6764 0.7603 0.5892 0.9457 0.7730 0.9657 0.7537
16.8397 14.5853 6.8602 12.8327 10.3913 6.6502 6.7602 6.0253 5.2936 3.8197 6.1987 6.0701 7.2631 10.1564 10.2570 10.4282 14.7763 18.4430 17.3696 21.5945 24.8083 19.6789 22.9228 18.1822 16.4955 16.2998 15.6474 15.6439 13.4127 14.2775 10.8378 10.0891 9.3336 7.0544 6.5741 6.6192 4.6823 6.5188 9.1256 8.8938 7.9294 9.1703 4.2864 3.7310 3.2391 4.7364 1.1592 3.3339 1.8168 0.6042 0.8341 2.7011 0.2497 0.7088 1.4775 1.4032 2.0889 0.6958 1.1310 0.5869 0.2757 0.4367 0.0945 0.0976 0.2655 12.6070 8.1106 0.1425 0.0438 11.8851
0.3910 0.4671 0.2629 0.4567 0.5768 0.6131 0.5587 0.5915 0.8806 0.6450 1.0680 1.0199 0.8023 0.7130 0.7110 0.5443 0.5115 0.6498 0.4420 0.4232 0.3302 0.3700 0.2160 0.1716 0.2712 0.2814 0.3357 0.3683 0.4157 0.6369 0.5735 0.7627 0.8020 0.7164 1.0309 1.6477 0.9715 0.8205 1.1329 0.9751 0.6272 1.1630 0.7229 0.5592 0.5511 0.5167 0.4518 0.3791 0.3190 0.2370 0.2225 0.3426 0.3490 0.3437 0.5715 0.3710 0.3147 0.2126 0.1693 0.2184 0.0584 0.2389 0.0880 0.0337 0.0516 0.1870 0.0145 0.0377 0.0718 0.0866
0.1121 0.0535 0.0682 0.0493 0.0276 0.0264 0.0073 0.0068 0.0225 1.1939 0.6522 0.0129 0.0032 0.8796 0.4825 0.5049 0.4651 0.6690 0.6183 0.9552 0.6948 0.8871 0.9194 0.6670 1.0489 1.0885 1.2663 0.7565 1.0016 1.0242 0.5484 0.8278 0.5470 0.3605 0.4770 0.5472 0.2727 0.1969 0.4771 0.4328 0.4140 0.8436 0.6912 0.7695 0.8997 1.2049 1.1960 1.1874 1.5410 1.2485 1.5105 1.1776 1.1923 1.1041 1.2145 1.2658 1.5588 0.9357 0.8461 0.6997 0.6664 0.7978 0.4531 0.3879 0.4044 0.5000 0.4659 0.4090 0.5852 0.4821
0.3797 0.3901 0.2295 0.4129 0.1312 0.3246 0.1530 0.0528 0.0983 0.3160 0.0269 0.0768 0.1188 0.1552 0.1275 0.0564 0.1209 0.0664 0.0271 0.0378 0.0084 0.0094 0.0236 1.1937 0.6587 0.0147 0.0042 0.9854 0.5080 0.8185 0.4773 0.7352 0.7567 0.8399 0.8493 1.1516 0.8718 0.7180 1.8228 1.4696 1.1441 1.5874 1.4840 1.1322 0.7860 1.1965 0.7463 0.5141 0.6523 0.5193 0.3657 0.2458 0.4336 0.4217 0.7344 0.8400 1.3636 1.1782 1.2637 1.4910 1.5820 2.2383 1.5897 1.5008 1.8770 2.3501 2.1036 1.4440 1.4905 1.9713
10.0358 9.1630 6.1259 7.0483 8.4769 5.7838 4.2045 3.2435 4.1068 4.0157 3.9484 3.9698 4.3667 3.9001 2.3626 2.1159 2.2263 3.0379 0.7063 2.5405 0.9581 0.3986 0.5633 1.4713 0.1446 0.3720 0.7241 0.6597 0.6872 0.4449 0.5367 0.3140 0.1465 0.1465 0.0520 0.0632 0.1167 6.6917 5.2903 0.1135 0.0218 10.0488 3.7893 4.4305 3.3544 5.2032 5.0624 6.2454 5.7025 5.6553 4.9362 3.9610 7.3188 6.3728 8.4949 7.7404 13.9458 8.4987 5.4134 7.2687 4.9385 4.8544 4.1572 3.8176 2.9814 2.0533 3.3121 2.7073 4.4193 6.4060
1.1034 1.4501 1.1486 1.8902 2.3429 1.8891 1.5847 1.3365 2.0480 2.4026 2.7397 2.1562 1.7591 2.5224 1.7151 1.3650 1.6305 1.4246 1.2521 1.2433 0.7232 0.6720 0.6459 0.5162 0.4943 0.6216 0.6929 0.4277 0.3827 0.4584 0.3065 0.4457 0.1155 0.2986 0.1804 0.0813 0.0845 0.2008 0.0351 0.0789 0.0871 0.1474 0.1314 0.0617 0.0968 0.0570 0.0251 0.0279 0.0089 0.0080 0.0197 0.9475 0.5445 0.0148 0.0049 1.2577 0.9806 0.9136 0.6235 0.8683 0.9213 1.5776 0.9722 1.1123 1.0767 0.7087 1.0791 0.9125 1.1399 1.5813
0.8774 0.8616 0.4053 0.7581 0.6139 0.3531 0.3993 0.3199 0.3127 0.2028 0.3291 0.3223 0.4285 0.6007 0.6059 0.7153 1.0174 1.2683 1.0482 1.1801 0.6711 0.6800 0.7931 0.7916 0.8413 1.1801 1.0869 0.9207 0.7894 0.9794 0.7070 0.6582 0.5500 0.4152 0.3869 0.3896 0.2756 0.2079 0.2910 0.3991 0.2977 0.3153 0.2276 0.1981 0.1720 0.2515 0.0615 0.1770 0.0965 0.0321 0.0443 0.1014 0.0133 0.0314 0.0489 0.0465 0.1013 0.0369 0.0527 0.0273 0.0133 0.0210 0.0045 0.0047 0.0128 0.4406 0.2586 0.0076 0.0023 0.6430
0.4425 0.6811 0.3433 0.6660 0.9104 0.8015 0.6330 0.6510 0.7664 0.4896 0.7556 0.7530 0.7445 1.1211 1.1153 1.0437 1.0096 1.4323 0.8476 0.6680 0.6421 0.5840 0.4598 0.2722 0.4280 0.4441 0.7381 0.7558 0.9164 1.5196 1.3718 1.5379 1.2755 1.0316 0.9542 1.0490 0.8992 0.9473 1.5419 1.8142 1.5382 1.8496 1.4449 1.3325 1.2489 1.1708 0.9018 0.7567 0.6375 0.4731 0.4441 0.2600 0.2649 0.3894 0.4974 0.2957 0.4629 0.3355 0.2672 0.3451 0.0921 0.3771 0.1294 0.0497 0.0815 0.1627 0.0213 0.0420 0.0566 0.0682
0.0287 0.0159 0.0168 0.0121 0.0070 0.0067 0.0019 0.0017 0.0057 0.1758 0.1029 0.0039 0.0010 0.2671 0.1201 0.1447 0.1328 0.1920 0.1774 0.2737 0.1730 0.2146 0.1918 0.1318 0.2055 0.2151 0.2502 0.2306 0.2892 0.3225 0.1748 0.2607 0.1746 0.1034 0.1521 0.1570 0.0918 0.0573 0.1369 0.1240 0.1393 0.2839 0.2207 0.2590 0.3001 0.3920 0.3501 0.3148 0.3022 0.2446 0.2789 0.2910 0.3447 0.3683 0.4087 0.4628 0.5239 0.3145 0.2848 0.2352 0.2243 0.2682 0.1523 0.1305 0.1359 0.0988 0.0921 0.1018 0.1219 0.0946
0.1510 0.1551 0.0912 0.1639 0.0521 0.1291 0.0608 0.0210 0.0391 0.0912 0.0107 0.0259 0.0325 0.0425 0.0463 0.0224 0.0425 0.0233 0.0098 0.0136 0.0030 0.0034 0.0085 0.3277 0.1803 0.0058 0.0017 0.4219 0.1705 0.2965 0.1860 0.2664 0.3564 0.2819 0.2850 0.3835 0.2519 0.1828 0.4369 0.3999 0.3113 0.5320 0.4844 0.4190 0.4058 0.5830 0.3848 0.2422 0.3368 0.2446 0.1988 0.1228 0.2042 0.1986 0.3992 0.4566 0.7031 0.6404 0.5827 0.5803 0.5210 0.6667 0.4326 0.4038 0.5107 0.5452 0.5914 0.5311 0.6942 0.7296
0.4906 0.4362 0.2913 0.3356 0.3804 0.2754 0.2002 0.1542 0.1955 0.0938 0.0879 0.1165 0.1104 0.0928 0.0907 0.0872 0.0917 0.1252 0.0291 0.1047 0.0368 0.0153 0.0232 0.0372 0.0056 0.0115 0.0161 0.0147 0.0264 0.0171 0.0204 0.0120 0.0056 0.0056 0.0020 0.0024 0.0045 0.1396 0.1178 0.0044 0.0008 0.2995 0.1086 0.1488 0.1211 0.1747 0.2207 0.1790 0.1635 0.1621 0.1415 0.0910 0.1376 0.1504 0.2004 0.2194 0.3953 0.2804 0.2587 0.3400 0.2360 0.2117 0.1987 0.1665 0.1421 0.0900 0.1444 0.1180 0.2107 0.2926
0.8822 1.2851 0.7908 1.0957 1.1095 0.8594 0.5615 0.4718 0.7257 0.7508 0.8194 1.0276 1.0871 1.0391 1.0376 1.2672 1.3741 1.2006 0.7896 0.8306 0.4831 0.4489 0.4315 0.2082 0.1900 0.2981 0.3323 0.1895 0.2602 0.3344 0.2236 0.3251 0.0843 0.2178 0.1227 0.0554 0.0616 0.0963 0.0239 0.0414 0.0347 0.0588 0.0893 0.0420 0.0653 0.0384 0.0171 0.0190 0.0061 0.0054 0.0134 0.2961 0.2094 0.0100 0.0033 0.4763 0.4318 0.4677 0.3490 0.4439 0.6116 0.6946 0.4281 0.4891 0.4741 0.3121 0.4076 0.3561 0.4449 0.6180
0.7631 0.8338 0.6360 1.0855 0.9622 0.5217 0.6268 0.4727 0.4908 0.3012 0.4869 0.4762 0.6725 1.0128 0.9510 1.0717 1.1754 1.2351 0.9117 1.0265 0.5642 0.5718 0.6668 0.6664 0.7074 0.8940 1.1130 0.7800 0.9820 1.4563 1.2836 1.1096 0.8147 0.6150 0.5731 0.5778 0.4082 0.2037 0.2852 0.3911 0.2917 0.3090 0.3134 0.2931 0.2544 0.3720 0.0911 0.2616 0.1330 0.0442 0.0655 0.0994 0.0183 0.0334 0.0479 0.0455 0.1397 0.0509 0.0726 0.0377 0.0183 0.0290 0.0063 0.0065 0.0176 0.3775 0.2534 0.0104 0.0032 0.5447
1.2420 2.0461 1.1288 2.0005 3.8193 2.2499 1.7747 1.8275 2.1513 1.3726 1.5553 1.7976 1.7772 2.6729 2.6590 2.5613 3.4995 4.5298 3.8778 2.8025 2.9375 2.4502 2.1035 1.2452 1.7956 1.8633 3.3769 3.8423 3.5210 4.3413 3.0256 3.3877 2.5927 2.0944 1.8446 2.0253 1.7384 1.8291 2.9807 3.2936 2.7440 3.5710 3.2598 3.5126 3.7329 6.4344 3.5488 2.9775 2.5056 1.8615 1.7476 0.7299 0.7437 1.0932 1.3963 0.8291 1.6683 1.4075 1.1211 1.4478 0.3864 1.5819 0.4659 0.1787 0.3418 0.4562 0.0768 0.1178 0.1585 0.1913
0.1042 0.0579 0.0596 0.0431 0.0254 0.0243 0.0067 0.0063 0.0207 0.3408 0.2849 0.0140 0.0035 0.5091 0.2296 0.3297 0.3250 0.4374 0.6111 0.5232 0.3302 0.4101 0.3660 0.2253 0.3683 0.3581 0.4165 0.3838 0.4814 0.6003 0.5212 0.7189 0.6862 0.4976 0.7731 0.6840 0.4832 0.3015 0.5962 0.5410 0.7336 1.4948 0.7283 0.7044 0.6374 0.7187 0.5829 0.5240 0.5031 0.4076 0.4643 0.5126 0.6079 0.6139 0.8551 0.7091 1.2808 0.8491 0.8289 1.0028 1.3956 1.4138 0.8030 0.6873 0.7165 0.1688 0.1573 0.1944 0.2327 0.1756
7.0827 11.7125 6.5679 12.3789 3.5348 8.7479 3.2933 1.1359 2.6511 2.7088 0.5784 0.8434 0.8979 1.1748 2.5715 1.2431 1.8756 0.9929 0.5422 0.7557 0.1673 0.1875 0.4710 9.3491 4.7961 0.3161 0.0927 10.9418 6.1058 11.7275 7.3552 10.5335 16.4098 10.0942 10.2198 13.7357 9.0225 5.8612 11.6918 10.7013 8.3308 15.7624 12.9644 12.0611 13.5966 18.8839 17.4509 18.3093 19.8561 16.7466 15.7216 9.7156 13.9822 13.5804 31.5751 26.3827 26.7768 19.0916 15.8501 15.7642 13.9602 17.8630 11.5758 10.8188 13.6848 14.6082 15.8459 14.2313 18.5776 19.5502
2.5058 2.5265 1.8190 3.0658 4.3030 4.7672 3.2059 2.4701 3.1275 0.5887 0.5519 0.8169 0.7738 0.6330 0.9029 1.2999 1.3057 1.8641 0.3895 1.4028 0.4220 0.1758 0.3107 0.2611 0.0638 0.0839 0.1051 0.0957 0.3104 0.2009 0.1926 0.0925 0.0661 0.0662 0.0235 0.0285 0.0527 0.7489 0.7394 0.0500 0.0098 1.5706 0.6860 0.9575 0.8240 1.1244 1.6537 1.1307 1.0324 1.0238 0.8936 0.5749 0.7107 0.6973 0.9295 1.1578 1.6956 1.2320 1.3314 1.5610 1.5732 3.1439 1.7218 1.8522 2.5104 1.5894 1.9134 1.5640 2.5853 2.5809
1.2254 1.2527 0.7680 1.0641 1.1217 0.8677 0.7206 0.6055 0.9313 0.9636 1.0515 1.1314 1.1688 1.3335 1.3316 1.1703 1.5074 1.9268 1.9789 2.9480 2.8550 2.4511 2.3531 0.3266 0.2982 0.4677 0.5214 0.2970 0.6360 1.3389 0.8546 1.3016 0.2830 0.7315 0.3456 0.1560 0.2072 0.1511 0.0673 0.0658 0.0545 0.0923 0.2580 0.1214 0.1511 0.0661 0.0493 0.0548 0.0176 0.0157 0.0386 0.3887 0.3285 0.0283 0.0095 0.6113 0.5639 0.6108 0.4823 0.5805 0.9312 0.9073 0.5598 0.6397 0.6192 0.4081 0.4614 0.3805 0.4753 0.7523
1.0342 1.1428 0.9120 1.4897 1.7871 2.1591 1.5135 1.4673 2.4154 1.7495 1.7952 1.7580 2.2996 2.4890 1.4815 1.3201 1.4460 1.5215 1.1721 1.3196 0.8757 0.8885 1.0349 1.0343 1.0978 1.2518 1.5236 1.2120 1.5241 1.7916 1.4664 1.9997 2.2873 2.4480 3.5095 5.1828 3.3158 0.3653 0.5113 0.7013 0.5231 0.5541 0.8592 1.6251 1.3915 2.0271 0.3606 1.0359 0.4208 0.1398 0.2592 0.1782 0.0578 0.0606 0.0860 0.0816 0.4526 0.1650 0.1885 0.0727 0.0592 0.0939 0.0203 0.0210 0.0571 0.5888 0.4545 0.0330 0.0104 0.8454
0.2888 0.4758 0.2771 0.4652 0.8882 0.5232 0.4127 0.4250 0.5003 0.3192 0.3635 0.3587 0.3550 0.6085 0.4920 0.4739 0.6766 0.8382 0.7358 1.2921 0.7246 0.8463 1.0576 0.7389 0.7385 0.7654 1.1781 0.8902 0.6673 0.7953 0.5543 0.6206 0.5338 0.4312 0.4590 0.5040 0.4326 0.4552 0.7418 0.7395 0.6015 0.8887 0.8112 0.6929 0.7364 1.0100 1.0920 1.2974 1.6795 1.6552 1.8456 0.1695 0.1729 0.2539 0.3247 0.1928 0.5931 0.8695 0.6831 0.8788 0.1703 0.6971 0.1911 0.0733 0.1508 0.1061 0.0315 0.0278 0.0369 0.0445
2.0944 1.1630 0.9796 0.5272 0.5103 0.4893 0.1354 0.1260 0.4168 4.1660 3.2389 0.2813 0.0701 6.1932 8.3281 6.8394 8.8979 9.0729 8.0248 12.3977 9.0400 11.5417 13.0287 16.7592 10.9142 12.4134 9.6864 8.6168 7.3232 9.5901 6.6253 7.4274 6.7940 4.6793 5.8502 7.1024 3.0517 2.5549 6.1915 5.6103 4.0966 5.4738 5.8021 5.0630 5.9416 7.9570 6.6838 6.6356 8.3038 7.5042 6.7082 5.7030 5.7310 5.4831 5.9860 6.0157 7.4082 5.1123 4.8976 5.0012 3.2518 4.5376 3.0304 2.5939 2.7007 28.7008 21.6842 7.0511 11.3095 21.4482
0.4242 0.3310 0.1947 0.3499 0.1112 0.2754 0.1688 0.0583 0.0834 0.6697 0.0296 0.1478 0.3326 0.4346 0.1644 0.0664 0.2194 0.1227 0.0350 0.0487 0.0108 0.0121 0.0304 0.4995 0.7404 0.0162 0.0050 0.3062 0.5343 0.6384 0.4871 0.5734 0.5910 0.6560 0.7663 1.0602 0.8807 1.2510 1.2508 1.1859 0.6192 1.0230 0.6303 0.5998 0.5380 0.6074 0.5252 0.4015 0.4533 0.4056 0.2316 0.1920 0.3386 0.3293 0.4112 0.3084 0.6477 0.4386 0.4722 0.5578 0.5110 0.7230 0.6107 0.6367 0.6312 0.5766 0.5299 0.4063 0.4157 0.5301
0.2286 0.2402 0.1697 0.2415 0.1869 0.1577 0.1348 0.1038 0.1316 1.0979 1.4832 0.3527 0.4585 1.0064 0.1815 0.1398 0.1471 0.2005 0.0466 0.1678 0.0727 0.0303 0.0372 0.2691 0.0110 0.0719 0.2310 0.2108 0.0705 0.0361 0.0799 0.0476 0.0151 0.0152 0.0054 0.0065 0.0121 0.2351 0.5343 0.0086 0.0018 0.2289 1.1925 0.6179 0.5508 0.7257 0.4498 0.6014 0.7293 0.5806 0.5068 0.3347 0.3462 0.3875 0.5257 0.5690 0.6622 0.5129 0.4221 0.4198 0.3959 0.4319 0.3291 0.3392 0.2151 0.1827 0.2947 0.2406 0.2819 0.2683
0.7884 0.8130 0.6464 1.0638 1.1129 0.8642 0.7613 0.6743 0.8624 0.7299 0.7955 0.9125 0.7388 0.9147 0.6220 0.6355 0.8043 0.8678 0.4915 0.6026 0.4116 0.3830 0.3677 0.7796 0.6261 2.9067 1.6864 0.7798 0.7657 0.5386 0.3601 0.5229 0.1356 0.3508 0.3610 0.1627 0.1065 0.4887 0.0702 0.1709 0.1477 0.2499 0.2757 0.1235 0.2097 0.1235 0.0531 0.0591 0.0189 0.0170 0.0416 0.4185 0.5918 0.0296 0.0097 0.4555 2.1939 1.3607 1.3828 1.2932 0.9678 1.7016 1.3737 1.4249 1.7445 1.2029 1.1167 1.0506 1.0844 1.4092
1.2805 1.5086 0.9168 1.2718 1.4275 0.9404 0.9171 0.8520 0.6561 0.5401 0.8765 0.8583 0.7949 0.8203 0.9511 0.8539 1.2146 1.5159 1.1620 1.3098 1.1049 1.2838 1.1430 0.9066 0.8288 1.0075 0.9599 0.8285 0.7104 0.9721 0.7808 0.8976 0.5668 0.4994 0.5472 0.5509 0.3897 1.1658 1.4704 2.2664 3.0466 2.0251 1.1173 0.5276 0.4580 0.6697 0.1639 0.4714 0.4682 0.1557 0.1354 0.8114 0.0643 0.2069 0.3275 0.3114 0.6096 0.1914 0.3297 0.1713 0.0804 0.1274 0.0276 0.0285 0.0775 0.8225 1.0636 0.0367 0.0120 0.6295
1.1158 1.0525 0.7810 1.0278 1.1293 1.2018 1.0952 1.1594 1.7262 1.8383 1.2511 1.4031 1.0845 1.3976 0.8981 0.9223 1.0027 1.0537 0.8654 0.8296 0.6474 0.7244 0.4235 0.3363 0.5316 0.5509 0.6012 0.4325 0.6316 0.7594 0.6863 0.9127 0.7792 0.6318 0.9323 1.1739 0.7691 0.6431 0.8947 0.8774 0.5594 0.9219 0.5731 0.5536 0.5781 0.6692 0.3990 0.3907 0.3861 0.2868 0.2693 2.0075 1.9673 0.9809 1.7497 3.5838 0.9115 0.4167 0.3319 0.4281 0.1143 0.4683 0.2517 0.0966 0.1012 0.9959 0.0414 0.1824 0.5331 0.6433
0.0721 0.0317 0.0616 0.0455 0.0177 0.0170 0.0047 0.0044 0.0145 0.1857 0.2570 0.0073 0.0019 0.1384 0.2733 0.4367 0.6606 0.5793 0.3416 0.3657 0.2461 0.2863 0.2558 0.1609 0.1498 0.1790 0.2124 0.2542 0.2059 0.3151 0.2823 0.3145 0.2895 0.3045 0.2493 0.3886 0.1988 0.1662 0.4034 0.3655 0.2241 0.2333 0.2469 0.2109 0.1997 0.2615 0.1891 0.1705 0.1510 0.1283 0.1220 0.1198 0.1420 0.1661 0.1984 0.1589 0.2557 0.2138 0.2087 0.2131 0.1517 0.2483 0.1972 0.1690 0.1760 0.1556 0.1280 0.2314 0.2998 0.1816
5.6986 1.4747 0.8673 1.5586 0.5496 1.2255 1.2871 0.4128 0.4841 0.9587 0.2099 0.3608 0.3158 0.3523 1.3826 0.6684 1.0084 0.4756 0.2915 0.4063 0.0900 0.1008 0.2532 0.5486 0.6950 0.1147 0.0499 0.5522 0.7953 1.5275 1.0124 1.3720 2.1373 1.3147 1.3294 1.7890 1.1752 0.7634 1.1139 1.1632 0.9239 2.0504 1.2045 1.3410 1.6715 1.8776 1.8993 2.5681 1.6415 2.1785 2.5542 2.3209 3.1211 3.0315 2.4607 1.4356 2.0972 1.3338 1.1571 1.2472 0.9839 1.2638 0.7557 0.7408 0.7811 0.7850 0.8515 0.8371 1.0059 0.9514
1.2405 1.5778 1.1360 1.8836 2.0540 2.0324 2.2587 2.1517 2.7243 0.8161 0.7651 1.1325 1.0728 0.8775 1.4886 6.2553 4.6833 7.1105 1.2229 4.3990 1.0570 0.4402 0.9742 0.3619 0.1595 0.1176 0.1457 0.1327 0.7346 0.4756 0.4560 0.1968 0.1564 0.1566 0.0556 0.0675 0.1247 0.5276 1.0251 0.1252 0.0233 0.8849 0.8612 1.2020 1.1423 1.4116 2.0760 1.4194 1.2960 1.2853 1.1219 0.7217 0.7665 0.8579 1.1668 1.4535 1.6916 1.4616 1.6714 1.6561 1.8270 3.5205 1.5188 2.3252 2.8863 2.5521 3.4617 2.8260 2.0522 1.5194
