1.0273 0.9770 0.0000 1.0555 0.9925 0.8127 0.7201 0.6298 1.0369 0.8027 0.7793 0.7427 0.6514 1.0050 0.5889 0.7171 0.7701 1.0174 0.7618 0.8240 0.4983 0.6546 0.3969 0.4243 0.5148 0.5533 0.4699 0.4235 0.5979 0.7832 0.4725 0.7688 0.6190 0.5794 0.5277 0.4765 0.5049 0.3438 0.6905 0.6351 0.4956 0.6033 0.3490 0.4839 0.5915 0.7536 0.4171 0.3122 0.3932 0.2649 0.2871 0.4506 0.4553 0.9522 1.0864 0.5610 1.0121 0.4406 0.2915 0.3943 0.1858 0.6013 0.3457 0.1822 0.1489 0.5208 0.1197 0.1700 0.2585 0.2308
0.7896 0.7384 0.0000 0.7196 0.5366 0.3907 0.1486 0.1399 0.4446 1.9478 2.3096 0.3040 0.1080 1.8391 2.4991 4.6524 3.7976 6.6265 3.5581 4.6665 2.4634 3.4580 2.7474 2.4967 2.1948 2.5799 2.3137 2.8798 2.7926 4.2684 2.2676 3.2962 2.7823 2.3470 2.2807 2.1212 1.6300 1.0895 2.8195 2.3448 1.9950 2.1625 1.7560 2.2102 2.8296 3.9492 2.4739 1.7568 2.0640 1.5161 1.6545 1.5483 1.8696 1.8251 2.7880 2.0014 3.4776 2.4339 1.8332 2.1349 1.7732 2.8927 1.7297 1.5205 1.3051 2.0237 1.9291 2.5286 3.2847 1.9035
0.1206 0.1147 0.0000 0.1302 0.0710 0.0903 0.0723 0.0363 0.0596 0.1056 0.0355 0.0491 0.0403 0.0513 0.0649 0.0489 0.0745 0.0650 0.0319 0.0438 0.0119 0.0156 0.0240 0.0991 0.1044 0.0222 0.0081 0.0846 0.1532 0.2550 0.1989 0.2079 0.1418 0.1456 0.1287 0.1166 0.1246 0.0730 0.1326 0.1207 0.1022 0.1531 0.0854 0.1258 0.1545 0.1929 0.1357 0.0900 0.1191 0.0903 0.0738 0.0620 0.0964 0.0838 0.1277 0.0875 0.2033 0.1227 0.0902 0.1152 0.1095 0.1694 0.0948 0.0960 0.0785 0.1032 0.1114 0.0937 0.1238 0.1008
1.9803 3.2384 0.0000 3.6064 3.3081 2.2199 1.7913 1.4969 2.5834 3.4833 3.0973 4.3706 3.9737 3.6375 3.9959 2.3412 2.6228 3.8354 1.6346 3.4440 2.3220 1.6258 1.2886 2.9321 0.8171 1.4956 1.2522 1.1763 2.4397 2.0408 1.5952 1.5387 0.8300 0.8892 0.3872 0.3604 0.7007 1.3168 2.9582 0.6279 0.2298 2.1063 2.7676 5.3729 4.9640 9.6311 4.1301 3.2050 3.8355 3.1084 3.2127 2.2964 2.5845 2.4574 4.0989 3.8770 6.1892 4.4192 3.1173 3.5614 3.7598 5.2396 3.4130 3.3742 2.1120 2.4974 3.4720 2.6277 3.5897 2.7564
3.9970 5.6378 0.0000 7.1181 7.3848 4.7046 3.4160 3.1145 5.4140 5.3917 5.7115 5.5973 4.5031 5.7670 3.6784 4.7029 5.6255 7.5579 4.4669 5.6558 3.1398 3.6673 3.0519 4.2709 3.5529 6.6190 5.3458 3.6356 6.0767 5.2904 2.6343 4.5366 1.7917 3.3486 3.0744 1.5241 1.5296 2.0285 1.2926 1.7064 1.4300 1.6158 1.9460 1.6754 2.6384 2.1847 1.0028 0.8144 0.5008 0.3801 0.7585 2.4666 3.3312 0.5737 0.3871 3.0857 8.2234 6.7859 4.3108 5.7743 9.5614 11.0599 6.2887 6.6437 5.4443 5.4821 5.5179 4.5672 6.5879 6.9872
1.3457 2.2469 0.0000 2.7148 3.4867 2.0004 1.6962 1.5955 2.0063 1.7936 2.4481 2.1331 1.7747 2.1681 1.7243 1.8520 2.0565 2.8573 1.9100 2.2941 1.1880 1.5115 1.2679 1.5086 1.4217 1.7185 1.4844 1.3323 1.6619 2.4899 1.4101 2.3054 1.5310 1.5106 1.3486 1.1143 1.1752 0.7694 1.4028 1.5188 1.3099 1.2247 0.9678 1.4203 1.5446 2.2836 0.7169 1.0657 0.7977 0.3222 0.5136 0.5763 0.2123 0.2755 0.4759 0.3788 1.1362 0.4688 0.4431 0.3356 0.2344 0.4148 0.1211 0.1198 0.1897 1.1388 1.3754 0.1551 0.0918 1.0755
0.4210 0.6897 0.0000 0.7451 0.9327 0.8570 0.5653 0.5399 0.8888 0.6766 0.6686 0.6372 0.5597 0.9445 0.5539 0.6740 0.7237 0.9561 0.7160 0.7744 0.4683 0.6152 0.3733 0.3987 0.4838 0.5200 0.4416 0.3980 0.5619 0.7361 0.4444 0.7225 0.5818 0.5449 0.4535 0.4085 0.4339 0.3231 0.6489 0.5973 0.4658 0.5670 0.3280 0.4548 0.5559 0.7082 0.3920 0.2934 0.3696 0.2490 0.2698 0.3232 0.3543 0.4214 0.6416 0.3790 0.6777 0.4141 0.2740 0.3705 0.1746 0.5651 0.2315 0.1220 0.1337 0.3076 0.0802 0.1138 0.1712 0.1527
0.0667 0.0624 0.0000 0.0608 0.0453 0.0330 0.0126 0.0118 0.0376 0.2108 0.2500 0.0257 0.0091 0.2181 0.2249 0.2404 0.2540 0.3748 0.3023 0.4667 0.3280 0.3602 0.2862 0.2603 0.2286 0.2687 0.2406 0.2739 0.2656 0.3786 0.1926 0.2809 0.2364 0.1994 0.1938 0.1802 0.1385 0.0926 0.2395 0.1992 0.1695 0.1837 0.1492 0.1905 0.2510 0.3503 0.2351 0.1671 0.2145 0.1579 0.1721 0.1471 0.1776 0.1707 0.2473 0.1902 0.3147 0.2093 0.1557 0.1814 0.1506 0.2458 0.1470 0.1292 0.1109 0.2050 0.2010 0.2274 0.2970 0.1816
1.1614 1.5917 0.0000 1.8069 0.9403 1.2529 0.6965 0.3489 0.7384 1.5234 0.3422 0.5594 0.5387 0.7648 0.6438 0.4707 0.7587 0.6625 0.3181 0.4369 0.1184 0.1558 0.2390 1.6856 1.7766 0.2141 0.0777 1.3130 2.3172 3.3357 1.5224 2.7199 2.4671 2.8222 2.6245 2.7963 2.6729 1.5201 2.8458 2.5904 2.3216 3.1202 1.7415 2.4204 2.6876 3.3673 2.3611 1.5111 2.0700 1.5711 1.2393 1.0419 1.6198 1.4070 2.2228 1.5221 3.5382 2.1651 1.7356 2.2178 2.2335 3.4534 2.1475 2.0596 1.7792 2.1140 2.2720 1.9002 2.3830 2.0547
1.5682 2.4366 0.0000 2.6811 2.4574 1.6503 1.2856 1.0743 1.8542 2.6376 2.5385 2.8250 2.4286 2.5591 1.5056 1.6804 1.7672 2.7550 0.9237 2.3206 0.8826 0.6175 0.6569 1.5223 0.3103 0.6008 0.6527 0.6836 0.8706 0.7690 0.5580 0.5378 0.2946 0.3156 0.1374 0.1280 0.2487 1.2071 2.7116 0.2385 0.0866 1.8359 1.5931 2.2355 2.3641 3.4177 2.5814 2.2405 2.9394 2.4264 3.0334 2.0816 2.3428 2.2257 3.2485 2.7102 4.3300 2.8839 1.9484 2.2331 2.3500 3.2749 2.1332 2.1089 1.3200 1.5609 2.1701 1.6424 2.2436 1.7228
1.8215 2.6044 0.0000 3.3869 3.7669 2.3998 2.1348 2.0568 3.3808 3.0224 2.9134 2.8076 2.1427 2.9394 1.7856 2.1690 2.5636 3.4442 2.0356 2.5774 1.4309 1.6699 1.3908 2.7448 2.3482 2.7779 2.8290 2.1988 1.8434 2.4109 1.2005 2.0674 0.7789 1.5260 0.9327 0.4620 0.6223 1.0481 0.3921 0.6826 0.7424 0.9352 0.6613 0.5173 0.9199 0.7617 0.3424 0.2783 0.1710 0.1298 0.2592 1.6302 2.2017 0.1740 0.1196 1.5727 3.2634 2.1580 1.4302 1.8363 2.0816 3.9369 2.4541 2.6387 2.5110 4.4818 3.2921 2.5623 2.8297 2.4872
1.1853 1.7908 0.0000 1.7591 2.0444 1.1738 0.9945 0.9355 1.1764 1.0525 1.4365 1.2507 1.0414 1.2722 1.0847 1.2135 1.5462 2.2774 1.6743 2.1386 1.3787 1.8257 1.4727 1.6489 1.3983 1.4428 1.1250 1.2213 1.2277 1.6276 0.9115 1.3518 0.8977 0.8864 0.7914 0.6539 0.6891 1.3607 2.5556 1.4457 1.4926 1.8773 0.6632 0.8334 0.9064 1.3389 0.4204 0.6254 0.5418 0.2190 0.3014 0.6829 0.1443 0.2692 0.8465 0.6742 0.8729 0.3275 0.3543 0.2684 0.1811 0.3205 0.0935 0.0926 0.1466 1.4758 1.9698 0.1055 0.0641 0.9859
0.7997 1.2565 0.0000 1.3575 1.7008 1.3232 1.0737 1.0984 2.1000 2.0680 2.9330 2.2686 1.5271 1.7223 1.2900 1.2904 1.3196 1.8810 1.3045 1.4121 0.8533 1.1218 0.6802 0.7271 0.8821 0.9473 0.8156 0.8148 1.1533 1.6209 0.9778 1.5910 1.3483 1.3432 1.5463 1.4730 1.4808 1.0721 1.9377 1.4489 1.1362 1.5186 0.8786 1.0382 1.2241 1.4181 1.0079 0.6534 0.7423 0.5001 0.5419 0.9583 1.0828 0.7997 1.5159 0.9847 1.2358 0.7550 0.4996 0.6751 0.3181 1.0304 0.4218 0.2223 0.2439 0.7267 0.1462 0.2314 0.5107 0.4561
0.9455 0.8288 0.0000 0.8617 0.6421 0.4678 0.1779 0.1675 0.5324 5.9390 5.4699 0.3353 0.1213 4.1816 2.9617 3.6382 3.7207 5.6718 4.5787 6.7162 3.8868 5.5529 5.1232 5.6677 6.1679 7.8725 5.0586 4.1447 5.2158 6.1186 2.9157 4.6650 3.5804 3.0202 2.9326 2.7296 2.0959 1.4020 3.6253 3.0173 2.6380 3.1024 2.5845 3.5379 4.6616 6.5061 4.5985 3.4756 5.0796 3.8832 4.0750 3.4397 3.7554 3.2130 4.6336 3.8906 6.4384 3.9084 2.7154 3.0653 2.8226 4.1732 2.2545 1.9802 1.7011 4.4636 4.3758 2.9943 4.9085 3.5639
0.2723 0.3887 0.0000 0.4413 0.2298 0.3062 0.1632 0.0818 0.1803 0.4063 0.0802 0.1462 0.1848 0.2626 0.1640 0.1124 0.1933 0.1687 0.0810 0.1112 0.0302 0.0397 0.0608 0.6688 0.6243 0.0502 0.0185 0.4335 0.5494 0.7935 0.3618 0.6465 0.5864 0.6708 0.6228 0.6300 0.6450 0.3907 0.9070 0.8383 0.9315 0.7875 0.5303 0.6060 0.6388 0.8663 0.5612 0.3592 0.4924 0.3734 0.2948 0.2477 0.3850 0.3344 0.5364 0.3985 0.9496 0.6235 0.4998 0.6381 0.6769 1.1140 0.7736 0.6665 0.6414 0.7621 0.7441 0.5547 0.6917 0.6513
0.6070 0.8610 0.0000 0.8573 0.8718 0.5306 0.3732 0.3118 0.5382 0.8280 0.7969 0.8187 0.7157 0.7982 0.4370 0.4877 0.5130 0.7997 0.2681 0.6736 0.2562 0.1792 0.1907 0.4486 0.0901 0.1770 0.2036 0.2132 0.2527 0.2234 0.1620 0.1562 0.0855 0.0916 0.0399 0.0372 0.0722 0.4770 0.8512 0.0692 0.0251 0.7106 0.5670 0.8715 0.8687 1.3324 1.0064 0.8735 1.0461 0.8471 0.8763 0.6263 0.7049 0.6697 1.1861 1.2659 1.9062 1.1243 0.7602 0.8706 0.9162 1.2767 0.8316 0.8222 0.5146 0.6085 0.8467 0.6403 0.8754 0.6808
3.2578 4.9975 0.0000 6.4992 7.3214 4.6642 3.2306 2.7322 5.1614 5.3454 5.6625 5.4569 4.1479 5.7175 3.4732 4.1855 4.6219 6.0093 3.6262 4.4363 2.4628 2.8765 2.3938 3.6463 3.1194 4.3614 3.7581 2.9209 3.1729 4.1530 2.0680 3.5584 1.3406 2.6265 1.6053 0.7958 1.0719 1.3923 0.6749 1.0013 0.9862 1.2423 1.0161 0.8748 1.3854 1.1472 0.5236 0.4256 0.2615 0.1985 0.3964 2.1656 2.9247 0.2996 0.2021 3.0568 5.7167 4.2145 2.5559 3.5862 4.0652 7.6886 4.3717 4.6149 3.7848 3.9254 4.8991 4.1171 5.8632 5.4849
11.6214 14.6212 0.0000 14.7695 13.9434 7.4919 6.8374 5.9705 8.5668 6.7174 9.1685 7.9825 8.2020 10.8627 9.5016 11.3954 14.5196 21.3856 16.0781 19.4663 9.6085 10.8954 10.2634 12.4876 11.6000 13.7339 10.6575 10.8360 10.8925 15.3821 8.0422 11.5510 7.8320 7.0094 5.8421 4.8271 5.0908 4.3215 7.8797 8.2762 7.1379 6.6734 4.1723 5.3192 5.7850 8.5456 2.6830 3.9914 3.4388 1.3901 1.9236 3.1402 0.9152 1.4182 2.6100 2.0789 4.8322 1.9937 1.9210 1.4551 0.9968 1.7642 0.5150 0.5095 0.8069 8.2089 7.7259 0.6688 0.3902 8.7401
0.9996 1.8460 0.0000 1.9943 2.4986 1.8133 1.3432 1.3491 2.2211 1.6908 1.7543 1.6987 1.4733 2.3621 1.7707 2.4918 2.0470 3.3452 1.9302 2.0746 1.2626 1.6480 1.0219 1.0682 1.2959 1.3929 1.3084 1.2792 1.8501 2.5753 1.5536 2.5279 1.8611 1.7419 1.3827 1.1199 1.3347 1.0335 2.0759 1.9824 1.6297 1.8519 1.1169 1.5913 1.8317 2.2748 1.2589 0.8693 1.0263 0.6915 0.7492 0.8077 0.8853 1.0004 1.6034 0.9470 1.8155 1.1092 0.7339 0.9918 0.4677 1.5138 0.6197 0.3265 0.3583 0.7686 0.2147 0.2865 0.4277 0.3817
1.6016 1.5441 0.0000 1.4227 1.0824 0.7887 0.2997 0.2823 0.8975 5.3836 5.7765 0.6362 0.2261 6.4507 4.1608 6.2721 6.3278 9.7702 9.3140 10.3440 5.4604 7.6590 6.0899 5.5343 4.8611 5.7141 5.1287 6.3836 6.7268 9.9901 7.7404 9.9481 8.0039 6.1439 6.5609 5.5526 4.2668 2.8519 7.3806 6.1379 5.4136 6.3616 5.2996 6.6705 7.6599 9.7129 5.9592 4.2351 4.7391 3.3579 3.8354 3.7296 4.5035 4.4887 7.4932 4.9658 10.4954 7.3456 5.5282 6.2856 5.2207 7.8495 4.5279 3.9801 3.4164 4.3586 4.2728 4.2067 5.8300 3.8611
0.2834 0.4234 0.0000 0.4806 0.2501 0.3333 0.1700 0.0852 0.1964 0.2582 0.0835 0.1088 0.0989 0.1405 0.1525 0.1150 0.1752 0.1528 0.0749 0.1029 0.0279 0.0367 0.0563 0.3094 0.3261 0.0522 0.0190 0.2874 0.3698 0.6517 0.3113 0.5310 0.5688 0.4938 0.4189 0.4163 0.4188 0.2384 0.4815 0.4453 0.3947 0.5459 0.4008 0.5929 0.7144 1.1276 0.5982 0.3484 0.5248 0.3622 0.3137 0.2402 0.3734 0.3244 0.6085 0.4521 1.0765 0.6883 0.4813 0.5583 0.5141 0.7949 0.4229 0.3641 0.3535 0.4843 0.5229 0.4541 0.6556 0.4829
0.8977 1.5025 0.0000 1.5609 1.4317 0.8862 0.6471 0.5408 0.9333 0.8113 0.7808 0.8851 0.7470 0.7871 0.6510 0.7599 0.7991 1.2458 0.4177 1.0494 0.3816 0.2672 0.2973 0.4683 0.1342 0.2161 0.2008 0.2103 0.3765 0.3328 0.2399 0.2314 0.1275 0.1366 0.0595 0.0554 0.1076 0.4216 0.8341 0.1031 0.0374 0.8289 0.5450 0.9377 0.9791 1.4336 1.4097 0.8403 1.0056 0.8149 0.8423 0.6020 0.6781 0.6442 1.0746 1.0164 1.7339 1.1669 1.0614 1.2127 1.6234 1.7884 1.3934 1.1517 0.7467 0.8524 1.1851 0.8969 1.3736 1.1253
1.2097 1.5727 0.0000 1.6194 1.6455 1.0483 0.7261 0.6494 1.1600 1.2014 1.2727 1.2734 1.1187 1.3236 1.0261 1.3119 1.5693 2.4541 1.4504 1.7200 0.8957 1.0453 0.8706 0.8667 0.7414 1.0367 0.8933 0.6937 0.9532 1.4362 0.7151 1.2316 0.4640 0.9090 0.4819 0.2389 0.3707 0.3309 0.2028 0.2521 0.2342 0.2953 0.3094 0.2664 0.4139 0.3424 0.1595 0.1295 0.0796 0.0604 0.1206 0.5147 0.6952 0.0900 0.0616 0.6870 1.3545 1.1177 0.7354 0.9511 1.4036 1.8217 1.0358 1.0943 0.8967 0.9030 0.9088 0.7523 1.0851 1.1508
0.5837 0.9746 0.0000 1.1775 1.5123 1.4589 0.7357 0.8902 1.3443 1.1184 1.5265 1.3301 1.0548 1.0990 0.7473 0.8033 0.8920 1.2393 0.8284 0.9950 0.5153 0.6556 0.5500 0.6543 0.6166 0.7454 0.6438 0.5779 0.7208 1.0800 0.6116 1.0000 0.8214 0.8985 0.9044 0.7473 0.7881 0.3337 0.6084 0.6588 0.5682 0.5312 0.5500 0.8856 0.9631 1.4239 0.4470 0.6645 0.4966 0.2006 0.3203 0.2500 0.1322 0.1204 0.2063 0.1643 0.7079 0.2923 0.2433 0.1525 0.1461 0.2584 0.0755 0.0747 0.1182 0.4939 0.5966 0.0966 0.0572 0.4665
0.3311 0.6383 0.0000 0.6896 1.1240 0.6005 0.4445 0.4468 0.7356 0.5595 0.5529 0.5273 0.4632 0.7817 0.4934 0.6013 0.8700 1.1457 1.0319 0.9332 0.8580 0.7413 0.5552 0.4922 0.5830 0.6266 0.7108 0.6812 0.7603 0.9063 0.4769 0.7038 0.5182 0.4854 0.3850 0.3380 0.3719 0.2878 0.5780 0.5520 0.4959 0.5202 0.3844 0.5609 0.6938 1.0290 0.6704 0.4722 0.5575 0.3756 0.4070 0.2673 0.2932 0.3311 0.5306 0.3134 0.7089 0.4989 0.3301 0.4461 0.2102 0.6810 0.2420 0.1275 0.1612 0.2543 0.0839 0.0948 0.1415 0.1264
0.1985 0.1915 0.0000 0.1740 0.1342 0.0978 0.0372 0.0350 0.1112 0.5048 0.5986 0.0778 0.0280 0.5624 0.4757 0.7171 0.7241 1.1180 1.1740 1.1827 0.6243 0.8764 0.6963 0.6328 0.5562 0.6538 0.5864 0.7299 0.7077 1.0818 0.6787 0.9873 0.9181 0.9962 0.7519 1.0191 0.6919 0.4624 1.1958 0.9953 0.8461 0.7822 0.5396 0.6615 0.7602 1.0009 0.6270 0.4452 0.5227 0.3842 0.4193 0.3924 0.4738 0.4626 0.7437 0.5072 1.0416 0.7290 0.5487 0.7044 0.6794 1.2278 0.7342 0.6454 0.5540 0.4987 0.4889 0.4810 0.6671 0.4415
1.5911 2.8731 0.0000 3.2616 1.6973 2.2616 1.0453 0.5237 1.3329 1.2353 0.5135 0.5204 0.4732 0.6723 0.9524 0.7178 0.9496 0.7314 0.4679 0.6427 0.1742 0.2290 0.3516 1.4817 1.5617 0.3213 0.1183 1.2653 1.3291 2.3459 1.1616 1.9129 2.2572 1.7733 1.5054 1.4949 1.5052 0.8560 1.6026 1.4587 1.3094 1.9621 1.2495 1.6672 2.2339 3.0611 2.2392 2.1375 2.3407 1.8505 3.2574 2.0619 2.6205 2.2745 3.5932 2.0970 3.8534 2.1457 1.5003 1.7389 1.6012 2.4778 1.3174 1.1598 1.1028 1.5107 1.6314 1.4144 2.0419 1.5716
0.3749 0.5923 0.0000 0.7678 0.8782 0.6533 0.6015 0.5027 0.8675 0.3638 0.3501 0.3968 0.3349 0.3529 0.3837 0.7657 0.7819 1.2554 0.3764 0.9455 0.2701 0.1890 0.2679 0.2099 0.0950 0.0978 0.0900 0.0943 0.2612 0.2307 0.1445 0.1149 0.0884 0.0947 0.0412 0.0384 0.0746 0.1666 0.3740 0.0730 0.0260 0.3260 0.2160 0.3717 0.4017 0.5683 0.5588 0.3331 0.3986 0.3231 0.3339 0.2387 0.2686 0.2554 0.4260 0.4029 0.6432 0.4593 0.3829 0.4374 0.5087 1.0192 0.4730 0.5873 0.6176 1.1951 0.8516 0.6445 0.7118 0.4658
0.5901 0.7678 0.0000 0.8176 0.8490 0.5404 0.3924 0.3578 0.6219 0.6193 0.6561 0.6430 0.5462 0.6688 0.5185 0.6405 0.7662 1.1982 0.8830 1.2385 0.8133 1.0547 0.8785 0.4771 0.4084 0.5706 0.4921 0.3822 0.6881 1.7059 0.7981 1.4687 0.4769 0.9343 0.4285 0.2124 0.3810 0.1822 0.1803 0.1400 0.1290 0.1627 0.2659 0.2289 0.3132 0.2137 0.1370 0.1113 0.0684 0.0519 0.1036 0.2833 0.3830 0.0800 0.0529 0.3545 1.1610 0.9581 0.6304 0.8152 1.2031 1.5615 0.8879 0.9380 0.7687 0.7740 0.7790 0.6448 0.9301 0.9865
2.7801 4.6419 0.0000 5.6087 7.2034 5.9412 3.5042 4.2401 7.3238 6.7170 9.8204 7.9883 4.7202 4.9144 3.5623 3.8261 4.2487 5.9030 3.9459 4.7394 2.4543 3.1226 2.6195 3.1166 2.9371 3.5504 3.0667 2.7524 3.4334 5.1440 2.9133 4.7629 3.6731 4.0178 4.0055 3.3096 3.4904 1.5894 2.8981 3.1378 2.7063 2.5302 2.6198 5.3231 5.7892 8.5518 2.6849 3.9911 2.5931 1.0482 1.9250 1.1906 0.6906 0.5737 0.9833 0.7825 3.6321 1.4986 1.2474 0.7793 0.7492 1.3260 0.3871 0.3830 0.6065 2.3527 2.8415 0.5047 0.2933 2.2218
0.2181 0.4206 0.0000 0.4544 0.7406 0.3957 0.2929 0.2942 0.4847 0.3687 0.3643 0.3472 0.3052 0.5151 0.3018 0.3937 0.5217 0.6864 0.5680 0.8840 0.3716 0.6284 0.5234 0.5739 0.6963 0.8451 0.4511 0.3464 0.4155 0.5230 0.2752 0.4220 0.3170 0.2969 0.2471 0.2226 0.2364 0.1762 0.3536 0.3310 0.2861 0.3092 0.2218 0.3237 0.4007 0.5619 0.3614 0.2997 0.4219 0.2842 0.3077 0.1761 0.1930 0.2181 0.3496 0.2065 0.6116 0.5960 0.3943 0.5333 0.2513 0.8134 0.2511 0.1323 0.1925 0.1676 0.0869 0.0630 0.0933 0.0833
0.5828 0.5623 0.0000 0.3709 0.3938 0.2870 0.1090 0.1027 0.3266 0.9578 1.1357 0.2322 0.0823 0.9914 0.8882 1.3389 1.3519 2.0874 2.1920 2.2082 1.1657 1.6363 1.3001 1.1824 1.0519 1.2554 1.1116 1.3627 1.6320 2.2356 1.3146 2.1892 1.9217 1.9813 1.8767 1.6810 1.7729 0.9836 2.2344 1.8582 2.4858 2.1679 1.3938 1.6170 1.8583 2.3564 1.4446 1.0266 1.1497 0.7599 0.9305 0.9055 1.0934 1.0881 1.8165 1.2469 2.6332 1.7807 1.3401 1.8182 1.8830 3.4027 1.9087 1.6764 1.4390 0.9312 0.9129 0.8987 1.2456 0.8249
0.4415 0.8526 0.0000 0.9679 0.4706 0.6275 0.2898 0.1453 0.3696 0.3427 0.1424 0.1443 0.1313 0.1864 0.2641 0.1990 0.2633 0.2029 0.1297 0.1782 0.0483 0.0635 0.0975 0.4446 0.4330 0.0891 0.0328 0.4378 0.4691 0.8287 0.3962 0.6757 0.7973 0.6264 0.5318 0.5281 0.5313 0.3024 0.6357 0.5749 0.5095 0.7020 0.5175 0.6911 0.8868 1.2688 0.9127 0.5703 0.9510 0.5567 0.6031 0.4206 0.5744 0.4985 1.1699 1.2102 1.5719 0.9782 0.6645 0.7617 0.7144 1.1037 0.6112 0.5677 0.5512 0.7550 0.8147 0.6568 0.9766 0.7855
0.5395 0.8290 0.0000 1.1311 1.2640 0.7700 0.5411 0.4521 0.7804 0.3701 0.3562 0.4037 0.3407 0.3590 0.2979 0.4498 0.4593 0.7369 0.2308 0.5804 0.1912 0.1338 0.1643 0.2136 0.0673 0.0987 0.0916 0.0959 0.1916 0.1694 0.1098 0.1059 0.0648 0.0694 0.0302 0.0282 0.0547 0.2398 0.3804 0.0517 0.0191 0.4688 0.3087 0.5312 0.5546 0.8121 0.7443 0.4760 0.5701 0.4616 0.4771 0.3413 0.4324 0.4174 0.6874 0.5983 1.2616 0.8073 0.6308 0.8250 0.8105 0.9443 0.7410 0.6076 0.4857 0.4771 0.6257 0.4732 0.8943 0.7326
1.3413 1.6266 0.0000 1.6749 1.7019 1.0842 0.7510 0.6146 1.1998 1.2426 1.3163 1.3171 1.1570 1.3690 1.0613 1.3569 1.6243 2.2713 1.3424 1.5918 0.8283 0.9674 0.8051 0.6979 0.5971 0.8348 0.7193 0.5591 0.7676 1.0780 0.5368 0.9237 0.3480 0.6823 0.3884 0.1924 0.2782 0.2665 0.1633 0.2032 0.1888 0.2378 0.2458 0.2117 0.3333 0.2760 0.1266 0.1029 0.0633 0.0480 0.0958 0.4907 0.5598 0.0725 0.0489 0.7111 1.1958 0.9727 0.6179 0.8277 1.1088 1.6083 0.9145 0.9653 0.7917 0.7965 0.9682 0.8143 1.1597 1.1318
1.0347 1.5324 0.0000 1.9550 1.8456 0.9355 0.9050 0.7461 1.1340 0.8414 1.1448 0.9975 1.0857 1.5826 1.2577 1.8362 1.9173 2.5108 1.5934 1.9107 0.8784 1.0832 1.0204 1.2625 1.1888 1.4957 1.3828 1.1867 1.5236 2.3569 1.2382 1.6829 1.1735 1.0502 0.8457 0.6994 0.7370 0.4017 0.7325 0.7931 0.6840 0.6395 0.4986 0.6642 0.7223 1.0679 0.3353 0.4984 0.4109 0.1660 0.2402 0.3009 0.1094 0.1440 0.2485 0.1978 0.5769 0.2382 0.2283 0.1729 0.1190 0.2106 0.0615 0.0609 0.0963 0.8220 0.7182 0.0799 0.0466 0.9080
0.2063 0.3809 0.0000 0.4115 0.5465 0.3741 0.2769 0.2781 0.4583 0.3486 0.4160 0.4028 0.3494 0.5425 0.4199 0.4861 0.4885 0.7806 0.4748 0.4538 0.3131 0.3605 0.2644 0.2344 0.2835 0.3047 0.3385 0.3537 0.4786 0.7694 0.4690 0.6715 0.4788 0.4478 0.3300 0.2881 0.3437 0.2661 0.5341 0.5216 0.4826 0.4943 0.3308 0.4712 0.5394 0.6294 0.3657 0.2483 0.2821 0.1901 0.2060 0.1665 0.1825 0.2063 0.3306 0.1952 0.3797 0.2426 0.1605 0.2169 0.1022 0.3311 0.1297 0.0683 0.0784 0.1584 0.0449 0.0591 0.0882 0.0787
0.0377 0.0363 0.0000 0.0335 0.0254 0.0185 0.0070 0.0066 0.0211 0.1557 0.1339 0.0150 0.0053 0.1873 0.1101 0.1590 0.1515 0.2478 0.2001 0.2737 0.1446 0.2029 0.1612 0.1466 0.1555 0.1857 0.1643 0.1883 0.2412 0.3273 0.1414 0.2495 0.1706 0.1320 0.1408 0.1193 0.1066 0.0613 0.1584 0.1318 0.1412 0.1754 0.1382 0.2120 0.2793 0.3958 0.2319 0.1645 0.1710 0.1218 0.1492 0.1451 0.1752 0.1785 0.2754 0.1957 0.3411 0.2329 0.1622 0.1731 0.1510 0.2232 0.1205 0.1059 0.0909 0.1154 0.1132 0.1114 0.1544 0.1023
1.9339 2.7607 0.0000 3.1340 1.6322 2.1749 1.1599 0.5811 1.2808 2.0772 0.5698 0.8751 0.7957 1.1297 1.0400 0.7839 1.1947 1.0431 0.5109 0.7019 0.1902 0.2503 0.3839 3.4333 2.6240 0.3565 0.1293 3.3966 3.0577 4.8293 2.2023 3.9346 3.5690 4.0827 3.4632 3.4419 3.4627 2.0219 4.6973 4.3377 3.8443 5.0971 3.7573 4.4826 4.2284 6.4081 3.6470 2.1860 3.2256 2.2728 2.0456 1.5073 2.3432 2.0355 3.9680 3.1731 7.0191 5.0038 4.0113 5.1255 6.2138 9.3426 4.5164 4.1951 4.0727 5.5259 5.9626 4.8882 6.1009 5.2857
2.3171 3.5716 0.0000 3.2103 3.3280 2.0273 1.4245 1.1904 2.0545 2.0152 1.9395 2.1428 1.8086 1.9042 1.2511 1.3962 1.4684 2.2891 0.7675 1.9282 0.7334 0.5131 0.5458 1.1337 0.2579 0.4940 0.4869 0.5103 0.7234 0.6389 0.4636 0.4472 0.2447 0.2622 0.1142 0.1064 0.2066 1.4111 2.0717 0.1982 0.0720 2.7127 1.2467 1.9163 1.9102 2.9298 2.2146 1.9221 2.3003 1.8642 1.9267 1.5038 2.0969 2.0243 3.3335 2.6256 5.7802 3.1650 1.8179 2.5183 2.1527 2.8096 1.9698 1.8093 1.2911 1.3391 1.8618 1.4079 2.3753 2.1265
0.4693 0.7805 0.0000 1.0150 1.3226 0.9348 0.5607 0.4955 0.9673 0.9883 0.9971 0.9358 0.7113 0.9805 0.5956 0.7178 0.7926 0.9303 0.6219 0.7137 0.3579 0.4177 0.3476 0.4343 0.3715 0.4757 0.4099 0.3186 0.3464 0.4530 0.2256 0.3881 0.1462 0.2867 0.1751 0.0868 0.1169 0.1519 0.0737 0.1093 0.1147 0.1446 0.1109 0.0954 0.1512 0.1251 0.0571 0.0464 0.0285 0.0216 0.0432 0.3928 0.3483 0.0327 0.0221 0.5242 0.7064 0.4762 0.2897 0.4052 0.4597 0.8687 0.5402 0.5813 0.5239 0.5848 0.8105 0.6134 0.8735 0.5911
9.1986 11.7784 0.0000 11.8979 11.2324 6.3268 5.5036 5.0460 6.8956 5.6727 7.7426 6.7465 6.6073 9.7949 7.6542 9.2609 11.7716 17.3382 14.1653 18.0942 13.9862 14.7583 13.8912 14.8364 12.6417 13.1701 10.3185 11.4649 11.5248 13.9813 7.5474 9.7858 8.2867 7.4222 5.9771 4.9386 5.2085 4.8163 8.7818 7.6499 7.3910 7.3077 3.5263 4.4920 4.8853 7.2166 2.2657 3.3706 2.9040 1.1739 1.6244 3.2515 0.7735 1.3288 2.9088 2.3150 4.3225 1.6837 1.7544 1.3279 0.8966 1.5857 0.4632 0.4583 0.7252 11.1194 8.6103 0.5652 0.3298 9.2548
0.2967 0.4661 0.0000 0.5036 0.6309 0.4909 0.3983 0.4075 0.7790 0.6470 0.8945 0.7671 0.5752 0.6389 0.4953 0.5002 0.4896 0.7292 0.4843 0.5239 0.3165 0.4162 0.2523 0.2697 0.3272 0.3517 0.3164 0.3730 0.4467 0.6834 0.4113 0.6692 0.6148 0.6124 0.6504 0.7212 0.6773 0.4556 0.8235 0.6628 0.5202 0.6946 0.4019 0.4749 0.5599 0.6232 0.4401 0.2989 0.3396 0.2290 0.2479 0.3091 0.3388 0.2967 0.5624 0.3513 0.4584 0.2801 0.1853 0.2504 0.1181 0.3823 0.1566 0.0825 0.0905 0.2696 0.0542 0.0858 0.1598 0.1427
0.1489 0.1305 0.0000 0.1357 0.1012 0.0737 0.0280 0.0264 0.0838 1.0647 0.7266 0.0528 0.0191 0.8120 0.4302 0.5302 0.5123 0.8259 0.6667 0.9780 0.5651 0.8073 0.7054 0.7119 0.8609 0.9253 0.8193 0.6559 0.8694 1.0281 0.4444 0.7838 0.5357 0.4398 0.4427 0.3975 0.3354 0.2042 0.5279 0.4394 0.4440 0.6295 0.4343 0.6470 0.8505 1.1880 0.9095 0.6874 1.0291 0.7333 0.9330 0.7542 0.8235 0.6934 1.0104 0.8531 1.4118 0.8001 0.5739 0.5844 0.6189 0.9158 0.4944 0.4342 0.3730 0.5606 0.5496 0.4353 0.6759 0.4734
0.3570 0.5096 0.0000 0.5789 0.3013 0.4014 0.2141 0.1072 0.2364 0.5036 0.1052 0.1812 0.2089 0.2967 0.2033 0.1448 0.2396 0.2092 0.1004 0.1380 0.0374 0.0492 0.0755 1.1369 0.7058 0.0658 0.0239 0.8556 0.6222 0.9827 0.4485 0.8013 0.7263 0.8308 0.7047 0.7038 0.7750 0.5130 1.3664 1.0550 0.9349 1.0380 0.7788 0.9122 0.8604 1.3040 0.7427 0.4448 0.6564 0.4625 0.4169 0.3067 0.4768 0.4142 0.8087 0.7245 1.4295 1.0215 0.8169 1.0430 1.1832 1.9473 1.2119 1.1329 1.0929 1.6557 1.5822 1.0715 1.3513 1.2793
5.1923 6.8755 0.0000 6.3758 7.7430 4.5429 3.1922 2.6697 4.6039 4.5959 4.5596 4.0402 3.7505 4.1793 2.3588 2.6325 2.7687 4.3161 1.4472 3.6356 1.3828 0.9674 1.0299 2.3490 0.4862 0.9315 1.1446 1.1988 1.3640 1.2057 0.8742 0.8432 0.4618 0.4944 0.2155 0.2005 0.3896 3.8432 4.8706 0.3737 0.1357 6.0788 2.5584 3.9327 3.9201 6.0126 4.5449 3.9446 4.7206 3.8257 3.9541 3.2559 5.2135 4.2211 6.9514 5.3882 11.3609 6.5004 3.7307 5.1721 4.4177 5.7658 4.0424 3.7130 2.6539 2.7482 3.8207 2.8916 4.8824 4.9003
0.7215 1.2046 0.0000 1.5628 1.9347 1.2625 0.9718 0.8602 1.6750 1.8777 2.0471 1.5521 1.1911 1.7943 1.0900 1.1284 1.2865 1.5100 1.1806 1.3070 0.6550 0.7644 0.6367 0.6832 0.6025 0.7319 0.6306 0.5155 0.5324 0.6963 0.3467 0.5971 0.2250 0.4408 0.2694 0.1334 0.1797 0.2336 0.1133 0.1680 0.1860 0.2343 0.1705 0.1467 0.2325 0.1923 0.0878 0.0714 0.0438 0.0333 0.0665 0.7421 0.5649 0.0503 0.0339 0.9600 1.1876 0.8903 0.5339 0.7576 0.8595 1.5972 0.9082 0.9595 0.7862 0.7911 1.0601 0.8198 1.1675 1.1394
0.4832 0.6702 0.0000 0.6770 0.6392 0.3364 0.3132 0.2683 0.3924 0.3016 0.4116 0.3587 0.3757 0.5578 0.4356 0.5796 0.7385 1.0868 0.8171 0.9798 0.4840 0.5969 0.5623 0.6952 0.6551 0.8531 0.6510 0.6508 0.6542 0.8750 0.4575 0.5932 0.4708 0.4213 0.3393 0.2804 0.2957 0.1851 0.3375 0.3654 0.3151 0.2946 0.1875 0.2388 0.2597 0.3837 0.1205 0.1792 0.1544 0.0624 0.0864 0.1386 0.0411 0.0629 0.1145 0.0912 0.2170 0.0895 0.0858 0.0650 0.0448 0.0792 0.0231 0.0229 0.0362 0.4530 0.3309 0.0301 0.0175 0.4980
0.3681 0.6797 0.0000 0.7343 0.9676 0.6677 0.4946 0.4968 0.8178 0.6226 0.8230 0.7252 0.6290 0.9774 0.7565 0.8683 0.8656 1.3832 0.8407 0.8033 0.5543 0.6382 0.4681 0.4150 0.5018 0.5394 0.5993 0.6761 0.8474 1.3632 0.8217 1.1993 0.9473 0.8859 0.7100 0.6204 0.7395 0.5726 1.1492 1.1286 1.0561 1.0704 0.7163 0.9466 1.0810 1.2032 0.7838 0.5322 0.6052 0.4077 0.4414 0.2974 0.3260 0.3684 0.5904 0.3487 0.6723 0.4295 0.2842 0.3844 0.1811 0.5862 0.2296 0.1210 0.1387 0.2830 0.0795 0.1055 0.1575 0.1405
0.0392 0.0378 0.0000 0.0349 0.0265 0.0193 0.0073 0.0069 0.0220 0.1973 0.1407 0.0156 0.0055 0.2385 0.1114 0.1501 0.1447 0.2340 0.1889 0.2768 0.1463 0.2051 0.1631 0.1590 0.1913 0.2067 0.1830 0.1931 0.2473 0.3090 0.1346 0.2356 0.1624 0.1246 0.1341 0.1126 0.1052 0.0583 0.1496 0.1244 0.1392 0.1974 0.1317 0.2029 0.2652 0.3645 0.2610 0.1852 0.2288 0.1629 0.1996 0.1943 0.2344 0.2162 0.3168 0.2820 0.4423 0.2507 0.1800 0.1831 0.1941 0.2869 0.1549 0.1362 0.1169 0.1253 0.1228 0.1127 0.1562 0.1053
0.1359 0.1940 0.0000 0.2203 0.1146 0.1529 0.0815 0.0408 0.0900 0.1564 0.0400 0.0621 0.0627 0.0892 0.0731 0.0551 0.0844 0.0737 0.0359 0.0493 0.0134 0.0176 0.0270 0.3419 0.2119 0.0251 0.0091 0.3415 0.2127 0.3527 0.1686 0.2876 0.3081 0.2840 0.2409 0.2394 0.2409 0.1471 0.3770 0.3155 0.2796 0.3545 0.2616 0.3319 0.3869 0.5652 0.3337 0.1887 0.2951 0.1962 0.1937 0.1351 0.2022 0.1757 0.3758 0.3366 0.6423 0.4746 0.3418 0.3918 0.3996 0.6169 0.3625 0.3364 0.3269 0.4474 0.4832 0.3883 0.5691 0.4654
0.2288 0.2979 0.0000 0.2763 0.3231 0.1968 0.1383 0.1156 0.1995 0.1266 0.1218 0.1287 0.1086 0.1165 0.0891 0.1040 0.1094 0.1706 0.0572 0.1437 0.0523 0.0366 0.0407 0.0681 0.0184 0.0306 0.0306 0.0320 0.0515 0.0456 0.0329 0.0317 0.0174 0.0187 0.0081 0.0076 0.0147 0.0985 0.1301 0.0141 0.0051 0.1955 0.0803 0.1364 0.1425 0.2086 0.1862 0.1237 0.1481 0.1200 0.1240 0.0887 0.1250 0.1170 0.1926 0.1678 0.3538 0.2230 0.1620 0.2216 0.1919 0.2362 0.1756 0.1521 0.1151 0.1130 0.1565 0.1185 0.2117 0.2068
0.4942 0.8810 0.0000 0.8724 0.9495 0.6039 0.3965 0.3501 0.6834 0.7072 0.7498 0.7648 0.6926 0.8058 0.6252 0.8500 0.9113 1.0696 0.6953 0.7985 0.4002 0.4670 0.3890 0.3027 0.2590 0.3621 0.3120 0.2425 0.3290 0.4499 0.2240 0.3858 0.1454 0.2848 0.1664 0.0825 0.1161 0.1156 0.0700 0.0881 0.0818 0.1031 0.1053 0.0907 0.1428 0.1183 0.0543 0.0441 0.0271 0.0206 0.0411 0.2795 0.2428 0.0311 0.0210 0.4087 0.5564 0.4592 0.2914 0.3904 0.5230 0.7483 0.4255 0.4492 0.3684 0.3706 0.4505 0.3557 0.5066 0.4948
0.4679 0.6946 0.0000 0.9005 0.9005 0.4564 0.4416 0.3640 0.5533 0.4105 0.5590 0.4867 0.5297 0.8232 0.6141 0.7934 0.8567 1.1309 0.7912 0.9488 0.4587 0.5657 0.5329 0.6593 0.6208 0.7565 0.6994 0.6197 0.7956 1.1920 0.7077 0.8753 0.6398 0.5726 0.4611 0.3813 0.4018 0.1934 0.3526 0.3817 0.3292 0.3078 0.2432 0.3243 0.3527 0.5210 0.1636 0.2432 0.2005 0.0810 0.1173 0.1448 0.0534 0.0693 0.1196 0.0952 0.2817 0.1162 0.1114 0.0844 0.0581 0.1029 0.0300 0.0297 0.0470 0.4345 0.3457 0.0390 0.0228 0.4742
1.0316 1.9892 0.0000 2.1489 3.5024 1.8714 1.3851 1.3923 2.2922 1.7436 1.8934 1.8334 1.5901 2.4691 1.9110 2.2340 2.7746 4.1826 3.2157 2.9080 2.1203 2.3101 1.7904 1.5873 1.8166 1.9524 2.2924 2.7657 2.9005 3.8638 1.9754 2.8807 2.1619 2.0202 1.5694 1.3703 1.6345 1.2646 2.5400 2.3968 2.2178 2.3640 1.7468 2.5491 3.1532 5.1722 2.7240 1.8496 2.1014 1.4170 1.5340 0.8335 0.9137 1.0325 1.6547 0.9765 2.2091 1.5548 1.0288 1.3913 0.6556 2.1220 0.7540 0.3973 0.5022 0.7925 0.2613 0.2954 0.4410 0.3939
0.1277 0.1232 0.0000 0.1119 0.0864 0.0629 0.0239 0.0225 0.0715 0.4306 0.3853 0.0500 0.0180 0.5151 0.2409 0.3632 0.3664 0.5662 0.5946 0.5989 0.3162 0.4438 0.3526 0.3204 0.3973 0.4096 0.3627 0.3825 0.4900 0.6574 0.3866 0.6437 0.5561 0.4851 0.5409 0.4116 0.4337 0.2406 0.5467 0.4550 0.5741 0.8141 0.4034 0.5495 0.6136 0.7682 0.5171 0.3669 0.4534 0.3230 0.3955 0.3990 0.4818 0.4287 0.7261 0.5300 1.1193 0.6757 0.5089 0.6603 0.8902 1.1844 0.6393 0.5615 0.4824 0.2524 0.2474 0.2436 0.3376 0.2236
5.8162 11.2414 0.0000 12.7613 6.2046 8.2675 3.8211 1.9143 4.8725 5.0021 1.8771 2.1074 1.9160 2.7226 3.4815 2.6240 3.4715 2.9616 1.7103 2.3495 0.6367 0.8371 1.2852 10.6611 6.3189 1.1744 0.4326 10.0210 7.6635 13.5373 6.4715 11.0382 13.0249 10.2325 8.6867 8.6265 8.6787 4.9396 11.2844 9.4447 8.3703 11.3221 7.8290 10.4047 13.3630 19.1034 13.9746 10.9403 14.6079 10.6785 11.5607 8.0611 11.0092 9.5557 22.4243 16.4489 24.0672 15.2180 10.3389 11.8402 11.9717 18.4812 10.8499 10.0781 9.7919 13.4029 14.4738 11.6309 17.0335 13.9432
1.3927 1.9644 0.0000 2.4351 3.2628 2.6064 1.7429 1.4564 2.5116 0.8783 0.8453 0.9582 0.8087 0.8522 0.8297 1.2527 1.2790 2.0521 0.6429 1.6163 0.5324 0.3727 0.4575 0.5069 0.1873 0.2342 0.2174 0.2276 0.5336 0.4716 0.2954 0.2513 0.1805 0.1934 0.0842 0.0785 0.1524 0.6185 0.9030 0.1440 0.0531 1.2101 0.5592 0.9622 1.0406 1.4711 1.4465 0.8622 1.0318 0.8362 0.8643 0.6183 0.7665 0.6696 1.1027 1.0430 1.9274 1.2334 0.9911 1.2604 1.3838 2.8373 1.4965 1.5202 1.5435 1.5149 1.7482 1.3231 2.2519 1.7825
0.7218 1.0271 0.0000 1.0145 1.1329 0.7200 0.5507 0.4863 0.9492 0.9823 1.0414 0.9635 0.8593 1.1191 0.8683 0.9575 1.1453 1.7127 1.4787 2.1193 1.4693 1.6306 1.3570 0.4778 0.4087 0.5715 0.4924 0.3824 0.6885 1.2894 0.6233 1.1057 0.3724 0.7297 0.3813 0.1890 0.2978 0.1824 0.1604 0.1401 0.1291 0.1628 0.2452 0.2111 0.2888 0.1979 0.1263 0.1026 0.0631 0.0479 0.0956 0.3938 0.3832 0.0712 0.0488 0.5676 0.7815 0.6449 0.4243 0.5487 0.8098 1.0511 0.5981 0.6314 0.5174 0.5210 0.5776 0.4396 0.6261 0.6645
0.7701 1.1515 0.0000 1.4939 1.8113 1.5290 1.0498 1.0154 2.0696 1.7067 1.7398 1.5160 1.5714 1.9790 1.1045 1.2287 1.3258 1.7515 1.2592 1.5099 0.8230 1.0157 0.9561 1.1829 1.1139 1.2712 1.1584 1.1128 1.4275 1.8447 1.0447 1.7273 1.6743 1.8713 1.9825 2.0904 2.0680 0.3803 0.6935 0.7509 0.6476 0.6055 0.6269 1.3089 1.4110 2.0794 0.5329 0.7921 0.5660 0.2286 0.3817 0.2849 0.1506 0.1373 0.2353 0.1873 0.8075 0.3332 0.2773 0.1738 0.1666 0.2948 0.0861 0.0851 0.1348 0.7820 0.6800 0.1101 0.0652 0.8508
0.2614 0.5040 0.0000 0.5445 0.8875 0.4742 0.3510 0.3528 0.5808 0.4418 0.4813 0.4214 0.3658 0.6172 0.4187 0.4894 0.6251 0.9163 0.7158 1.1392 0.5578 0.7530 0.7412 0.7302 0.6617 0.7106 0.7520 0.6991 0.6452 0.8411 0.4300 0.6271 0.5069 0.4737 0.4152 0.3625 0.4324 0.3346 0.6720 0.5939 0.5413 0.6254 0.4622 0.5817 0.7195 1.0204 0.8249 0.6990 1.0447 0.8433 1.0186 0.2110 0.2315 0.2614 0.4193 0.2474 0.7334 0.7338 0.4813 0.6494 0.2496 0.8077 0.2742 0.1445 0.1913 0.2008 0.0950 0.0755 0.1117 0.0998
2.2063 2.1287 0.0000 1.4098 1.4910 1.0864 0.4128 0.3889 1.2363 5.4209 4.6313 0.8632 0.3114 6.4642 6.0615 6.4019 7.7069 9.9803 7.8344 11.4918 6.6505 9.5015 8.7662 12.7373 8.7880 10.0130 6.8754 7.0919 7.0892 9.8129 4.9889 7.2811 6.1214 5.1679 5.0178 4.6706 3.5862 2.3989 6.2032 5.1588 4.3892 4.7577 3.8664 4.9332 6.5000 9.0792 6.2501 4.7239 6.9095 5.2779 5.5385 4.7315 5.1411 4.4197 6.4096 5.2880 8.7508 5.4194 4.0332 4.6971 3.9013 6.3642 3.8086 3.3452 2.8714 16.9756 14.5616 6.1283 10.2324 12.1865
0.3058 0.3665 0.0000 0.4160 0.2165 0.2887 0.1820 0.0912 0.1700 0.6487 0.0894 0.2195 0.3214 0.4564 0.1908 0.1283 0.2795 0.2470 0.0943 0.1295 0.0351 0.0461 0.0708 0.5213 0.6072 0.0559 0.0212 0.3246 0.5130 0.6699 0.3628 0.5462 0.4955 0.5668 0.5271 0.5331 0.6228 0.5834 0.8585 0.7348 0.5050 0.6266 0.3605 0.4861 0.5397 0.6762 0.4742 0.3035 0.4157 0.3155 0.2489 0.2092 0.3253 0.2826 0.4464 0.3057 0.7106 0.4348 0.3486 0.4454 0.4602 0.7573 0.5263 0.5241 0.4360 0.5405 0.5252 0.3816 0.4786 0.4427
0.1862 0.2696 0.0000 0.2964 0.2719 0.1826 0.1423 0.1189 0.2052 0.8017 0.9737 0.3446 0.3558 0.7027 0.1834 0.1859 0.1955 0.3046 0.1021 0.2568 0.1066 0.0747 0.0727 0.3173 0.0375 0.1303 0.2203 0.2309 0.1275 0.0971 0.1036 0.1011 0.0434 0.0464 0.0202 0.0188 0.0366 0.1816 0.4507 0.0288 0.0109 0.2179 0.4881 0.4469 0.4943 0.6833 0.3876 0.3541 0.5077 0.3577 0.3697 0.2690 0.2977 0.2828 0.4710 0.4073 0.6502 0.4334 0.2928 0.3353 0.3529 0.4922 0.3203 0.3167 0.1982 0.2346 0.3261 0.2466 0.3372 0.2589
0.5302 0.7587 0.0000 0.9867 1.0966 0.6986 0.5547 0.5066 0.8792 0.8006 0.8481 0.8173 0.6242 0.8563 0.5202 0.6314 0.7469 1.0026 0.5926 0.7503 0.4165 0.4865 0.4049 0.8087 0.6376 1.7788 1.0114 0.6878 0.7538 0.7024 0.3497 0.6018 0.2267 0.4446 0.3814 0.1889 0.1896 0.3747 0.1603 0.2502 0.2369 0.2985 0.2488 0.2077 0.3461 0.2866 0.1288 0.1047 0.0643 0.0489 0.0975 0.4015 0.5423 0.0712 0.0480 0.4578 1.8052 1.0445 0.8071 0.8888 0.8074 1.5258 1.0303 1.0227 0.9732 1.0085 0.9863 0.8164 1.0296 0.9639
0.7531 1.1730 0.0000 1.1531 1.3401 0.7689 0.6514 0.6132 0.7705 0.6894 0.9409 0.8199 0.6821 0.8333 0.7111 0.7948 1.0128 1.4917 1.0689 1.2829 0.8146 1.0960 0.8694 0.9285 0.7950 0.9450 0.7369 0.7456 0.7495 1.0669 0.5970 0.8854 0.5880 0.5806 0.5184 0.4283 0.4517 0.6797 1.1597 1.3526 1.6973 1.1795 0.6325 0.5459 0.5937 0.8770 0.2753 0.4096 0.5172 0.2091 0.2156 0.6384 0.1376 0.2561 0.4706 0.3749 0.8332 0.3126 0.3379 0.2560 0.1727 0.3056 0.0893 0.0883 0.1398 0.8258 0.9974 0.1006 0.0612 0.6019
0.6907 0.9338 0.0000 1.0080 1.1557 0.8999 0.7302 0.7470 1.4281 1.5053 1.1815 1.1223 0.8322 1.1712 0.6864 0.8358 0.8974 1.1847 0.8871 0.9603 0.5803 0.7623 0.4626 0.4945 0.5999 0.6443 0.5476 0.4935 0.6962 0.9128 0.5506 0.8959 0.7208 0.6752 0.7286 0.6941 0.6971 0.4660 0.8462 0.7401 0.5776 0.7155 0.4140 0.5635 0.6893 0.8776 0.4857 0.3638 0.4579 0.3088 0.3343 1.1377 1.2166 0.6907 1.3693 1.7775 1.0777 0.5134 0.3397 0.4591 0.2163 0.7007 0.3652 0.1924 0.1658 0.9338 0.1265 0.2796 0.6841 0.6110
0.0721 0.0599 0.0000 0.0827 0.0490 0.0357 0.0136 0.0128 0.0406 0.2089 0.2576 0.0236 0.0088 0.1605 0.1922 0.3101 0.4110 0.4835 0.2932 0.3405 0.1872 0.2521 0.2005 0.1847 0.1600 0.1881 0.1687 0.2101 0.2038 0.3114 0.1868 0.2716 0.2292 0.2534 0.1879 0.2051 0.1760 0.1176 0.3044 0.2531 0.1927 0.1782 0.1447 0.1821 0.2093 0.2882 0.1804 0.1282 0.1505 0.1105 0.1206 0.1130 0.1363 0.1332 0.2046 0.1460 0.2865 0.2005 0.1510 0.1759 0.1548 0.2794 0.1867 0.1641 0.1409 0.1711 0.1549 0.1943 0.2833 0.1631
2.3146 1.3735 0.0000 1.5592 0.8671 1.0812 0.9602 0.4593 0.7543 1.1801 0.4500 0.5610 0.4502 0.5780 1.0719 0.8079 1.0688 0.8472 0.5266 0.7234 0.1960 0.2577 0.3957 0.8011 0.8444 0.2815 0.1332 0.6841 0.9568 1.6901 0.8369 1.3781 1.6261 1.2775 1.0836 1.0770 1.0835 0.6167 1.1545 1.0509 0.9434 1.4124 0.7883 1.1745 1.6081 2.0083 1.5562 1.4318 1.3655 1.3321 1.6614 1.4807 1.9368 1.6811 2.0188 1.1782 2.1736 1.2780 0.8929 1.0762 1.0110 1.5645 0.8726 0.8356 0.7230 0.9523 1.0284 0.8754 1.2161 0.9301
0.9262 1.5146 0.0000 1.8581 2.1201 1.5760 1.4510 1.3879 2.3935 1.1251 1.0828 1.2274 1.0360 1.0916 1.1868 3.5438 3.0010 5.0073 1.3858 3.4814 0.9938 0.6958 0.9854 0.6494 0.3494 0.3021 0.2784 0.2916 0.9609 0.8493 0.5320 0.4229 0.3251 0.3483 0.1518 0.1413 0.2744 0.5149 1.1567 0.2685 0.0956 0.8738 0.6725 1.1571 1.3330 1.7691 1.7396 1.0369 1.2409 1.0056 1.0394 0.7435 0.8368 0.7950 1.3261 1.2543 2.0024 1.4309 1.1919 1.3617 1.5836 3.1726 1.4375 1.8282 1.7551 2.1309 2.6530 2.0063 2.0227 1.3236
