0.4838 0.4702 0.0000 0.4845 0.4706 0.4368 0.4146 0.3919 0.4815 0.4345 0.4256 0.4179 0.4008 0.4750 0.3794 0.4137 0.4235 0.4747 0.4219 0.4340 0.3529 0.3952 0.3208 0.3275 0.3568 0.3674 0.3469 0.3284 0.3805 0.4250 0.3455 0.4237 0.3865 0.3758 0.3615 0.3526 0.3548 0.3022 0.4039 0.3903 0.3517 0.3869 0.3038 0.3479 0.3781 0.4176 0.3294 0.2890 0.3177 0.2694 0.2783 0.3535 0.3394 0.4681 0.4917 0.3922 0.4745 0.3331 0.2911 0.3212 0.2305 0.3783 0.3145 0.2365 0.2137 0.3669 0.1932 0.2320 0.2642 0.2538
0.9341 0.9012 0.0000 0.8881 0.7803 0.6883 0.4530 0.4420 0.7221 1.3800 1.4739 0.6143 0.3984 1.3352 1.5347 2.0111 1.8282 2.3115 1.7792 1.9892 1.5251 1.7576 1.6039 1.5261 1.4464 1.5482 1.4964 1.6293 1.6043 1.9161 1.4741 1.7218 1.6030 1.4900 1.4740 1.4565 1.2749 1.0772 1.6069 1.4865 1.3907 1.4548 1.3229 1.4530 1.6112 1.8511 1.5405 1.3212 1.4093 1.2404 1.2856 1.3050 1.3535 1.3425 1.5999 1.4717 1.7520 1.5105 1.3963 1.4438 1.3245 1.6159 1.3661 1.2821 1.1834 1.4288 1.3926 1.6157 1.7185 1.3688
0.0709 0.0689 0.0000 0.0725 0.0557 0.0625 0.0568 0.0422 0.0518 0.0669 0.0414 0.0478 0.0445 0.0485 0.0541 0.0479 0.0571 0.0535 0.0396 0.0451 0.0259 0.0290 0.0352 0.0646 0.0662 0.0338 0.0221 0.0606 0.0781 0.0968 0.0880 0.0891 0.0756 0.0765 0.0727 0.0710 0.0717 0.0572 0.0732 0.0705 0.0658 0.0791 0.0612 0.0719 0.0783 0.0857 0.0750 0.0625 0.0702 0.0626 0.0572 0.0555 0.0642 0.0605 0.0721 0.0650 0.0877 0.0709 0.0649 0.0698 0.0679 0.0810 0.0665 0.0664 0.0600 0.0674 0.0693 0.0664 0.0712 0.0657
1.5847 1.9474 0.0000 2.0332 1.9540 1.6638 1.5167 1.4055 1.7625 2.0223 1.9069 2.2193 2.1616 2.0439 2.1427 1.7022 1.7747 2.0787 1.4477 1.9873 1.6939 1.4445 1.3168 1.8643 1.0745 1.3932 1.3071 1.2600 1.7242 1.5863 1.4424 1.4107 1.0820 1.1154 0.7795 0.7705 1.0080 1.3324 1.8694 0.9576 0.6218 1.6389 1.8355 2.4320 2.3416 3.1027 2.1914 1.9530 2.0999 1.9286 1.9523 1.7637 1.7743 1.7399 2.1540 2.2327 2.5622 2.2282 2.0021 2.0532 2.0896 2.3812 2.0890 2.0629 1.6609 1.7832 2.0465 1.8719 2.0349 1.8308
2.7007 3.1131 0.0000 3.4317 3.4786 2.8960 2.5221 2.4271 3.0530 3.0724 3.1252 3.1061 2.8694 3.1376 2.5994 2.8950 3.1052 3.5060 2.8130 3.0975 2.4273 2.5832 2.4051 2.7588 2.5529 3.3355 3.0811 2.5823 3.2185 3.0128 2.2537 2.8328 1.8984 2.4900 2.4034 1.8086 1.7772 2.0201 1.6426 1.8562 1.7252 1.8374 1.9817 1.8465 2.2396 2.0527 1.4931 1.3572 1.0937 0.9764 1.3142 2.2875 2.4902 1.1655 0.9752 2.5434 3.6437 3.3736 2.8969 3.1825 3.9358 4.1376 3.4225 3.4781 3.1468 3.1515 3.1448 2.9903 3.3281 3.4436
0.8913 1.1052 0.0000 1.1953 1.3290 1.0573 0.9848 0.9606 1.0502 1.0087 1.1450 1.0815 1.0137 1.0861 0.9900 1.0224 1.0619 1.2166 1.0295 1.1080 0.8425 0.9305 0.8693 0.9295 0.9078 0.9836 0.9354 0.8840 0.9707 1.1494 0.9091 1.1172 0.9376 0.9327 0.8894 0.8349 0.8382 0.7019 0.8997 0.9331 0.8781 0.8616 0.7743 0.9088 0.9391 1.1062 0.6826 0.8061 0.7073 0.4806 0.5869 0.6445 0.3998 0.4485 0.5638 0.5423 0.8177 0.5608 0.5720 0.4910 0.4178 0.5280 0.3273 0.3233 0.3890 0.8438 0.9112 0.3656 0.2766 0.8098
0.3005 0.3695 0.0000 0.3808 0.4187 0.4084 0.3412 0.3350 0.4116 0.3688 0.3640 0.3574 0.3430 0.4226 0.3376 0.3680 0.3767 0.4223 0.3754 0.3861 0.3140 0.3516 0.2855 0.2913 0.3174 0.3269 0.3086 0.2921 0.3385 0.3781 0.3075 0.3770 0.3439 0.3345 0.3094 0.3015 0.3036 0.2688 0.3593 0.3473 0.3129 0.3442 0.2703 0.3095 0.3364 0.3716 0.2931 0.2571 0.2827 0.2397 0.2476 0.2797 0.2782 0.3006 0.3578 0.3024 0.3645 0.2963 0.2590 0.2857 0.2051 0.3366 0.2416 0.1817 0.1864 0.2670 0.1484 0.1783 0.2020 0.1940
0.0815 0.0786 0.0000 0.0775 0.0681 0.0601 0.0395 0.0386 0.0630 0.1340 0.1432 0.0536 0.0348 0.1349 0.1376 0.1418 0.1442 0.1695 0.1556 0.1867 0.1620 0.1679 0.1532 0.1459 0.1382 0.1479 0.1429 0.1496 0.1473 0.1708 0.1289 0.1508 0.1402 0.1303 0.1289 0.1274 0.1115 0.0942 0.1405 0.1300 0.1216 0.1272 0.1157 0.1279 0.1436 0.1650 0.1414 0.1213 0.1345 0.1185 0.1227 0.1198 0.1243 0.1224 0.1426 0.1351 0.1575 0.1328 0.1221 0.1263 0.1159 0.1413 0.1195 0.1121 0.1035 0.1349 0.1330 0.1448 0.1544 0.1259
0.9515 1.0832 0.0000 1.1403 0.8574 0.9825 0.7622 0.5660 0.7753 1.0694 0.5558 0.6894 0.6884 0.7871 0.7354 0.6430 0.7847 0.7352 0.5391 0.6150 0.3533 0.3959 0.4803 1.1097 1.1376 0.4543 0.2967 0.9996 1.2755 1.4844 1.0693 1.3656 1.3116 1.3910 1.3501 1.4149 1.3613 1.0725 1.3906 1.3378 1.2800 1.4696 1.1362 1.3026 1.3581 1.4891 1.3013 1.0669 1.2162 1.0857 0.9778 0.9476 1.0964 1.0339 1.2502 1.1268 1.5214 1.2376 1.1754 1.2652 1.2616 1.5038 1.2931 1.2602 1.1665 1.2550 1.2884 1.2306 1.2891 1.2195
1.1177 1.3435 0.0000 1.3954 1.3406 1.1418 1.0252 0.9500 1.1913 1.3990 1.3651 1.4336 1.3629 1.3696 1.0957 1.1506 1.1672 1.4055 0.8823 1.3070 0.8695 0.7413 0.7675 1.0953 0.5514 0.7325 0.7693 0.7773 0.8612 0.8112 0.7143 0.6983 0.5391 0.5558 0.3884 0.3840 0.5023 1.0012 1.4047 0.4914 0.3180 1.2049 1.1277 1.2982 1.3253 1.5460 1.3951 1.3051 1.4602 1.3518 1.4860 1.3189 1.3269 1.3007 1.5198 1.4920 1.7128 1.4454 1.2746 1.3089 1.3303 1.5160 1.3300 1.3133 1.0574 1.1353 1.3029 1.1917 1.2955 1.1656
1.2420 1.4400 0.0000 1.6079 1.6797 1.3984 1.3297 1.3106 1.6091 1.5454 1.5090 1.4890 1.3444 1.5145 1.2285 1.3382 1.4280 1.6123 1.2936 1.4244 1.1162 1.1875 1.1060 1.4722 1.3790 1.4801 1.5116 1.3423 1.2410 1.3855 1.0364 1.3027 0.8554 1.1451 0.9267 0.6971 0.7781 0.9808 0.6334 0.8068 0.8394 0.9371 0.8026 0.7174 0.9172 0.8406 0.6060 0.5510 0.4439 0.3963 0.5335 1.2356 1.3451 0.4494 0.3790 1.2277 1.5782 1.3276 1.1611 1.2524 1.3145 1.7097 1.4717 1.5070 1.4546 1.8665 1.6251 1.5046 1.4918 1.4230
0.7374 0.8757 0.0000 0.8659 0.9219 0.7337 0.6832 0.6664 0.7286 0.7000 0.7946 0.7503 0.7035 0.7537 0.7080 0.7442 0.8204 0.9639 0.8500 0.9396 0.7855 0.8826 0.8107 0.8444 0.7879 0.7971 0.7252 0.7442 0.7443 0.8358 0.6579 0.7751 0.6504 0.6473 0.6172 0.5794 0.5815 0.7853 1.0196 0.7984 0.8122 0.9061 0.5747 0.6307 0.6517 0.7674 0.4736 0.5594 0.5230 0.3554 0.4073 0.6063 0.2957 0.3882 0.6323 0.6084 0.6377 0.4197 0.4538 0.3896 0.3266 0.4128 0.2558 0.2527 0.3041 0.8252 0.9304 0.2704 0.2071 0.6817
0.6308 0.7619 0.0000 0.7850 0.8635 0.7838 0.7163 0.7245 0.9497 0.9511 1.0977 0.9848 0.8422 0.8716 0.7741 0.7752 0.7770 0.9000 0.7739 0.7962 0.6473 0.7251 0.5886 0.6008 0.6547 0.6739 0.6399 0.6335 0.7347 0.8462 0.6878 0.8436 0.7868 0.7859 0.8366 0.8353 0.8214 0.7184 0.9174 0.8106 0.7320 0.8384 0.6583 0.7036 0.7528 0.7980 0.7014 0.5783 0.6079 0.5154 0.5325 0.7121 0.7176 0.6308 0.8254 0.7271 0.7518 0.6112 0.5342 0.5891 0.4228 0.6941 0.4980 0.3745 0.3845 0.6159 0.3061 0.3854 0.5156 0.4952
1.3282 1.2460 0.0000 1.2628 1.1091 0.9786 0.6441 0.6285 1.0267 2.9407 2.8154 0.8429 0.5508 2.5059 2.1724 2.3778 2.3832 2.8421 2.6099 3.0628 2.4436 2.8376 2.7626 2.8623 2.9753 3.3003 2.7613 2.5087 2.7652 2.9452 2.1616 2.6319 2.3515 2.1857 2.1614 2.1365 1.8695 1.5802 2.3563 2.1806 2.0642 2.2369 2.0568 2.3425 2.6302 3.0219 2.6498 2.3347 2.7371 2.4511 2.4977 2.4248 2.4075 2.2554 2.6218 2.5810 3.0083 2.4387 2.1769 2.2208 2.1303 2.4906 2.0150 1.8904 1.7456 2.6465 2.6109 2.2863 2.6895 2.3617
0.2460 0.2851 0.0000 0.3001 0.2258 0.2587 0.1970 0.1464 0.2040 0.2924 0.1437 0.1869 0.2099 0.2401 0.1971 0.1676 0.2104 0.1970 0.1445 0.1648 0.0947 0.1061 0.1287 0.3603 0.3505 0.1175 0.0773 0.2998 0.3314 0.3862 0.2781 0.3552 0.3412 0.3618 0.3509 0.3596 0.3564 0.2886 0.4107 0.3977 0.4177 0.3923 0.3290 0.3465 0.3533 0.4009 0.3385 0.2775 0.3165 0.2824 0.2544 0.2465 0.2852 0.2689 0.3273 0.3056 0.4171 0.3498 0.3322 0.3575 0.3646 0.4465 0.4027 0.3747 0.3634 0.3910 0.3850 0.3499 0.3656 0.3593
0.4115 0.4755 0.0000 0.4730 0.4753 0.3880 0.3332 0.3088 0.3873 0.4704 0.4591 0.4657 0.4460 0.4593 0.3562 0.3740 0.3794 0.4569 0.2868 0.4249 0.2827 0.2410 0.2495 0.3584 0.1792 0.2397 0.2580 0.2607 0.2799 0.2638 0.2322 0.2271 0.1752 0.1807 0.1262 0.1248 0.1633 0.3720 0.4724 0.1597 0.1034 0.4437 0.4004 0.4795 0.4771 0.5710 0.5153 0.4820 0.5184 0.4760 0.4820 0.4355 0.4381 0.4294 0.5456 0.5959 0.6668 0.5338 0.4709 0.4834 0.4913 0.5599 0.4912 0.4851 0.3905 0.4193 0.4814 0.4402 0.4787 0.4330
2.1674 2.5908 0.0000 2.8928 3.0387 2.5297 2.1586 2.0108 2.6221 2.6839 2.7300 2.6937 2.4280 2.7408 2.2233 2.4134 2.5006 2.7836 2.2536 2.4448 1.9158 2.0389 1.8983 2.2589 2.1157 2.4413 2.3192 2.0595 2.1300 2.3788 1.7795 2.2359 1.4681 1.9653 1.5906 1.1969 1.3359 1.5049 1.0871 1.2921 1.2879 1.4377 1.3115 1.2221 1.4858 1.3618 0.9881 0.8985 0.7238 0.6462 0.8700 1.8958 2.0638 0.7713 0.6454 2.2210 2.7295 2.4068 2.0256 2.2705 2.3831 3.0995 2.5638 2.6046 2.3573 2.3912 2.6190 2.5067 2.7745 2.7190
6.0883 6.6790 0.0000 6.6849 6.5051 5.0307 4.8370 4.5687 5.2889 4.7992 5.4477 5.1441 5.2830 5.8613 5.5674 6.0311 6.6483 7.8113 6.9555 7.5118 5.5944 5.8780 5.7743 6.2343 6.0512 6.4974 5.8989 5.8842 5.8848 6.7919 5.1891 6.0295 5.1058 4.8690 4.5068 4.2309 4.2476 3.9802 5.1020 5.2220 4.9143 4.8217 3.9155 4.3243 4.4682 5.2614 3.2469 3.8353 3.5769 2.4309 2.7923 3.6067 2.0215 2.4492 3.1640 3.0444 4.1108 2.8194 2.8994 2.4887 2.1004 2.6544 1.6452 1.6251 1.9555 5.3306 5.1669 1.8487 1.3905 5.3883
0.7960 1.0311 0.0000 1.0624 1.1686 1.0293 0.9042 0.9074 1.1149 0.9988 1.0068 0.9955 0.9500 1.1449 1.0173 1.1810 1.0765 1.3231 1.0506 1.0776 0.8787 0.9812 0.8043 0.8131 0.8860 0.9123 0.8997 0.8824 1.0329 1.1848 0.9630 1.1811 1.0364 1.0077 0.9133 0.8500 0.8997 0.8102 1.0829 1.0637 0.9804 1.0467 0.8369 0.9698 1.0270 1.1218 0.8848 0.7497 0.8013 0.6794 0.7020 0.7576 0.7535 0.7963 0.9689 0.8191 1.0175 0.8271 0.7229 0.7972 0.5724 0.9394 0.6740 0.5069 0.5203 0.7230 0.4142 0.4843 0.5471 0.5253
2.0834 2.0367 0.0000 1.9590 1.7362 1.5319 1.0080 0.9839 1.6072 3.5191 3.5994 1.3887 0.9007 3.7747 3.1425 3.7584 3.7448 4.4907 4.4316 4.6104 3.5349 4.0723 3.7174 3.5372 3.3512 3.5871 3.4684 3.7764 3.8547 4.5469 4.1188 4.5611 4.1593 3.7114 3.8244 3.6277 3.1756 2.6831 4.0023 3.7027 3.5184 3.8114 3.5045 3.8490 4.0718 4.4880 3.7015 3.1756 3.3165 2.8739 3.0380 3.1356 3.2520 3.2548 4.0309 3.5817 4.6412 4.0014 3.6976 3.7840 3.4713 4.0879 3.4026 3.1933 2.9477 3.2706 3.2266 3.3073 3.6178 3.0530
0.2220 0.2624 0.0000 0.2762 0.2077 0.2380 0.1779 0.1321 0.1878 0.2131 0.1297 0.1458 0.1420 0.1624 0.1694 0.1501 0.1788 0.1674 0.1239 0.1413 0.0812 0.0909 0.1104 0.2289 0.2347 0.1060 0.0692 0.2225 0.2477 0.3146 0.2311 0.2893 0.2986 0.2811 0.2621 0.2666 0.2622 0.2067 0.2769 0.2682 0.2554 0.2969 0.2585 0.3045 0.3289 0.3985 0.3086 0.2429 0.2885 0.2472 0.2318 0.2157 0.2496 0.2354 0.3066 0.2863 0.3906 0.3238 0.2899 0.2992 0.2870 0.3421 0.2750 0.2558 0.2490 0.2849 0.2931 0.2846 0.3168 0.2800
0.5528 0.6862 0.0000 0.6951 0.6681 0.5493 0.4795 0.4444 0.5572 0.5287 0.5159 0.5461 0.5151 0.5176 0.4799 0.5138 0.5212 0.6276 0.3940 0.5836 0.3808 0.3248 0.3429 0.4140 0.2415 0.2963 0.2907 0.2938 0.3772 0.3554 0.3121 0.3052 0.2362 0.2435 0.1702 0.1682 0.2201 0.3998 0.5309 0.2152 0.1393 0.5377 0.4463 0.5612 0.5697 0.6683 0.6760 0.5375 0.5779 0.5307 0.5373 0.4854 0.4884 0.4788 0.5928 0.6144 0.7257 0.6151 0.6170 0.6327 0.7137 0.7346 0.6964 0.6364 0.5202 0.5501 0.6313 0.5775 0.6596 0.6103
0.6690 0.7444 0.0000 0.7513 0.7547 0.6283 0.5361 0.5117 0.6512 0.6666 0.6780 0.6800 0.6525 0.6895 0.6216 0.6922 0.7425 0.8953 0.7184 0.7689 0.5861 0.6235 0.5807 0.5748 0.5384 0.6212 0.5901 0.5239 0.5998 0.7120 0.5326 0.6694 0.4396 0.5884 0.4478 0.3370 0.3998 0.3829 0.3061 0.3371 0.3276 0.3658 0.3715 0.3462 0.4174 0.3824 0.2799 0.2544 0.2050 0.1830 0.2464 0.4824 0.5252 0.2172 0.1828 0.5516 0.6936 0.6422 0.5599 0.6058 0.7128 0.7876 0.6515 0.6621 0.5990 0.5999 0.5986 0.5692 0.6335 0.6555
0.4208 0.5217 0.0000 0.5643 0.6274 0.6251 0.4649 0.5057 0.5985 0.5572 0.6325 0.5975 0.5485 0.5485 0.4672 0.4827 0.5013 0.5743 0.4860 0.5231 0.3977 0.4393 0.4104 0.4388 0.4286 0.4644 0.4416 0.4173 0.4583 0.5426 0.4292 0.5274 0.4853 0.5048 0.5070 0.4760 0.4779 0.3314 0.4248 0.4405 0.4145 0.4067 0.4109 0.5021 0.5188 0.6111 0.3771 0.4453 0.3905 0.2653 0.3242 0.3042 0.2207 0.2125 0.2661 0.2560 0.4516 0.3098 0.2991 0.2365 0.2308 0.2916 0.1808 0.1786 0.2148 0.3984 0.4302 0.2018 0.1528 0.3823
0.2820 0.3721 0.0000 0.3834 0.4726 0.3646 0.3202 0.3214 0.3949 0.3537 0.3491 0.3429 0.3290 0.4054 0.3344 0.3648 0.4248 0.4755 0.4579 0.4358 0.4249 0.3969 0.3530 0.3323 0.3583 0.3690 0.3948 0.3839 0.4017 0.4309 0.3301 0.3881 0.3406 0.3312 0.3001 0.2892 0.2958 0.2662 0.3559 0.3495 0.3348 0.3453 0.3014 0.3529 0.3856 0.4548 0.3850 0.3290 0.3517 0.2982 0.3081 0.2683 0.2669 0.2820 0.3431 0.2900 0.3871 0.3345 0.2924 0.3224 0.2314 0.3799 0.2564 0.1928 0.2104 0.2560 0.1576 0.1715 0.1937 0.1861
0.2502 0.2446 0.0000 0.2338 0.2085 0.1839 0.1211 0.1181 0.1930 0.3745 0.3999 0.1658 0.1081 0.3892 0.3644 0.4358 0.4344 0.5209 0.5360 0.5346 0.4099 0.4723 0.4310 0.4101 0.3887 0.4161 0.4022 0.4379 0.4311 0.5149 0.4257 0.4974 0.4829 0.5006 0.4439 0.5163 0.4283 0.3619 0.5397 0.4994 0.4671 0.4561 0.3865 0.4196 0.4441 0.4975 0.4140 0.3551 0.3786 0.3333 0.3455 0.3507 0.3637 0.3608 0.4396 0.3955 0.5062 0.4364 0.4033 0.4350 0.4257 0.5429 0.4589 0.4307 0.3976 0.3793 0.3742 0.3835 0.4196 0.3540
1.0394 1.3333 0.0000 1.4037 1.0555 1.2094 0.8662 0.6432 0.9543 0.9309 0.6316 0.6369 0.6204 0.7096 0.8304 0.7357 0.8243 0.7315 0.6074 0.6928 0.3980 0.4458 0.5411 1.0004 1.0256 0.5162 0.3394 0.9377 0.9558 1.2150 0.9067 1.1177 1.2031 1.0843 1.0117 1.0285 1.0120 0.7973 1.0338 0.9945 0.9523 1.1460 0.9380 1.0566 1.1950 1.3621 1.2123 1.1817 1.2227 1.1110 1.4162 1.2138 1.2871 1.2133 1.4671 1.2339 1.5049 1.1752 1.0519 1.0855 1.0412 1.2416 0.9976 0.9369 0.9040 1.0344 1.0641 1.0323 1.1493 1.0351
0.2686 0.3252 0.0000 0.3626 0.3834 0.3414 0.3295 0.3053 0.3829 0.2650 0.2585 0.2737 0.2581 0.2594 0.2707 0.3656 0.3662 0.4466 0.2671 0.3957 0.2325 0.1982 0.2324 0.2074 0.1475 0.1490 0.1457 0.1472 0.2283 0.2151 0.1777 0.1599 0.1429 0.1474 0.1030 0.1018 0.1332 0.1897 0.2660 0.1314 0.0843 0.2546 0.2120 0.2666 0.2747 0.3175 0.3212 0.2553 0.2745 0.2522 0.2553 0.2306 0.2320 0.2275 0.2816 0.2919 0.3350 0.2913 0.2814 0.2886 0.3063 0.4084 0.3094 0.3372 0.3398 0.4516 0.3880 0.3549 0.3519 0.2954
0.4019 0.4473 0.0000 0.4581 0.4645 0.3866 0.3366 0.3240 0.4075 0.4101 0.4172 0.4146 0.3921 0.4206 0.3791 0.4160 0.4462 0.5380 0.4750 0.5467 0.4607 0.5130 0.4778 0.3638 0.3409 0.3932 0.3737 0.3317 0.4269 0.6287 0.4578 0.5922 0.3646 0.4881 0.3488 0.2625 0.3316 0.2424 0.2385 0.2142 0.2074 0.2316 0.2852 0.2657 0.3032 0.2556 0.2148 0.1953 0.1574 0.1405 0.1891 0.3053 0.3325 0.1692 0.1403 0.3395 0.5318 0.4924 0.4293 0.4645 0.5465 0.6039 0.4995 0.5076 0.4593 0.4600 0.4590 0.4364 0.4857 0.5026
2.0637 2.5591 0.0000 2.7678 3.0773 2.8648 2.2802 2.4805 3.1115 3.0216 3.5335 3.2399 2.6187 2.6179 2.2924 2.3675 2.4589 2.8170 2.3839 2.5657 1.9509 2.1546 2.0129 2.1523 2.1022 2.2776 2.1659 2.0470 2.2477 2.6615 2.1050 2.5870 2.3162 2.4093 2.4098 2.2623 2.2713 1.6253 2.0834 2.1606 2.0333 1.9950 2.0154 2.7235 2.8142 3.3138 2.0449 2.4147 1.9930 1.3545 1.7587 1.4923 1.1268 1.0422 1.3055 1.2557 2.2874 1.5688 1.5143 1.1958 1.1687 1.4770 0.9154 0.9043 1.0881 1.9539 2.1099 1.0304 0.7737 1.8751
0.1942 0.2562 0.0000 0.2640 0.3255 0.2511 0.2205 0.2213 0.2719 0.2435 0.2404 0.2360 0.2266 0.2792 0.2230 0.2505 0.2808 0.3142 0.2917 0.3512 0.2440 0.3047 0.2838 0.2930 0.3192 0.3464 0.2675 0.2363 0.2551 0.2801 0.2146 0.2565 0.2271 0.2209 0.2043 0.1991 0.2005 0.1776 0.2373 0.2310 0.2177 0.2274 0.1960 0.2295 0.2508 0.2887 0.2430 0.2229 0.2571 0.2180 0.2252 0.1847 0.1837 0.1942 0.2363 0.1997 0.2995 0.2980 0.2604 0.2873 0.2062 0.3385 0.2149 0.1616 0.1875 0.1763 0.1320 0.1185 0.1334 0.1281
0.6197 0.6061 0.0000 0.5044 0.5165 0.4557 0.2998 0.2927 0.4781 0.7679 0.8202 0.4137 0.2679 0.7732 0.7421 0.8875 0.8846 1.0608 1.0916 1.0887 0.8347 0.9620 0.8778 0.8356 0.7960 0.8577 0.8244 0.8918 0.9621 1.0959 0.8810 1.0913 1.0334 1.0478 1.0251 0.9965 1.0005 0.7798 1.0994 1.0171 1.1575 1.1020 0.9058 0.9603 1.0163 1.1201 0.9235 0.7923 0.8278 0.6960 0.7582 0.7829 0.8120 0.8121 1.0057 0.9074 1.1753 0.9984 0.9226 1.0192 1.0287 1.3118 1.0787 1.0120 0.9342 0.7726 0.7622 0.7813 0.8546 0.7212
0.3350 0.4424 0.0000 0.4658 0.3401 0.3898 0.2791 0.2073 0.3075 0.3001 0.2035 0.2052 0.2000 0.2286 0.2676 0.2371 0.2656 0.2358 0.1957 0.2232 0.1282 0.1437 0.1744 0.3336 0.3304 0.1663 0.1094 0.3325 0.3419 0.4348 0.3195 0.4000 0.4305 0.3880 0.3620 0.3680 0.3620 0.2853 0.3890 0.3732 0.3553 0.4124 0.3596 0.4052 0.4498 0.5223 0.4615 0.3745 0.4648 0.3708 0.3831 0.3424 0.3746 0.3531 0.5068 0.5461 0.5731 0.4696 0.4151 0.4263 0.4122 0.4912 0.4017 0.3861 0.3759 0.4301 0.4423 0.4158 0.4689 0.4304
0.3332 0.3986 0.0000 0.4544 0.4756 0.3884 0.3335 0.3090 0.3875 0.2828 0.2760 0.2922 0.2755 0.2769 0.2571 0.3077 0.3082 0.3757 0.2290 0.3394 0.2121 0.1809 0.1993 0.2214 0.1346 0.1585 0.1555 0.1571 0.2116 0.1994 0.1672 0.1635 0.1324 0.1365 0.0954 0.0943 0.1234 0.2353 0.2840 0.1199 0.0781 0.3157 0.2622 0.3297 0.3347 0.3926 0.3853 0.3158 0.3396 0.3118 0.3157 0.2853 0.3021 0.2982 0.3671 0.3671 0.4751 0.3941 0.3701 0.4024 0.3970 0.4186 0.3981 0.3626 0.3245 0.3215 0.3598 0.3290 0.4116 0.3808
0.6753 0.7291 0.0000 0.7359 0.7392 0.6154 0.5251 0.4823 0.6379 0.6529 0.6641 0.6660 0.6392 0.6754 0.6088 0.6780 0.7275 0.8358 0.6706 0.7177 0.5469 0.5820 0.5419 0.5052 0.4732 0.5460 0.5187 0.4606 0.5272 0.6070 0.4541 0.5705 0.3746 0.5017 0.3937 0.2962 0.3409 0.3366 0.2691 0.2964 0.2880 0.3215 0.3246 0.3025 0.3669 0.3362 0.2445 0.2223 0.1792 0.1599 0.2153 0.4561 0.4616 0.1909 0.1597 0.5405 0.6344 0.5837 0.5012 0.5506 0.6213 0.7203 0.5958 0.6053 0.5478 0.5485 0.5939 0.5686 0.6294 0.6282
0.6441 0.7583 0.0000 0.8397 0.8171 0.6161 0.6076 0.5597 0.6643 0.5886 0.6672 0.6302 0.6636 0.7674 0.6993 0.8249 0.8342 0.9315 0.7708 0.8290 0.5987 0.6523 0.6408 0.6969 0.6804 0.7500 0.7346 0.6809 0.7570 0.9089 0.6958 0.7895 0.6767 0.6453 0.5885 0.5526 0.5546 0.4290 0.5499 0.5703 0.5367 0.5266 0.4705 0.5296 0.5472 0.6446 0.3978 0.4697 0.4298 0.2920 0.3420 0.3939 0.2429 0.2742 0.3446 0.3315 0.4938 0.3388 0.3476 0.2983 0.2523 0.3189 0.1977 0.1953 0.2349 0.5934 0.5569 0.2221 0.1671 0.6094
0.1800 0.2332 0.0000 0.2402 0.2710 0.2328 0.2044 0.2051 0.2521 0.2258 0.2418 0.2391 0.2282 0.2712 0.2443 0.2607 0.2593 0.3156 0.2564 0.2499 0.2152 0.2276 0.2006 0.1888 0.2055 0.2116 0.2244 0.2265 0.2576 0.3145 0.2568 0.2979 0.2579 0.2506 0.2199 0.2115 0.2239 0.2016 0.2694 0.2672 0.2592 0.2646 0.2213 0.2564 0.2709 0.2880 0.2320 0.1952 0.2052 0.1740 0.1797 0.1713 0.1703 0.1800 0.2190 0.1852 0.2314 0.1918 0.1676 0.1849 0.1327 0.2179 0.1534 0.1153 0.1207 0.1634 0.0942 0.1095 0.1237 0.1188
0.0552 0.0540 0.0000 0.0520 0.0460 0.0406 0.0267 0.0261 0.0426 0.1020 0.0948 0.0368 0.0239 0.1096 0.0877 0.1029 0.1001 0.1230 0.1130 0.1287 0.0987 0.1137 0.1037 0.0987 0.1015 0.1094 0.1051 0.1105 0.1227 0.1392 0.0979 0.1244 0.1057 0.0946 0.0975 0.0925 0.0864 0.0684 0.1020 0.0944 0.0976 0.1082 0.0972 0.1163 0.1305 0.1510 0.1220 0.1046 0.1058 0.0919 0.1002 0.1034 0.1072 0.1083 0.1297 0.1187 0.1416 0.1207 0.1079 0.1074 0.1007 0.1177 0.0952 0.0893 0.0825 0.0913 0.0901 0.0923 0.1010 0.0852
1.6862 1.9538 0.0000 2.0569 1.5472 1.7728 1.3508 1.0031 1.3984 1.7381 0.9850 1.1892 1.1583 1.3244 1.2862 1.1395 1.3574 1.2718 0.9407 1.0730 0.6164 0.6907 0.8381 2.1459 1.9142 0.8051 0.5259 2.1437 2.0439 2.4760 1.7830 2.2771 2.1871 2.3195 2.1634 2.2000 2.1641 1.7246 2.4550 2.3766 2.2630 2.5830 2.2525 2.4172 2.3484 2.7961 2.2323 1.7790 2.0944 1.8105 1.7263 1.5801 1.8282 1.7240 2.2834 2.2009 2.9087 2.5278 2.4006 2.5840 2.7921 3.2881 2.5353 2.4369 2.3726 2.7036 2.7803 2.6327 2.7522 2.6090
1.2889 1.5439 0.0000 1.4692 1.4887 1.2156 1.0437 0.9672 1.2129 1.2126 1.1832 1.2387 1.1683 1.1736 0.9849 1.0342 1.0491 1.2633 0.7931 1.1748 0.7816 0.6663 0.6899 0.9389 0.4956 0.6554 0.6599 0.6670 0.7741 0.7291 0.6420 0.6279 0.4846 0.4995 0.3491 0.3452 0.4514 1.0432 1.2175 0.4417 0.2858 1.3895 0.9876 1.1827 1.1768 1.4085 1.2715 1.1894 1.2788 1.1745 1.1890 1.1158 1.2316 1.2157 1.4968 1.4332 1.8902 1.4654 1.2046 1.3428 1.2473 1.3816 1.2513 1.1969 1.0199 1.0346 1.1874 1.0857 1.2932 1.2434
0.3173 0.3927 0.0000 0.4385 0.4906 0.4272 0.3425 0.3252 0.4301 0.4377 0.4359 0.4252 0.3833 0.4327 0.3510 0.3810 0.3947 0.4204 0.3557 0.3754 0.2815 0.2995 0.2788 0.3045 0.2852 0.3168 0.3010 0.2673 0.2765 0.3087 0.2309 0.2902 0.1905 0.2551 0.2064 0.1553 0.1734 0.1953 0.1411 0.1677 0.1718 0.1919 0.1703 0.1586 0.1929 0.1767 0.1282 0.1166 0.0939 0.0839 0.1129 0.3066 0.2782 0.1001 0.0838 0.3506 0.3739 0.3171 0.2673 0.2992 0.3141 0.4084 0.3512 0.3597 0.3391 0.3552 0.4070 0.3723 0.4121 0.3510
5.3727 5.9389 0.0000 5.9442 5.7843 4.5655 4.2995 4.1478 4.7012 4.3554 4.9440 4.6701 4.6976 5.4725 4.9505 5.3833 5.9280 6.9650 6.4293 7.1064 6.4267 6.5453 6.4276 6.5590 6.1327 6.2303 5.6799 5.8877 5.8882 6.3633 4.9294 5.4796 5.1088 4.8735 4.4444 4.1723 4.1888 4.0732 5.2212 4.9282 4.8714 4.8969 3.5547 3.9244 4.0551 4.7749 2.9466 3.4807 3.2462 2.2062 2.5341 3.5752 1.8353 2.3250 3.2379 3.1144 3.8249 2.5587 2.7221 2.3357 1.9590 2.4749 1.5344 1.5158 1.8233 5.9358 5.2875 1.6783 1.2624 5.3933
0.2415 0.2917 0.0000 0.3006 0.3307 0.3001 0.2743 0.2774 0.3637 0.3383 0.3862 0.3623 0.3246 0.3337 0.3009 0.3025 0.2975 0.3513 0.2964 0.3049 0.2479 0.2776 0.2254 0.2301 0.2507 0.2581 0.2498 0.2657 0.2867 0.3425 0.2781 0.3411 0.3294 0.3290 0.3382 0.3607 0.3444 0.2918 0.3726 0.3398 0.3070 0.3515 0.2760 0.2950 0.3156 0.3288 0.2882 0.2424 0.2549 0.2162 0.2233 0.2566 0.2553 0.2415 0.3161 0.2737 0.2879 0.2340 0.2045 0.2256 0.1620 0.2658 0.1908 0.1434 0.1472 0.2358 0.1172 0.1476 0.1834 0.1762
0.2178 0.2044 0.0000 0.2071 0.1820 0.1605 0.1056 0.1031 0.1684 0.5101 0.4289 0.1382 0.0903 0.4500 0.3440 0.3771 0.3688 0.4506 0.4138 0.4856 0.3871 0.4496 0.4275 0.4256 0.4631 0.4769 0.4584 0.4123 0.4648 0.4968 0.3495 0.4439 0.3772 0.3465 0.3480 0.3387 0.3088 0.2505 0.3736 0.3457 0.3484 0.4094 0.3469 0.4099 0.4597 0.5284 0.4796 0.4226 0.5006 0.4349 0.4817 0.4590 0.4557 0.4240 0.4950 0.4885 0.5694 0.4481 0.4055 0.3956 0.4032 0.4716 0.3814 0.3578 0.3304 0.3935 0.3883 0.3622 0.4162 0.3598
0.3471 0.4022 0.0000 0.4235 0.3185 0.3649 0.2781 0.2065 0.2879 0.4026 0.2028 0.2573 0.2778 0.3176 0.2714 0.2346 0.2897 0.2714 0.1990 0.2270 0.1304 0.1461 0.1773 0.5689 0.4638 0.1657 0.1083 0.5049 0.4389 0.5317 0.3830 0.4891 0.4696 0.4981 0.4645 0.4734 0.4842 0.4074 0.6154 0.5513 0.5249 0.5548 0.4875 0.5190 0.5043 0.6004 0.4795 0.3820 0.4497 0.3888 0.3709 0.3393 0.3926 0.3702 0.4906 0.4967 0.6248 0.5435 0.5156 0.5549 0.5826 0.7134 0.6137 0.5915 0.5743 0.6864 0.6697 0.5838 0.6131 0.6039
2.7791 3.1170 0.0000 3.0063 3.2624 2.6209 2.2503 2.0862 2.6151 2.6344 2.6047 2.4783 2.4358 2.5078 1.9705 2.0691 2.0991 2.5276 1.5867 2.3505 1.5637 1.3330 1.3807 1.9568 0.9915 1.3113 1.4526 1.4677 1.5488 1.4593 1.2845 1.2562 0.9699 0.9995 0.6987 0.6906 0.9032 2.4475 2.6802 0.8837 0.5718 2.9959 2.0498 2.4548 2.4426 2.9233 2.6390 2.4687 2.6543 2.4377 2.4678 2.3702 2.7777 2.5408 3.1282 2.9747 3.8506 3.0425 2.5003 2.7880 2.5888 2.8675 2.5971 2.4842 2.1184 2.1474 2.4644 2.2542 2.6859 2.7135
0.5099 0.6323 0.0000 0.7053 0.7717 0.6492 0.5798 0.5509 0.7279 0.7710 0.7941 0.7062 0.6392 0.7498 0.6083 0.6183 0.6495 0.6917 0.6265 0.6508 0.4879 0.5191 0.4834 0.4943 0.4692 0.5094 0.4839 0.4392 0.4444 0.4961 0.3711 0.4665 0.3063 0.4100 0.3319 0.2496 0.2786 0.3140 0.2268 0.2696 0.2826 0.3155 0.2736 0.2549 0.3100 0.2840 0.2061 0.1874 0.1510 0.1348 0.1815 0.5388 0.4576 0.1609 0.1347 0.6078 0.6246 0.5548 0.4647 0.5234 0.5495 0.7093 0.5867 0.5962 0.5394 0.5401 0.6100 0.5632 0.6234 0.6222
0.2850 0.3261 0.0000 0.3264 0.3176 0.2434 0.2361 0.2211 0.2581 0.2322 0.2636 0.2490 0.2578 0.3006 0.2718 0.3080 0.3395 0.3988 0.3551 0.3819 0.2845 0.3100 0.3045 0.3311 0.3234 0.3618 0.3261 0.3229 0.3230 0.3641 0.2782 0.3092 0.2803 0.2673 0.2438 0.2289 0.2298 0.1887 0.2419 0.2508 0.2361 0.2316 0.1895 0.2092 0.2162 0.2546 0.1571 0.1856 0.1731 0.1176 0.1351 0.1732 0.0978 0.1179 0.1516 0.1458 0.1989 0.1364 0.1400 0.1201 0.1016 0.1284 0.0796 0.0786 0.0946 0.2820 0.2450 0.0895 0.0673 0.2890
0.3317 0.4297 0.0000 0.4428 0.4977 0.4290 0.3768 0.3782 0.4646 0.4162 0.4660 0.4423 0.4221 0.5019 0.4521 0.4805 0.4763 0.5798 0.4708 0.4590 0.3952 0.4179 0.3684 0.3468 0.3774 0.3886 0.4121 0.4300 0.4731 0.5777 0.4694 0.5493 0.4969 0.4830 0.4395 0.4227 0.4475 0.4030 0.5384 0.5353 0.5219 0.5302 0.4434 0.4974 0.5250 0.5469 0.4629 0.3894 0.4095 0.3472 0.3586 0.3157 0.3140 0.3318 0.4038 0.3413 0.4251 0.3523 0.3079 0.3397 0.2438 0.4001 0.2817 0.2118 0.2216 0.3013 0.1731 0.2018 0.2280 0.2189
0.0589 0.0576 0.0000 0.0554 0.0491 0.0433 0.0285 0.0278 0.0455 0.1185 0.1016 0.0393 0.0255 0.1276 0.0924 0.1053 0.1028 0.1258 0.1155 0.1355 0.1039 0.1197 0.1093 0.1072 0.1164 0.1201 0.1155 0.1170 0.1300 0.1423 0.1005 0.1272 0.1085 0.0967 0.1000 0.0946 0.0901 0.0702 0.1043 0.0965 0.1016 0.1194 0.0997 0.1196 0.1338 0.1527 0.1347 0.1154 0.1259 0.1093 0.1191 0.1230 0.1275 0.1234 0.1444 0.1458 0.1661 0.1307 0.1183 0.1154 0.1176 0.1375 0.1112 0.1044 0.0964 0.0991 0.0978 0.0973 0.1064 0.0905
0.1281 0.1484 0.0000 0.1563 0.1175 0.1347 0.1026 0.0762 0.1062 0.1360 0.0748 0.0908 0.0925 0.1058 0.0977 0.0866 0.1033 0.0968 0.0715 0.0815 0.0468 0.0525 0.0637 0.1896 0.1545 0.0612 0.0400 0.1902 0.1546 0.1913 0.1406 0.1760 0.1816 0.1754 0.1636 0.1664 0.1637 0.1330 0.1976 0.1833 0.1745 0.1954 0.1704 0.1878 0.2000 0.2344 0.1901 0.1477 0.1784 0.1504 0.1492 0.1334 0.1518 0.1432 0.1974 0.1998 0.2477 0.2187 0.1983 0.2036 0.2041 0.2432 0.2040 0.1960 0.1909 0.2184 0.2247 0.2109 0.2364 0.2185
0.1097 0.1221 0.0000 0.1178 0.1258 0.1027 0.0882 0.0817 0.1025 0.0848 0.0828 0.0850 0.0802 0.0812 0.0728 0.0779 0.0790 0.0952 0.0597 0.0885 0.0577 0.0492 0.0520 0.0644 0.0366 0.0456 0.0462 0.0466 0.0572 0.0539 0.0473 0.0463 0.0358 0.0369 0.0258 0.0255 0.0334 0.0764 0.0852 0.0326 0.0211 0.1032 0.0698 0.0874 0.0887 0.1040 0.1009 0.0841 0.0904 0.0830 0.0841 0.0760 0.0842 0.0820 0.1010 0.1010 0.1308 0.1077 0.0981 0.1087 0.1015 0.1097 0.1019 0.0950 0.0830 0.0822 0.0942 0.0862 0.1053 0.1051
0.2972 0.3792 0.0000 0.3762 0.3894 0.3239 0.2701 0.2563 0.3390 0.3469 0.3530 0.3569 0.3471 0.3641 0.3283 0.3755 0.3841 0.4091 0.3420 0.3610 0.2707 0.2879 0.2682 0.2386 0.2235 0.2579 0.2450 0.2175 0.2477 0.2820 0.2109 0.2651 0.1741 0.2330 0.1850 0.1392 0.1584 0.1590 0.1264 0.1399 0.1360 0.1519 0.1525 0.1421 0.1724 0.1580 0.1149 0.1045 0.0842 0.0751 0.1011 0.2424 0.2180 0.0897 0.0751 0.2883 0.3089 0.2860 0.2455 0.2697 0.3043 0.3507 0.2901 0.2947 0.2668 0.2671 0.2892 0.2694 0.2982 0.2977
0.3069 0.3616 0.0000 0.4032 0.4023 0.3034 0.2991 0.2756 0.3271 0.2898 0.3286 0.3103 0.3267 0.3885 0.3444 0.3853 0.3954 0.4430 0.3824 0.4113 0.3036 0.3307 0.3249 0.3533 0.3450 0.3751 0.3673 0.3453 0.3839 0.4545 0.3669 0.3996 0.3496 0.3334 0.3040 0.2855 0.2865 0.2100 0.2692 0.2792 0.2627 0.2578 0.2317 0.2608 0.2695 0.3174 0.1959 0.2313 0.2116 0.1438 0.1684 0.1928 0.1196 0.1342 0.1687 0.1622 0.2432 0.1668 0.1711 0.1469 0.1243 0.1570 0.0973 0.0961 0.1157 0.3024 0.2726 0.1094 0.0823 0.3090
0.9533 1.2580 0.0000 1.2963 1.5978 1.2327 1.0825 1.0866 1.3351 1.1956 1.2293 1.2155 1.1600 1.3787 1.2420 1.3307 1.4507 1.7216 1.5480 1.4734 1.2992 1.3416 1.2112 1.1402 1.2114 1.2473 1.3548 1.4553 1.4824 1.6682 1.2623 1.4764 1.3064 1.2693 1.1396 1.0957 1.1603 1.0444 1.3961 1.3641 1.3235 1.3744 1.1998 1.4049 1.5348 1.8911 1.4599 1.2280 1.2910 1.0949 1.1309 0.9073 0.9024 0.9536 1.1603 0.9805 1.3085 1.1309 0.9884 1.0904 0.7826 1.2844 0.8668 0.6519 0.7114 0.8655 0.5327 0.5798 0.6549 0.6291
0.1694 0.1657 0.0000 0.1584 0.1412 0.1246 0.0820 0.0800 0.1307 0.2866 0.2710 0.1123 0.0732 0.3072 0.2225 0.2661 0.2652 0.3181 0.3273 0.3265 0.2503 0.2884 0.2632 0.2505 0.2755 0.2786 0.2678 0.2714 0.3014 0.3403 0.2736 0.3389 0.3187 0.3006 0.3156 0.2859 0.2869 0.2236 0.3153 0.2918 0.3238 0.3804 0.2793 0.3175 0.3318 0.3637 0.3123 0.2677 0.2918 0.2535 0.2762 0.2896 0.3004 0.2862 0.3567 0.3305 0.4281 0.3462 0.3200 0.3467 0.3923 0.4382 0.3544 0.3325 0.3070 0.2316 0.2285 0.2342 0.2562 0.2162
4.9870 6.5883 0.0000 6.9359 5.0641 5.8027 4.1559 3.0861 4.5788 4.6689 3.0304 3.1945 3.1115 3.5589 3.9845 3.5301 3.9551 3.6687 2.9142 3.3241 1.9097 2.1391 2.5963 6.4349 5.1418 2.4768 1.6286 6.2875 5.5861 7.1032 5.2206 6.5347 7.0336 6.3394 5.9148 6.0128 5.9146 4.6615 6.5879 6.1116 5.8195 6.7000 5.6833 6.3906 7.0962 8.2382 7.3320 6.5594 7.3950 6.4952 6.7086 5.9957 6.5588 6.1828 8.8735 8.2391 9.1049 7.5123 6.6410 6.8174 6.8099 8.1117 6.8033 6.5392 6.3689 7.2851 7.4945 7.0355 7.8819 7.2903
0.8077 0.9311 0.0000 1.0182 1.1530 1.0587 0.8897 0.8245 1.0336 0.6612 0.6452 0.6829 0.6441 0.6473 0.6440 0.7708 0.7720 0.9413 0.5737 0.8502 0.5315 0.4532 0.4993 0.5176 0.3371 0.3706 0.3636 0.3673 0.5300 0.4994 0.4126 0.3822 0.3318 0.3420 0.2390 0.2364 0.3091 0.5702 0.6639 0.3004 0.1957 0.7653 0.5453 0.6856 0.7067 0.8165 0.8260 0.6567 0.7061 0.6485 0.6565 0.5932 0.6223 0.5883 0.7243 0.7507 0.9178 0.7612 0.7237 0.7774 0.8047 1.0838 0.8678 0.8671 0.8607 0.8525 0.9026 0.8256 0.9871 0.8999
0.4601 0.5323 0.0000 0.5276 0.5522 0.4592 0.4090 0.3882 0.5134 0.5254 0.5346 0.5182 0.5006 0.5514 0.4972 0.5194 0.5571 0.6589 0.6229 0.7237 0.6244 0.6500 0.6051 0.3819 0.3577 0.4128 0.3922 0.3481 0.4481 0.5843 0.4316 0.5494 0.3437 0.4601 0.3479 0.2618 0.3127 0.2545 0.2379 0.2248 0.2177 0.2431 0.2889 0.2692 0.3072 0.2594 0.2176 0.1978 0.1594 0.1423 0.1916 0.3694 0.3490 0.1688 0.1422 0.4367 0.4701 0.4352 0.3795 0.4106 0.4831 0.5338 0.4417 0.4487 0.4060 0.4066 0.4231 0.3879 0.4294 0.4444
0.6034 0.7133 0.0000 0.7957 0.8628 0.8114 0.6897 0.6810 0.9177 0.8511 0.8514 0.8042 0.8291 0.9000 0.7038 0.7380 0.7570 0.8485 0.7411 0.7970 0.6196 0.6753 0.6632 0.7213 0.7042 0.7442 0.7243 0.7050 0.7835 0.8702 0.6883 0.8500 0.8402 0.8822 0.9059 0.9451 0.9229 0.4460 0.5718 0.5930 0.5580 0.5475 0.5531 0.7563 0.7785 0.9157 0.5176 0.6111 0.5256 0.3571 0.4449 0.4095 0.2971 0.2860 0.3583 0.3446 0.6081 0.4170 0.4026 0.3183 0.3107 0.3926 0.2434 0.2404 0.2893 0.6182 0.5790 0.2717 0.2057 0.6308
0.2573 0.3396 0.0000 0.3499 0.4313 0.3327 0.2922 0.2933 0.3603 0.3227 0.3323 0.3145 0.3002 0.3699 0.3148 0.3372 0.3721 0.4363 0.3950 0.4802 0.3564 0.4038 0.4043 0.3984 0.3826 0.3938 0.4089 0.3924 0.3782 0.4216 0.3190 0.3731 0.3410 0.3313 0.3134 0.3013 0.3191 0.2872 0.3839 0.3646 0.3515 0.3780 0.3299 0.3624 0.3959 0.4580 0.4257 0.3941 0.4665 0.4277 0.4632 0.2448 0.2436 0.2573 0.3132 0.2647 0.3970 0.3996 0.3479 0.3834 0.2519 0.4135 0.2736 0.2057 0.2291 0.2336 0.1681 0.1570 0.1768 0.1698
2.5497 2.4935 0.0000 2.0789 2.1249 1.8749 1.2336 1.2041 1.9670 3.7604 3.4849 1.6884 1.1023 4.0252 3.9403 4.0399 4.3452 4.8286 4.3807 5.1409 4.1017 4.7629 4.6370 5.4062 4.6135 4.8721 4.1951 4.2109 4.2011 4.8069 3.6283 4.2452 3.9456 3.6687 3.6279 3.5861 3.1381 2.6523 3.9550 3.6589 3.4231 3.5807 3.2573 3.5986 4.0404 4.6438 4.0257 3.5470 4.1599 3.7239 3.7947 3.7031 3.6691 3.4444 4.0137 3.9212 4.5705 3.7372 3.4368 3.5538 3.2601 3.9772 3.3635 3.1556 2.9128 6.2771 5.8449 4.1469 4.9172 5.3497
0.2322 0.2494 0.0000 0.2625 0.1974 0.2263 0.1854 0.1377 0.1785 0.3213 0.1352 0.1999 0.2394 0.2737 0.1889 0.1593 0.2214 0.2086 0.1385 0.1580 0.0907 0.1016 0.1234 0.2903 0.3108 0.1105 0.0735 0.2373 0.2887 0.3221 0.2499 0.2963 0.2846 0.3019 0.2930 0.3002 0.3150 0.3081 0.3599 0.3371 0.2876 0.3189 0.2498 0.2827 0.2947 0.3232 0.2824 0.2315 0.2639 0.2356 0.2122 0.2056 0.2379 0.2244 0.2713 0.2445 0.3302 0.2686 0.2551 0.2745 0.2768 0.3390 0.3059 0.3030 0.2759 0.3023 0.2971 0.2670 0.2797 0.2728
0.1585 0.1848 0.0000 0.1919 0.1844 0.1571 0.1410 0.1307 0.1639 0.2981 0.3217 0.2057 0.2117 0.2793 0.1571 0.1583 0.1606 0.1933 0.1213 0.1798 0.1243 0.1060 0.1056 0.1982 0.0788 0.1349 0.1715 0.1734 0.1338 0.1182 0.1229 0.1209 0.0839 0.0865 0.0605 0.0598 0.0782 0.1573 0.2305 0.0702 0.0463 0.1709 0.2411 0.2307 0.2402 0.2748 0.2191 0.2095 0.2436 0.2106 0.2132 0.1941 0.1938 0.1900 0.2350 0.2344 0.2690 0.2270 0.2002 0.2055 0.2089 0.2381 0.2088 0.2062 0.1660 0.1783 0.2047 0.1871 0.2035 0.1831
0.3902 0.4525 0.0000 0.5053 0.5277 0.4393 0.3977 0.3830 0.4814 0.4660 0.4741 0.4677 0.4225 0.4759 0.3861 0.4204 0.4487 0.5065 0.4064 0.4475 0.3506 0.3732 0.3474 0.4649 0.4203 0.6541 0.5190 0.4350 0.4516 0.4354 0.3257 0.4092 0.2687 0.3598 0.3372 0.2537 0.2493 0.3368 0.2305 0.2800 0.2744 0.3063 0.2818 0.2590 0.3220 0.2951 0.2127 0.1934 0.1558 0.1392 0.1873 0.3611 0.3931 0.1635 0.1368 0.3857 0.6546 0.5198 0.4858 0.4903 0.4676 0.6079 0.5417 0.5359 0.5172 0.5245 0.5169 0.4915 0.5161 0.5060
0.4741 0.5704 0.0000 0.5642 0.6008 0.4780 0.4450 0.4342 0.4746 0.4560 0.5176 0.4889 0.4583 0.4910 0.4614 0.4848 0.5344 0.6279 0.5476 0.5892 0.4893 0.5537 0.5049 0.5152 0.4827 0.5192 0.4724 0.4702 0.4703 0.5446 0.4285 0.5049 0.4237 0.4216 0.4020 0.3774 0.3789 0.4549 0.5666 0.6069 0.6717 0.5797 0.4405 0.4108 0.4245 0.4999 0.3085 0.3644 0.4010 0.2725 0.2756 0.4607 0.2266 0.2972 0.3837 0.3692 0.4889 0.3218 0.3478 0.2986 0.2503 0.3164 0.1961 0.1938 0.2331 0.5021 0.5422 0.2072 0.1587 0.4307
0.4644 0.5256 0.0000 0.5414 0.5730 0.5204 0.4755 0.4810 0.6305 0.6503 0.5809 0.5696 0.5080 0.5786 0.4621 0.5039 0.5158 0.5780 0.5137 0.5286 0.4297 0.4812 0.3907 0.3989 0.4346 0.4473 0.4225 0.4000 0.4632 0.5177 0.4208 0.5161 0.4706 0.4577 0.4738 0.4731 0.4650 0.3929 0.5028 0.4754 0.4284 0.4748 0.3729 0.4236 0.4606 0.5085 0.4011 0.3521 0.3869 0.3281 0.3389 0.6017 0.5920 0.4644 0.6196 0.7365 0.5558 0.4057 0.3546 0.3910 0.2807 0.4608 0.3671 0.2760 0.2552 0.5386 0.2255 0.3281 0.4591 0.4409
0.0804 0.0737 0.0000 0.0844 0.0672 0.0592 0.0390 0.0381 0.0622 0.1274 0.1383 0.0493 0.0326 0.1127 0.1226 0.1511 0.1694 0.1805 0.1465 0.1554 0.1212 0.1372 0.1253 0.1199 0.1129 0.1209 0.1168 0.1273 0.1253 0.1497 0.1214 0.1417 0.1320 0.1379 0.1213 0.1285 0.1180 0.0997 0.1487 0.1376 0.1227 0.1198 0.1089 0.1196 0.1266 0.1446 0.1203 0.1032 0.1100 0.0968 0.1004 0.1019 0.1057 0.1049 0.1253 0.1150 0.1442 0.1244 0.1150 0.1189 0.1118 0.1425 0.1264 0.1186 0.1095 0.1189 0.1134 0.1291 0.1443 0.1146
0.9719 0.7701 0.0000 0.8107 0.6273 0.6985 0.6637 0.4831 0.5929 0.7256 0.4742 0.5231 0.4827 0.5284 0.6948 0.6156 0.6897 0.6197 0.5082 0.5797 0.3330 0.3730 0.4528 0.6094 0.6247 0.3876 0.2840 0.5712 0.6590 0.8380 0.6254 0.7710 0.8298 0.7479 0.6976 0.7094 0.6978 0.5500 0.7131 0.6860 0.6568 0.7902 0.6109 0.7218 0.8240 0.9022 0.8233 0.7898 0.7697 0.7660 0.8412 0.8361 0.8977 0.8462 0.9087 0.7642 0.9337 0.7465 0.6680 0.7011 0.6783 0.8088 0.6635 0.6462 0.5986 0.6734 0.6927 0.6667 0.7301 0.6557
0.7519 0.9240 0.0000 1.0060 1.0626 0.9457 0.9128 0.8969 1.1242 0.8175 0.7977 0.8444 0.7964 0.8003 0.8352 1.3429 1.2403 1.5382 0.8886 1.3163 0.7734 0.6596 0.7730 0.6400 0.4904 0.4596 0.4495 0.4542 0.7594 0.7156 0.5912 0.5317 0.4754 0.4901 0.3426 0.3386 0.4429 0.5850 0.8208 0.4371 0.2804 0.7382 0.6559 0.8248 0.8738 0.9823 0.9937 0.7900 0.8494 0.7801 0.7897 0.7137 0.7180 0.7038 0.8713 0.9031 1.0364 0.9016 0.8706 0.8928 0.9475 1.2634 0.9472 1.0431 1.0107 1.0976 1.2009 1.0981 1.0466 0.8786
