0.5579 0.5814 0.0000 0.6223 0.6118 0.5024 0.4431 0.3998 0.6153 0.5276 0.5104 0.4853 0.4403 0.6029 0.3945 0.4664 0.4971 0.6332 0.4970 0.5425 0.3533 0.4420 0.3121 0.3327 0.3709 0.3958 0.3519 0.3217 0.4117 0.5208 0.3357 0.5009 0.4183 0.3985 0.3695 0.3521 0.3577 0.2635 0.4688 0.4306 0.3551 0.4287 0.2690 0.3513 0.4140 0.5100 0.3309 0.2532 0.3089 0.2260 0.2426 0.3514 0.3329 0.5306 0.6278 0.4315 0.6366 0.3388 0.2636 0.3137 0.1901 0.4447 0.3110 0.1993 0.1650 0.3982 0.1506 0.1914 0.2429 0.2213
0.7932 0.8175 0.0000 0.8175 0.6898 0.5243 0.2648 0.2508 0.5955 1.6003 1.7663 0.4555 0.2279 1.5183 1.7294 2.7050 2.4064 3.6818 2.3211 2.8766 1.7131 2.2389 1.8890 1.8095 1.6313 1.8464 1.7017 1.9250 1.9229 2.6926 1.5962 2.2112 1.9046 1.6943 1.6397 1.5931 1.3097 0.9530 2.0040 1.7224 1.5034 1.6816 1.3192 1.6169 1.9645 2.5695 1.8089 1.3372 1.5581 1.2065 1.3012 1.3404 1.4283 1.3778 1.9760 1.6873 2.4287 1.7677 1.4977 1.6150 1.4218 2.1179 1.5199 1.3649 1.1669 1.6474 1.5905 1.9186 2.1944 1.5036
0.0736 0.0767 0.0000 0.0848 0.0583 0.0639 0.0528 0.0330 0.0507 0.0751 0.0361 0.0439 0.0381 0.0459 0.0499 0.0430 0.0577 0.0560 0.0332 0.0425 0.0163 0.0204 0.0266 0.0691 0.0702 0.0258 0.0131 0.0603 0.0909 0.1346 0.1028 0.1146 0.0857 0.0868 0.0790 0.0754 0.0770 0.0514 0.0856 0.0781 0.0679 0.0940 0.0576 0.0783 0.0925 0.1125 0.0855 0.0604 0.0761 0.0602 0.0536 0.0515 0.0648 0.0579 0.0829 0.0687 0.1197 0.0790 0.0659 0.0755 0.0726 0.1045 0.0718 0.0708 0.0586 0.0742 0.0777 0.0700 0.0810 0.0694
1.6534 2.4632 0.0000 2.6897 2.6015 1.8738 1.5539 1.3605 2.1598 2.6694 2.4372 3.0015 2.7887 2.7066 2.6796 1.9563 2.1442 2.9199 1.5808 2.6777 1.8736 1.5483 1.3042 2.2877 0.9672 1.4659 1.2911 1.2133 2.0004 1.8827 1.4396 1.5219 0.9759 1.0163 0.5794 0.5633 0.8538 1.2280 2.3522 0.8220 0.4115 1.8794 2.0248 3.3019 3.2357 5.2584 2.8837 2.2602 2.6656 2.2022 2.2916 1.9765 2.0107 1.9062 2.8969 2.9669 4.0384 2.9784 2.4167 2.5732 2.6534 3.5628 2.7051 2.6249 1.8224 2.1519 2.6643 2.2378 2.6459 2.1824
3.2487 4.3902 0.0000 5.2075 5.4624 3.8020 2.9410 2.7272 4.3502 4.4031 4.5119 4.3697 3.7455 4.5356 3.1381 3.8317 4.3851 5.6472 3.7926 4.5926 2.8272 3.2733 2.8474 3.6255 3.1518 4.8324 4.1565 3.1569 4.5148 4.3627 2.4781 3.8387 2.0043 3.0119 2.8078 1.8020 1.7665 2.0191 1.6858 1.9648 1.6979 1.9519 1.9854 1.8946 2.6385 2.4464 1.4030 1.1332 0.8616 0.6818 1.0946 2.5626 2.9396 0.9038 0.7565 3.1569 6.0236 4.8870 3.7008 4.3762 6.0713 7.2100 5.0053 5.0739 4.2072 4.4687 4.4719 3.9843 4.8828 4.9829
0.9235 1.3947 0.0000 1.6071 1.9404 1.2605 1.0800 1.0223 1.3173 1.2418 1.5038 1.3478 1.1811 1.3865 1.1095 1.2077 1.3160 1.7327 1.2620 1.4760 0.8679 1.0631 0.9297 1.0637 1.0039 1.1574 1.0406 0.9489 1.1190 1.5465 0.9562 1.4313 1.0526 1.0383 0.9502 0.8540 0.8650 0.6208 1.0364 1.0600 0.9335 0.9472 0.7299 0.9898 1.0800 1.4672 0.6552 0.7881 0.6822 0.3562 0.4931 0.5725 0.2790 0.3246 0.5049 0.4615 0.9520 0.4891 0.4813 0.3909 0.3069 0.4825 0.2158 0.2095 0.2682 0.9240 1.0427 0.2497 0.1701 0.8456
0.2956 0.4409 0.0000 0.4719 0.5602 0.4964 0.3604 0.3446 0.5303 0.4497 0.4401 0.4185 0.3801 0.5521 0.3614 0.4271 0.4552 0.5798 0.4551 0.4967 0.3235 0.4048 0.2859 0.3047 0.3396 0.3624 0.3222 0.2946 0.3770 0.4769 0.3076 0.4587 0.3830 0.3651 0.3190 0.3034 0.3088 0.2413 0.4293 0.3945 0.3251 0.3925 0.2463 0.3217 0.3791 0.4670 0.3030 0.2319 0.2829 0.2069 0.2221 0.2693 0.2692 0.2958 0.4233 0.3178 0.4663 0.3103 0.2414 0.2872 0.1740 0.4072 0.2278 0.1460 0.1467 0.2685 0.1103 0.1402 0.1766 0.1608
0.0655 0.0675 0.0000 0.0675 0.0570 0.0433 0.0219 0.0207 0.0492 0.1556 0.1718 0.0376 0.0188 0.1568 0.1489 0.1616 0.1704 0.2334 0.1924 0.2656 0.1910 0.2123 0.1791 0.1717 0.1547 0.1751 0.1612 0.1719 0.1717 0.2297 0.1323 0.1837 0.1579 0.1405 0.1359 0.1321 0.1086 0.0790 0.1661 0.1428 0.1246 0.1394 0.1094 0.1353 0.1676 0.2192 0.1614 0.1194 0.1475 0.1144 0.1233 0.1196 0.1275 0.1217 0.1686 0.1506 0.2099 0.1477 0.1242 0.1339 0.1179 0.1756 0.1260 0.1132 0.0967 0.1534 0.1508 0.1651 0.1896 0.1346
1.0544 1.3981 0.0000 1.5461 1.0292 1.1651 0.7558 0.4723 0.8576 1.4029 0.5172 0.7018 0.6773 0.8779 0.7292 0.6161 0.8582 0.8319 0.4872 0.6225 0.2389 0.2992 0.3894 1.4398 1.4629 0.3690 0.1873 1.1825 1.7528 2.3593 1.2654 2.0082 1.8138 1.9722 1.8541 1.9703 1.8704 1.2236 2.0785 1.8961 1.7127 2.2074 1.3525 1.7696 1.9575 2.3846 1.8082 1.2482 1.6092 1.2733 1.1088 1.0643 1.3396 1.1965 1.7544 1.4523 2.5323 1.6870 1.4892 1.7071 1.7064 2.4537 1.8069 1.7186 1.4754 1.7478 1.8263 1.6383 1.8309 1.6301
1.2811 1.8452 0.0000 1.9990 1.9324 1.3926 1.1284 0.9880 1.5684 2.0081 1.9316 2.0342 1.8216 1.9397 1.2725 1.4206 1.4936 2.1215 0.9806 1.8652 0.8949 0.7391 0.7559 1.3420 0.4617 0.7261 0.7594 0.7666 0.9165 0.8941 0.6509 0.6878 0.4455 0.4639 0.2645 0.2573 0.3898 1.0477 2.0070 0.3924 0.1954 1.5512 1.2713 1.6739 1.7931 2.4004 1.9116 1.6130 2.0211 1.6902 1.9938 1.6741 1.7030 1.6136 2.2457 2.1174 2.8836 2.0314 1.6020 1.7094 1.7590 2.3618 1.7932 1.7400 1.2081 1.4265 1.7662 1.4834 1.7540 1.4467
1.4480 1.9744 0.0000 2.3880 2.6224 1.8253 1.6141 1.5523 2.3863 2.2495 2.1661 2.0748 1.7176 2.1764 1.4582 1.7214 1.9545 2.5170 1.6904 2.0470 1.2601 1.4582 1.2691 2.0269 1.7948 2.0401 2.0444 1.6956 1.5389 1.9445 1.1045 1.7109 0.8660 1.3425 0.9570 0.6139 0.7306 0.9776 0.5746 0.8036 0.8246 1.0184 0.7293 0.6533 0.9857 0.9139 0.5170 0.4178 0.3175 0.2512 0.4036 1.4593 1.6740 0.3081 0.2610 1.5148 2.4509 1.7184 1.3381 1.5388 1.6629 2.7307 2.0141 2.0655 1.8901 2.9277 2.3805 2.0366 2.0931 1.8872
0.8750 1.2373 0.0000 1.2438 1.4061 0.9139 0.7826 0.7408 0.9545 0.9003 1.0903 0.9767 0.8563 1.0053 0.8421 0.9416 1.1234 1.5372 1.1921 1.4519 0.9864 1.2405 1.0571 1.1620 1.0230 1.0626 0.8930 0.9232 0.9443 1.2039 0.7389 1.0372 0.7628 0.7528 0.6889 0.6191 0.6268 0.9314 1.5855 1.0571 1.0481 1.2931 0.5861 0.7176 0.7830 1.0632 0.4747 0.5714 0.5447 0.2845 0.3575 0.6596 0.2228 0.3294 0.7603 0.6953 0.8243 0.3978 0.4279 0.3475 0.2668 0.4193 0.1876 0.1821 0.2331 1.1293 1.3611 0.1995 0.1384 0.8226
0.6067 0.8804 0.0000 0.9423 1.1193 0.8888 0.7397 0.7401 1.2568 1.2628 1.5684 1.2996 0.9904 1.1030 0.8484 0.8812 0.9095 1.2179 0.9088 0.9925 0.6461 0.8087 0.5710 0.6087 0.6786 0.7237 0.6493 0.6354 0.8144 1.0790 0.6955 1.0378 0.8963 0.8897 0.9627 0.9503 0.9326 0.7153 1.1873 0.9514 0.7870 1.0105 0.6340 0.7454 0.8578 0.9924 0.7593 0.5286 0.6024 0.4406 0.4730 0.7412 0.7559 0.6067 1.0032 0.8020 0.9316 0.6199 0.4823 0.5736 0.3476 0.8137 0.4549 0.2915 0.2930 0.6362 0.2203 0.3009 0.4881 0.4448
1.0721 1.0588 0.0000 1.1050 0.9319 0.7087 0.3579 0.3390 0.8049 4.0046 3.7421 0.5832 0.2951 3.1315 2.3215 2.7608 2.8496 3.9883 3.2896 4.3890 2.7770 3.6717 3.4187 3.7281 3.8687 4.6231 3.4202 2.9370 3.4837 4.0975 2.2610 3.3366 2.6994 2.4012 2.3226 2.2578 1.8553 1.3507 2.8387 2.4411 2.1693 2.5604 2.0427 2.6460 3.2764 4.2856 3.2668 2.5164 3.3856 2.6915 2.8290 2.7226 2.7148 2.4008 3.3149 3.1386 4.3747 2.8990 2.3288 2.4602 2.3183 3.2366 2.1723 1.9498 1.6678 3.3303 3.2752 2.5741 3.4321 2.7284
0.2277 0.3101 0.0000 0.3430 0.2284 0.2586 0.1631 0.1020 0.1903 0.3298 0.1117 0.1628 0.1880 0.2437 0.1663 0.1347 0.1958 0.1897 0.1111 0.1419 0.0545 0.0682 0.0888 0.4398 0.4125 0.0797 0.0409 0.3200 0.3813 0.5144 0.2757 0.4376 0.3952 0.4297 0.4036 0.4144 0.4117 0.2807 0.5495 0.5063 0.5270 0.5004 0.3470 0.3990 0.4265 0.5474 0.3940 0.2720 0.3508 0.2774 0.2417 0.2319 0.2919 0.2607 0.3861 0.3373 0.5978 0.4171 0.3682 0.4219 0.4364 0.6539 0.5178 0.4589 0.4231 0.5011 0.4916 0.4087 0.4551 0.4294
0.4533 0.6148 0.0000 0.6236 0.6455 0.4360 0.3302 0.2891 0.4590 0.6189 0.5953 0.5947 0.5385 0.5953 0.3724 0.4158 0.4371 0.6209 0.2870 0.5459 0.2619 0.2163 0.2212 0.3967 0.1351 0.2147 0.2330 0.2353 0.2682 0.2618 0.1905 0.2014 0.1304 0.1358 0.0774 0.0753 0.1141 0.3758 0.6185 0.1148 0.0572 0.5488 0.4256 0.5951 0.6131 0.8533 0.6796 0.5734 0.6766 0.5587 0.5817 0.5017 0.5104 0.4836 0.7646 0.8479 1.1106 0.7221 0.5698 0.6077 0.6253 0.8396 0.6375 0.6186 0.4295 0.5071 0.6282 0.5273 0.6238 0.5189
2.2724 3.2456 0.0000 3.9255 4.3474 3.0259 2.2690 2.0024 3.3740 3.5043 3.5909 3.4395 2.8399 3.6098 2.4186 2.8401 3.0835 3.8862 2.6459 3.1322 1.9282 2.2324 1.9420 2.6147 2.3153 2.9381 2.6374 2.1874 2.3548 2.9770 1.6910 2.6180 1.3251 2.0542 1.4644 0.9399 1.1185 1.2611 0.8792 1.1067 1.0638 1.3138 1.0355 0.9882 1.3812 1.2807 0.7318 0.5914 0.4494 0.3556 0.5712 1.8825 2.1595 0.4714 0.3945 2.5112 3.7940 2.8577 2.0989 2.5590 2.7655 4.5412 3.1526 3.1941 2.6499 2.8700 3.3095 2.9783 3.6192 3.4002
8.3873 10.5116 0.0000 10.7637 10.6100 6.6009 5.9365 5.3506 7.5208 6.5027 7.8748 7.0544 7.1046 8.7960 7.4940 8.7725 10.4663 14.3207 11.2707 13.2511 7.5495 8.5718 8.0911 9.3946 8.7830 9.9885 8.3680 8.2846 8.4741 11.2632 6.6068 9.0803 6.7700 6.2618 5.4767 4.9220 4.9855 4.2467 7.0895 7.1070 6.2591 6.3507 4.1935 5.1832 5.6556 7.6795 3.4290 4.1272 3.9196 2.0475 2.5824 3.8387 1.6028 2.0967 3.3997 3.1089 5.4209 2.7851 2.7755 2.2540 1.7478 2.7473 1.2289 1.1931 1.5272 7.4499 7.1324 1.4349 0.9685 7.3783
0.8526 1.3760 0.0000 1.4728 1.7495 1.3269 1.0400 1.0279 1.5819 1.3414 1.3558 1.3028 1.1733 1.6476 1.2680 1.6493 1.4735 2.1590 1.4272 1.5513 1.0147 1.2640 0.9057 0.9515 1.0607 1.1318 1.0754 1.0376 1.3488 1.7759 1.1447 1.7081 1.3445 1.2808 1.0848 0.9622 1.0564 0.8470 1.5070 1.4189 1.2107 1.3970 0.9009 1.1981 1.3571 1.6436 1.0664 0.7739 0.9046 0.6617 0.7103 0.8032 0.8030 0.8530 1.2627 0.9481 1.4561 0.9690 0.7538 0.8965 0.5435 1.2718 0.7110 0.4557 0.4580 0.8008 0.3443 0.4202 0.5268 0.4797
1.8858 1.9831 0.0000 1.9112 1.6341 1.2427 0.6273 0.5944 1.4114 4.6654 4.8212 1.1056 0.5530 5.1793 3.6100 4.9132 5.0259 7.0939 6.5289 7.2515 4.3183 5.6408 4.7617 4.5615 4.1101 4.6521 4.2896 4.8525 5.1202 7.0352 5.3480 6.8312 5.7011 4.7657 4.9079 4.4811 3.6841 2.6807 5.6369 4.8449 4.3304 5.1084 4.0756 4.9952 5.6493 6.9365 4.8167 3.5627 4.0198 3.0397 3.3784 3.5693 3.8033 3.7195 5.6557 4.5815 7.5032 5.4612 4.6245 4.9085 4.3215 6.1003 4.2752 3.8392 3.2822 4.0747 4.0073 4.0028 4.7779 3.5749
0.2199 0.3087 0.0000 0.3414 0.2273 0.2573 0.1577 0.0986 0.1894 0.2301 0.1079 0.1261 0.1171 0.1519 0.1492 0.1286 0.1726 0.1673 0.0993 0.1269 0.0487 0.0609 0.0794 0.2490 0.2530 0.0770 0.0391 0.2296 0.2764 0.4251 0.2349 0.3616 0.3645 0.3304 0.2924 0.2968 0.2914 0.1907 0.3406 0.3140 0.2815 0.3698 0.2715 0.3701 0.4320 0.6128 0.3866 0.2508 0.3443 0.2559 0.2370 0.2139 0.2692 0.2404 0.3948 0.3449 0.6109 0.4190 0.3380 0.3635 0.3425 0.4925 0.3273 0.2899 0.2688 0.3497 0.3666 0.3371 0.4133 0.3317
0.6624 1.0020 0.0000 1.0451 1.0108 0.6903 0.5360 0.4693 0.7450 0.6895 0.6632 0.7070 0.6254 0.6660 0.5469 0.6288 0.6611 0.9390 0.4340 0.8256 0.3846 0.3178 0.3347 0.4608 0.1984 0.2764 0.2607 0.2632 0.3939 0.3844 0.2787 0.2946 0.1916 0.1995 0.1137 0.1106 0.1676 0.3912 0.6891 0.1686 0.0840 0.6859 0.4682 0.7051 0.7490 1.0111 0.9582 0.6311 0.7443 0.6149 0.6399 0.5519 0.5618 0.5323 0.8089 0.8285 1.1781 0.8356 0.8017 0.8536 1.0294 1.1838 1.0114 0.8722 0.6197 0.7150 0.8853 0.7435 0.9479 0.8160
0.7481 0.9581 0.0000 0.9936 1.0280 0.7155 0.5366 0.4913 0.7978 0.8287 0.8492 0.8337 0.7573 0.8704 0.6849 0.8362 0.9570 1.3622 0.9149 1.0610 0.6262 0.7246 0.6307 0.6415 0.5681 0.7209 0.6471 0.5364 0.6742 0.9352 0.5312 0.8229 0.4165 0.6456 0.4191 0.2690 0.3514 0.3094 0.2517 0.2820 0.2609 0.3223 0.2992 0.2855 0.3940 0.3651 0.2114 0.1707 0.1298 0.1027 0.1649 0.4619 0.5299 0.1350 0.1140 0.5938 0.9289 0.7536 0.5841 0.6749 0.8679 1.1119 0.7719 0.7825 0.6488 0.6891 0.6896 0.6144 0.7530 0.7684
0.4928 0.7442 0.0000 0.8575 1.0354 0.9473 0.5763 0.6440 0.9362 0.8417 1.0193 0.9136 0.7757 0.8199 0.5917 0.6444 0.7022 0.9246 0.6734 0.7876 0.4631 0.5673 0.4961 0.5676 0.5357 0.6176 0.5553 0.5063 0.5971 0.8252 0.5102 0.7638 0.6462 0.6822 0.6757 0.6073 0.6151 0.3313 0.5530 0.5656 0.4981 0.5054 0.4654 0.6709 0.7320 0.9945 0.4441 0.5342 0.4619 0.2412 0.3343 0.3055 0.1889 0.1741 0.2693 0.2462 0.6449 0.3315 0.3000 0.2150 0.2080 0.3268 0.1463 0.1420 0.1817 0.4930 0.5564 0.1691 0.1153 0.4512
0.2859 0.4747 0.0000 0.5081 0.7178 0.4449 0.3485 0.3447 0.5304 0.4495 0.4400 0.4186 0.3802 0.5522 0.3794 0.4489 0.5823 0.7401 0.6561 0.6365 0.5464 0.5186 0.4208 0.3966 0.4352 0.4643 0.4996 0.4757 0.5214 0.6198 0.3651 0.5108 0.4021 0.3833 0.3244 0.3035 0.3161 0.2533 0.4507 0.4243 0.3839 0.4202 0.3098 0.4186 0.4971 0.6768 0.4889 0.3596 0.4203 0.3074 0.3300 0.2692 0.2692 0.2859 0.4231 0.3177 0.5442 0.3976 0.3093 0.3678 0.2229 0.5218 0.2657 0.1703 0.1879 0.2684 0.1287 0.1408 0.1765 0.1609
0.2340 0.2462 0.0000 0.2351 0.2028 0.1542 0.0779 0.0738 0.1751 0.4817 0.5317 0.1360 0.0686 0.5097 0.4248 0.5781 0.5917 0.8351 0.8192 0.8532 0.5081 0.6641 0.5603 0.5367 0.4839 0.5477 0.5047 0.5710 0.5703 0.7986 0.5283 0.7322 0.6722 0.7060 0.5784 0.7203 0.5457 0.3971 0.8346 0.7177 0.6261 0.6306 0.4443 0.5351 0.6055 0.7621 0.5365 0.3966 0.4619 0.3578 0.3860 0.3976 0.4236 0.4087 0.6062 0.5005 0.8042 0.5854 0.4957 0.5700 0.5538 0.8825 0.6333 0.5687 0.4862 0.4797 0.4718 0.4710 0.5625 0.4206
1.0661 1.6955 0.0000 1.8750 1.2481 1.4129 0.8115 0.5071 1.0401 1.0040 0.5554 0.5499 0.5109 0.6626 0.7756 0.6685 0.8176 0.7296 0.5162 0.6597 0.2531 0.3168 0.4127 1.0867 1.1041 0.3962 0.2031 0.9482 0.9984 1.5372 0.8700 1.3084 1.4055 1.1930 1.0561 1.0715 1.0526 0.6886 1.1697 1.0670 0.9648 1.3359 0.8929 1.1373 1.4239 1.8400 1.4348 1.2890 1.4338 1.1654 1.7225 1.3713 1.5113 1.3493 1.9784 1.4738 2.2011 1.3779 1.1116 1.1949 1.1260 1.6199 1.0759 0.9671 0.8845 1.1508 1.2063 1.1081 1.3587 1.1225
0.2837 0.4131 0.0000 0.4986 0.5578 0.4300 0.3890 0.3406 0.5407 0.3095 0.2977 0.3173 0.2807 0.2989 0.2939 0.4813 0.4962 0.7188 0.3086 0.5870 0.2332 0.1926 0.2380 0.2068 0.1203 0.1248 0.1170 0.1181 0.2357 0.2300 0.1519 0.1415 0.1146 0.1193 0.0680 0.0661 0.1002 0.1615 0.3093 0.1023 0.0503 0.2824 0.1938 0.2918 0.3171 0.4185 0.3965 0.2612 0.3080 0.2545 0.2648 0.2284 0.2324 0.2203 0.3348 0.3429 0.4667 0.3442 0.3118 0.3320 0.3649 0.6223 0.3779 0.4261 0.4165 0.6804 0.5422 0.4554 0.4680 0.3474
0.4506 0.5773 0.0000 0.6121 0.6424 0.4469 0.3457 0.3206 0.5113 0.5176 0.5303 0.5136 0.4563 0.5365 0.4221 0.5039 0.5767 0.8208 0.6376 0.8259 0.5679 0.7045 0.6132 0.4184 0.3707 0.4701 0.4222 0.3500 0.5257 1.0125 0.5520 0.8932 0.4099 0.6354 0.3749 0.2406 0.3458 0.2018 0.2252 0.1850 0.1702 0.2103 0.2616 0.2497 0.3169 0.2587 0.1849 0.1493 0.1135 0.0898 0.1442 0.3012 0.3457 0.1207 0.0997 0.3711 0.8111 0.6581 0.5100 0.5893 0.7578 0.9709 0.6740 0.6833 0.5665 0.6018 0.6022 0.5365 0.6575 0.6710
2.4172 3.6507 0.0000 4.2066 5.0791 4.1912 2.8269 3.1591 5.0178 4.8105 6.0957 5.2215 3.6518 3.8581 2.9041 3.1612 3.4447 4.5355 3.3035 3.8635 2.2718 2.7828 2.4335 2.7842 2.6278 3.0297 2.7238 2.4839 2.9291 4.0480 2.5030 3.7466 3.0407 3.2101 3.1594 2.8394 2.8760 1.6251 2.7129 2.7746 2.4436 2.4793 2.2829 3.8364 4.1861 5.6841 2.5381 3.0532 2.4075 1.2576 1.9114 1.4986 0.9850 0.8542 1.3217 1.2080 3.3226 1.7071 1.5448 1.1049 1.0713 1.6839 0.7532 0.7313 0.9361 2.4186 2.7293 0.8818 0.5936 2.2133
0.1765 0.2930 0.0000 0.3137 0.4431 0.2747 0.2152 0.2127 0.3274 0.2775 0.2716 0.2583 0.2347 0.3409 0.2230 0.2759 0.3378 0.4291 0.3598 0.4991 0.2558 0.3780 0.3290 0.3567 0.3976 0.4596 0.3009 0.2476 0.2845 0.3506 0.2065 0.2963 0.2364 0.2253 0.1968 0.1873 0.1906 0.1490 0.2649 0.2462 0.2171 0.2424 0.1752 0.2368 0.2813 0.3692 0.2644 0.2165 0.2842 0.2079 0.2230 0.1662 0.1661 0.1765 0.2612 0.1961 0.4012 0.3632 0.2826 0.3362 0.2037 0.4767 0.2213 0.1418 0.1717 0.1657 0.1071 0.0874 0.1090 0.0993
0.5993 0.6305 0.0000 0.4876 0.5193 0.3949 0.1993 0.1889 0.4485 0.9252 1.0211 0.3521 0.1757 0.9326 0.8072 1.0987 1.1245 1.5871 1.5569 1.6215 0.9656 1.2620 1.0648 1.0205 0.9273 1.0602 0.9689 1.0851 1.2457 1.6228 1.0286 1.5585 1.3775 1.3987 1.3309 1.2615 1.2778 0.8223 1.5869 1.3639 1.6042 1.5547 1.0457 1.2146 1.3744 1.6875 1.1712 0.8663 0.9779 0.7064 0.8219 0.8688 0.9258 0.9044 1.3752 1.1402 1.8663 1.3279 1.1245 1.3409 1.3654 2.1757 1.4970 1.3436 1.1486 0.9116 0.8966 0.8956 1.0690 0.7998
0.3529 0.5867 0.0000 0.6488 0.4130 0.4677 0.2685 0.1679 0.3441 0.3324 0.1838 0.1819 0.1691 0.2192 0.2566 0.2212 0.2705 0.2415 0.1708 0.2183 0.0838 0.1049 0.1365 0.3788 0.3653 0.1311 0.0672 0.3631 0.3873 0.5967 0.3299 0.5079 0.5455 0.4631 0.4100 0.4159 0.4084 0.2673 0.4901 0.4452 0.3992 0.5229 0.3849 0.4905 0.5969 0.7936 0.6120 0.4158 0.6103 0.4069 0.4368 0.3706 0.4283 0.3824 0.7277 0.7906 0.9394 0.6328 0.5009 0.5344 0.5098 0.7326 0.4998 0.4654 0.4316 0.5615 0.5882 0.5151 0.6440 0.5477
0.3814 0.5452 0.0000 0.6807 0.7498 0.5067 0.3836 0.3359 0.5332 0.3310 0.3184 0.3394 0.3002 0.3197 0.2631 0.3584 0.3695 0.5349 0.2364 0.4500 0.1964 0.1623 0.1823 0.2212 0.1014 0.1328 0.1252 0.1263 0.2032 0.1984 0.1341 0.1417 0.0988 0.1029 0.0587 0.0570 0.0864 0.2172 0.3308 0.0861 0.0433 0.3794 0.2592 0.3904 0.4147 0.5599 0.5065 0.3495 0.4124 0.3405 0.3543 0.3058 0.3363 0.3220 0.4853 0.4705 0.7693 0.5278 0.4582 0.5333 0.5244 0.6258 0.5372 0.4608 0.3759 0.3928 0.4680 0.3928 0.5753 0.4952
0.7758 0.9490 0.0000 0.9841 1.0183 0.7088 0.5315 0.4590 0.7903 0.8208 0.8411 0.8258 0.7501 0.8622 0.6784 0.8283 0.9484 1.2540 0.8422 0.9767 0.5761 0.6670 0.5802 0.5388 0.4771 0.6055 0.5435 0.4508 0.5663 0.7499 0.4259 0.6595 0.3338 0.5177 0.3522 0.2259 0.2818 0.2599 0.2114 0.2370 0.2192 0.2707 0.2490 0.2376 0.3309 0.3068 0.1759 0.1421 0.1081 0.0855 0.1373 0.4336 0.4450 0.1134 0.0949 0.5885 0.8289 0.6662 0.5045 0.5965 0.7197 0.9922 0.6888 0.6979 0.5790 0.6146 0.6965 0.6271 0.7621 0.7363
0.6710 0.9364 0.0000 1.1183 1.1023 0.6599 0.6168 0.5352 0.7814 0.6515 0.7873 0.7056 0.7381 0.9735 0.7786 1.0376 1.0857 1.3748 0.9676 1.1305 0.6145 0.7375 0.6961 0.8172 0.7709 0.9125 0.8580 0.7597 0.9130 1.2886 0.7583 1.0050 0.7632 0.7059 0.6036 0.5427 0.5495 0.3495 0.5835 0.5968 0.5256 0.5333 0.4073 0.5182 0.5654 0.7682 0.3430 0.4126 0.3807 0.1987 0.2582 0.3223 0.1557 0.1829 0.2843 0.2598 0.5262 0.2705 0.2686 0.2181 0.1697 0.2667 0.1194 0.1159 0.1482 0.6440 0.5871 0.1394 0.0941 0.6534
0.1731 0.2793 0.0000 0.2990 0.3691 0.2694 0.2110 0.2086 0.3211 0.2721 0.3016 0.2898 0.2610 0.3589 0.2821 0.3227 0.3292 0.4753 0.3253 0.3273 0.2325 0.2666 0.2134 0.2011 0.2238 0.2388 0.2534 0.2554 0.3178 0.4601 0.2986 0.4096 0.3157 0.3005 0.2424 0.2259 0.2481 0.1989 0.3538 0.3381 0.3119 0.3360 0.2320 0.3086 0.3483 0.4048 0.2712 0.1947 0.2219 0.1623 0.1742 0.1630 0.1629 0.1731 0.2562 0.1924 0.2982 0.2044 0.1590 0.1891 0.1146 0.2683 0.1457 0.0933 0.0966 0.1625 0.0705 0.0853 0.1069 0.0974
0.0408 0.0429 0.0000 0.0414 0.0353 0.0269 0.0136 0.0129 0.0305 0.1157 0.1033 0.0239 0.0120 0.1288 0.0844 0.1117 0.1100 0.1613 0.1331 0.1696 0.1010 0.1320 0.1114 0.1067 0.1089 0.1246 0.1138 0.1219 0.1463 0.1894 0.0979 0.1542 0.1156 0.0971 0.1000 0.0913 0.0829 0.0546 0.1148 0.0987 0.1003 0.1227 0.0944 0.1318 0.1632 0.2156 0.1452 0.1073 0.1153 0.0875 0.1019 0.1076 0.1147 0.1137 0.1642 0.1393 0.2009 0.1439 0.1158 0.1179 0.1072 0.1496 0.1004 0.0901 0.0770 0.0953 0.0938 0.0937 0.1118 0.0836
1.6560 2.2556 0.0000 2.4944 1.6613 1.8807 1.1870 0.7418 1.3837 1.9314 0.8123 1.0579 0.9829 1.2740 1.1226 0.9676 1.2990 1.2593 0.7472 0.9548 0.3664 0.4588 0.5973 2.5824 2.1230 0.5796 0.2942 2.4829 2.3615 3.3791 1.8113 2.8746 2.5964 2.8232 2.4980 2.5356 2.4897 1.6573 3.2456 2.9889 2.6799 3.4233 2.5196 2.9810 2.9615 4.0896 2.7026 1.7868 2.4192 1.8226 1.7313 1.5235 1.9175 1.7128 2.8847 2.6449 4.4636 3.2884 2.9030 3.3276 3.7589 5.3062 3.3099 3.0824 2.8580 3.6949 3.8711 3.4272 3.8180 3.4100
1.4583 2.0894 0.0000 1.9811 2.0770 1.4036 1.0625 0.9303 1.4769 1.4800 1.4236 1.4922 1.3201 1.4050 0.9912 1.1066 1.1634 1.6525 0.7638 1.4529 0.6971 0.5757 0.5888 0.9726 0.3597 0.5617 0.5509 0.5564 0.7139 0.6964 0.5070 0.5360 0.3470 0.3614 0.2060 0.2004 0.3036 1.0221 1.4792 0.3057 0.1522 1.7658 0.9519 1.3310 1.3712 1.9086 1.5207 1.2832 1.5133 1.2503 1.3010 1.1891 1.3932 1.3341 2.0104 1.8249 3.0700 1.9008 1.3470 1.6284 1.4611 1.8789 1.4974 1.3843 1.0478 1.1348 1.4051 1.1795 1.6027 1.4627
0.3352 0.5050 0.0000 0.6108 0.7445 0.5549 0.3785 0.3438 0.5919 0.6093 0.6046 0.5692 0.4699 0.5973 0.4002 0.4700 0.5103 0.6011 0.4378 0.4969 0.2861 0.3311 0.2880 0.3403 0.3013 0.3608 0.3239 0.2686 0.2893 0.3656 0.2077 0.3215 0.1627 0.2524 0.1798 0.1154 0.1374 0.1549 0.1080 0.1360 0.1363 0.1684 0.1272 0.1213 0.1697 0.1573 0.0899 0.0726 0.0552 0.0437 0.0701 0.3232 0.2810 0.0579 0.0485 0.4155 0.5058 0.3592 0.2644 0.3216 0.3478 0.5708 0.4203 0.4313 0.3808 0.4329 0.5348 0.4492 0.5459 0.4143
5.7232 7.2563 0.0000 7.4303 7.3242 4.7006 4.0959 3.8123 5.1890 4.6306 5.6077 5.0262 4.9044 6.5403 5.1732 6.0909 7.2556 9.9276 8.2533 10.0522 7.6968 8.3343 7.8628 8.3781 7.3994 7.7346 6.5208 6.8447 7.0012 8.4190 5.0436 6.4799 5.5933 5.1762 4.4258 3.9776 4.0289 3.6309 6.0614 5.3715 5.0982 5.3672 2.9878 3.6910 4.0274 5.4686 2.4419 2.9390 2.7912 1.4580 1.8390 3.1267 1.1420 1.5989 2.9067 2.6567 4.0096 1.9833 2.0812 1.6893 1.2976 2.0384 0.9124 0.8858 1.1332 7.2435 6.0981 1.0224 0.6900 6.0992
0.2230 0.3236 0.0000 0.3463 0.4114 0.3267 0.2719 0.2720 0.4620 0.4149 0.5067 0.4494 0.3677 0.4054 0.3190 0.3334 0.3343 0.4608 0.3342 0.3648 0.2375 0.2972 0.2099 0.2237 0.2494 0.2661 0.2458 0.2683 0.3080 0.4315 0.2777 0.4144 0.3774 0.3746 0.3844 0.4194 0.3935 0.2876 0.4773 0.4015 0.3323 0.4264 0.2675 0.3145 0.3620 0.4079 0.3107 0.2230 0.2542 0.1860 0.1996 0.2484 0.2484 0.2230 0.3687 0.2873 0.3424 0.2279 0.1773 0.2108 0.1278 0.2991 0.1673 0.1072 0.1077 0.2339 0.0810 0.1106 0.1604 0.1461
0.1682 0.1661 0.0000 0.1734 0.1463 0.1112 0.0562 0.0532 0.1263 0.6843 0.5248 0.0915 0.0463 0.5641 0.3454 0.4116 0.4092 0.5943 0.4902 0.6540 0.4133 0.5465 0.4909 0.5039 0.5606 0.5981 0.5466 0.4623 0.5674 0.6709 0.3472 0.5463 0.4095 0.3578 0.3544 0.3364 0.2942 0.2013 0.4230 0.3637 0.3556 0.4747 0.3345 0.4581 0.5664 0.7412 0.5956 0.4588 0.6271 0.4759 0.5680 0.5313 0.5298 0.4636 0.6445 0.6125 0.8537 0.5407 0.4436 0.4378 0.4524 0.6319 0.4239 0.3805 0.3255 0.4501 0.4427 0.3831 0.4929 0.3826
0.3600 0.4903 0.0000 0.5425 0.3611 0.4088 0.2580 0.1612 0.3008 0.5025 0.1766 0.2481 0.2695 0.3494 0.2535 0.2104 0.2983 0.2891 0.1693 0.2164 0.0830 0.1039 0.1354 0.8251 0.5915 0.1260 0.0639 0.6625 0.5474 0.7833 0.4201 0.6667 0.6018 0.6544 0.5790 0.5896 0.6145 0.4443 0.9521 0.7792 0.6987 0.7939 0.5912 0.6910 0.6865 0.9480 0.6268 0.4142 0.5608 0.4225 0.4018 0.3532 0.4445 0.3970 0.6694 0.6614 1.0352 0.7639 0.6733 0.7714 0.8340 1.2496 0.9207 0.8610 0.7950 1.1053 1.0689 0.8343 0.9359 0.8862
3.8181 4.9492 0.0000 4.7901 5.5742 3.6749 2.7819 2.4370 3.8668 3.9200 3.8470 3.4864 3.2839 3.6284 2.3160 2.5855 2.7183 3.8611 1.7847 3.3947 1.6288 1.3452 1.3764 2.4182 0.8404 1.3125 1.4887 1.5029 1.6681 1.6281 1.1847 1.2524 0.8112 0.8443 0.4817 0.4682 0.7094 3.0431 3.9971 0.7142 0.3556 4.6232 2.3519 3.2884 3.3879 4.7156 3.7573 3.1705 3.7391 3.0891 3.2145 3.0436 3.9061 3.3310 5.0197 4.5088 7.3724 4.6988 3.3280 4.0255 3.6100 4.6422 3.6998 3.4201 2.5916 2.8039 3.4716 2.9157 3.9641 3.9010
0.5411 0.8172 0.0000 0.9869 1.1630 0.8224 0.6611 0.6012 1.0335 1.1309 1.1811 0.9659 0.8025 1.0816 0.7246 0.7699 0.8537 1.0057 0.8122 0.9002 0.5180 0.5994 0.5217 0.5577 0.5038 0.5827 0.5231 0.4485 0.4670 0.5901 0.3352 0.5192 0.2628 0.4074 0.2904 0.1863 0.2217 0.2501 0.1744 0.2195 0.2278 0.2814 0.2054 0.1959 0.2739 0.2539 0.1451 0.1172 0.0891 0.0705 0.1132 0.5977 0.4699 0.0935 0.0782 0.7528 0.8661 0.6596 0.4809 0.5907 0.6387 1.0367 0.7197 0.7296 0.6049 0.6422 0.7761 0.6612 0.8035 0.7762
0.3056 0.4084 0.0000 0.4182 0.4122 0.2530 0.2305 0.2052 0.2920 0.2492 0.3018 0.2705 0.2759 0.3683 0.2912 0.3650 0.4355 0.5955 0.4687 0.5476 0.3121 0.3746 0.3536 0.4149 0.3916 0.4741 0.3928 0.3846 0.3934 0.5045 0.2959 0.3802 0.3145 0.2909 0.2487 0.2235 0.2264 0.1578 0.2634 0.2694 0.2372 0.2407 0.1608 0.1986 0.2167 0.2943 0.1314 0.1582 0.1502 0.0785 0.0990 0.1455 0.0615 0.0797 0.1283 0.1173 0.2077 0.1067 0.1060 0.0861 0.0670 0.1053 0.0471 0.0457 0.0585 0.3271 0.2650 0.0550 0.0371 0.3308
0.3168 0.5112 0.0000 0.5472 0.6719 0.4930 0.3864 0.3819 0.5877 0.4984 0.5909 0.5336 0.4806 0.6611 0.5196 0.5909 0.5997 0.8658 0.5923 0.5958 0.4233 0.4855 0.3886 0.3662 0.4074 0.4347 0.4614 0.4892 0.5787 0.8381 0.5400 0.7500 0.6184 0.5888 0.5018 0.4680 0.5138 0.4119 0.7325 0.7025 0.6529 0.6987 0.4825 0.6107 0.6881 0.7753 0.5601 0.4020 0.4584 0.3353 0.3597 0.2984 0.2983 0.3169 0.4691 0.3523 0.5430 0.3722 0.2895 0.3445 0.2088 0.4885 0.2653 0.1700 0.1759 0.2975 0.1284 0.1561 0.1957 0.1782
0.0440 0.0463 0.0000 0.0446 0.0382 0.0290 0.0146 0.0139 0.0329 0.1420 0.1121 0.0258 0.0129 0.1586 0.0893 0.1129 0.1121 0.1631 0.1346 0.1794 0.1069 0.1397 0.1179 0.1183 0.1311 0.1404 0.1283 0.1302 0.1562 0.1915 0.0996 0.1559 0.1176 0.0982 0.1017 0.0924 0.0863 0.0556 0.1161 0.0998 0.1044 0.1393 0.0960 0.1345 0.1656 0.2145 0.1649 0.1218 0.1467 0.1113 0.1296 0.1370 0.1459 0.1356 0.1892 0.1861 0.2504 0.1586 0.1302 0.1284 0.1328 0.1854 0.1244 0.1117 0.0955 0.1057 0.1039 0.0991 0.1183 0.0895
0.1177 0.1603 0.0000 0.1773 0.1180 0.1337 0.0843 0.0527 0.0984 0.1437 0.0577 0.0757 0.0754 0.0977 0.0798 0.0688 0.0926 0.0898 0.0531 0.0679 0.0260 0.0326 0.0425 0.2310 0.1654 0.0412 0.0209 0.2235 0.1667 0.2463 0.1362 0.2097 0.2113 0.1993 0.1764 0.1790 0.1758 0.1205 0.2518 0.2173 0.1949 0.2417 0.1780 0.2193 0.2505 0.3376 0.2286 0.1454 0.2046 0.1483 0.1498 0.1271 0.1561 0.1394 0.2496 0.2466 0.3775 0.2848 0.2343 0.2500 0.2520 0.3620 0.2568 0.2390 0.2217 0.2883 0.3022 0.2641 0.3270 0.2812
0.1333 0.1709 0.0000 0.1654 0.1878 0.1269 0.0961 0.0841 0.1335 0.1004 0.0966 0.0983 0.0869 0.0937 0.0731 0.0840 0.0883 0.1255 0.0580 0.1103 0.0514 0.0424 0.0447 0.0641 0.0265 0.0378 0.0374 0.0377 0.0526 0.0514 0.0372 0.0394 0.0256 0.0266 0.0152 0.0148 0.0224 0.0743 0.1003 0.0225 0.0112 0.1311 0.0656 0.0981 0.1042 0.1406 0.1250 0.0885 0.1043 0.0862 0.0897 0.0774 0.0913 0.0857 0.1291 0.1252 0.2048 0.1391 0.1151 0.1380 0.1248 0.1545 0.1279 0.1138 0.0895 0.0935 0.1155 0.0970 0.1369 0.1324
0.3256 0.5134 0.0000 0.5189 0.5617 0.3906 0.2827 0.2567 0.4420 0.4588 0.4704 0.4677 0.4334 0.4927 0.3879 0.4932 0.5251 0.6187 0.4424 0.5023 0.2891 0.3345 0.2911 0.2518 0.2230 0.2829 0.2540 0.2106 0.2625 0.3417 0.1941 0.3006 0.1522 0.2359 0.1633 0.1048 0.1284 0.1214 0.0980 0.1107 0.1024 0.1265 0.1155 0.1102 0.1534 0.1423 0.0816 0.0659 0.0501 0.0396 0.0636 0.2425 0.2080 0.0526 0.0440 0.3310 0.4057 0.3292 0.2492 0.2946 0.3555 0.4857 0.3371 0.3416 0.2834 0.3008 0.3409 0.2945 0.3578 0.3459
0.3152 0.4406 0.0000 0.5318 0.5444 0.3259 0.3046 0.2643 0.3859 0.3218 0.3890 0.3485 0.3646 0.5015 0.3847 0.4730 0.5060 0.6441 0.4835 0.5648 0.3174 0.3809 0.3596 0.4221 0.3982 0.4615 0.4339 0.3924 0.4716 0.6517 0.4157 0.5177 0.4056 0.3752 0.3208 0.2884 0.2920 0.1711 0.2856 0.2921 0.2573 0.2610 0.2011 0.2561 0.2794 0.3794 0.1694 0.2038 0.1880 0.0982 0.1276 0.1578 0.0769 0.0895 0.1392 0.1272 0.2600 0.1336 0.1326 0.1077 0.0838 0.1318 0.0589 0.0572 0.0733 0.3353 0.2874 0.0688 0.0465 0.3375
0.9328 1.5490 0.0000 1.6580 2.3422 1.4518 1.1373 1.1247 1.7308 1.4669 1.5279 1.4681 1.3222 1.8180 1.4289 1.6447 1.9295 2.6807 2.1411 2.0769 1.5302 1.6923 1.4047 1.3238 1.4201 1.5152 1.6678 1.8483 1.9441 2.4864 1.4371 1.9951 1.5904 1.5135 1.2638 1.1778 1.2938 1.0368 1.8447 1.7232 1.5896 1.7585 1.2964 1.7515 2.0804 3.0268 1.9006 1.3642 1.5547 1.1378 1.2207 0.8788 0.8786 0.9333 1.3815 1.0368 1.7758 1.2973 1.0092 1.2009 0.7277 1.7027 0.8671 0.5557 0.6131 0.8757 0.4200 0.4595 0.5761 0.5249
0.1378 0.1450 0.0000 0.1384 0.1194 0.0908 0.0459 0.0434 0.1031 0.3416 0.3132 0.0800 0.0404 0.3788 0.2136 0.2907 0.2974 0.4200 0.4120 0.4291 0.2555 0.3340 0.2818 0.2699 0.3052 0.3169 0.2896 0.2937 0.3524 0.4529 0.2871 0.4349 0.3804 0.3460 0.3666 0.3120 0.3159 0.2033 0.3923 0.3374 0.3818 0.5098 0.2888 0.3729 0.4140 0.5041 0.3721 0.2749 0.3312 0.2513 0.2925 0.3166 0.3373 0.3061 0.4699 0.4057 0.6641 0.4384 0.3715 0.4301 0.5211 0.6786 0.4552 0.4086 0.3495 0.2411 0.2371 0.2369 0.2827 0.2115
5.5736 9.2698 0.0000 10.2512 6.5251 7.3865 4.2425 2.6512 5.4374 5.6149 2.9033 3.0753 2.8573 3.7055 4.0548 3.4948 4.2741 4.0805 2.6989 3.4486 1.3233 1.6564 2.1574 8.8769 6.1718 2.0714 1.0619 8.2515 7.0484 10.8577 6.0039 9.2417 9.9272 8.4263 7.4597 7.5680 7.4309 4.8637 9.4202 8.1309 7.2903 9.4359 6.6584 8.4585 10.2984 13.6850 10.6710 8.4125 10.6639 8.2313 8.8312 7.4936 8.6599 7.7312 14.7141 12.7446 16.3791 11.1499 8.8257 9.4122 9.4336 13.5502 9.6071 8.9467 8.2997 10.7926 11.3130 9.8847 12.2356 10.5268
0.9354 1.2640 0.0000 1.4813 1.8392 1.4860 1.0888 0.9533 1.5126 0.7681 0.7388 0.7876 0.6967 0.7419 0.6784 0.9242 0.9529 1.3795 0.6097 1.1603 0.5063 0.4184 0.4702 0.5133 0.2614 0.3081 0.2905 0.2932 0.5241 0.5115 0.3380 0.3289 0.2547 0.2653 0.1512 0.1471 0.2229 0.5324 0.7677 0.2221 0.1117 0.9305 0.5035 0.7583 0.8243 1.0873 1.0304 0.6787 0.8004 0.6613 0.6881 0.5938 0.6439 0.5773 0.8699 0.8909 1.3354 0.9163 0.8102 0.9258 0.9796 1.6965 1.1208 1.1073 1.0574 1.1043 1.2093 1.0157 1.3882 1.1682
0.4731 0.6430 0.0000 0.6488 0.7144 0.4964 0.3974 0.3608 0.6212 0.6449 0.6612 0.6165 0.5656 0.6926 0.5452 0.6039 0.6911 0.9551 0.8234 1.0820 0.7711 0.8632 0.7509 0.3850 0.3410 0.4327 0.3884 0.3219 0.4835 0.7741 0.4312 0.6811 0.3202 0.4964 0.3192 0.2048 0.2703 0.1857 0.1917 0.1702 0.1566 0.1935 0.2281 0.2176 0.2763 0.2261 0.1611 0.1302 0.0990 0.0783 0.1257 0.3441 0.3180 0.1028 0.0869 0.4653 0.5745 0.4661 0.3613 0.4174 0.5368 0.6877 0.4777 0.4839 0.4013 0.4262 0.4546 0.3832 0.4657 0.4755
0.5894 0.8278 0.0000 0.9996 1.1620 0.9736 0.7259 0.6999 1.2398 1.1081 1.1072 0.9923 1.0052 1.2039 0.7628 0.8498 0.9086 1.1572 0.8843 1.0331 0.6283 0.7544 0.7117 0.8356 0.7882 0.8749 0.8149 0.7771 0.9335 1.1702 0.7236 1.0911 1.0296 1.1025 1.1294 1.1920 1.1576 0.3598 0.6007 0.6144 0.5411 0.5490 0.5055 0.8649 0.9382 1.2720 0.4968 0.5976 0.5017 0.2620 0.3739 0.3318 0.2052 0.1892 0.2927 0.2675 0.7009 0.3601 0.3259 0.2336 0.2260 0.3552 0.1589 0.1543 0.1975 0.6651 0.6044 0.1837 0.1252 0.6681
0.2417 0.4014 0.0000 0.4296 0.6069 0.3762 0.2947 0.2914 0.4485 0.3801 0.3967 0.3567 0.3214 0.4669 0.3364 0.3872 0.4627 0.6311 0.5094 0.7172 0.4064 0.5177 0.5030 0.5082 0.4674 0.4985 0.5123 0.4781 0.4623 0.5829 0.3369 0.4677 0.3916 0.3726 0.3369 0.3140 0.3449 0.2764 0.4918 0.4400 0.4018 0.4688 0.3456 0.4236 0.5031 0.6650 0.5539 0.4600 0.6281 0.5176 0.5968 0.2276 0.2276 0.2417 0.3580 0.2687 0.5498 0.5065 0.3917 0.4654 0.2466 0.5769 0.2851 0.1827 0.2079 0.2269 0.1381 0.1197 0.1493 0.1360
2.5273 2.6590 0.0000 2.0615 2.1900 1.6654 0.8407 0.7966 1.8915 5.0855 4.5225 1.4668 0.7411 5.6278 5.0197 5.4038 6.2105 7.8064 6.3211 8.4337 5.3361 7.0553 6.5691 8.5739 6.5889 7.3060 5.6466 5.6436 5.7515 7.5444 4.3445 6.0344 5.1842 4.6141 4.4629 4.3385 3.5649 2.5954 5.4547 4.6883 4.0921 4.5772 3.5926 4.4428 5.5013 7.1995 5.3935 4.1545 5.5924 4.4436 4.6705 4.5307 4.5033 3.9951 5.5366 5.1817 7.2224 4.8497 4.0764 4.3957 3.8700 5.7647 4.1392 3.7151 3.1761 10.8330 9.7564 5.5660 7.5116 8.2744
0.2500 0.3034 0.0000 0.3355 0.2234 0.2530 0.1783 0.1115 0.1861 0.4566 0.1220 0.2165 0.2753 0.3568 0.1869 0.1494 0.2539 0.2481 0.1249 0.1596 0.0612 0.0766 0.0998 0.3795 0.4119 0.0870 0.0454 0.2689 0.3707 0.4679 0.2809 0.3983 0.3597 0.3911 0.3677 0.3776 0.4091 0.3719 0.5390 0.4722 0.3580 0.4378 0.2737 0.3509 0.3882 0.4729 0.3586 0.2475 0.3191 0.2525 0.2199 0.2111 0.2657 0.2373 0.3479 0.2880 0.5022 0.3346 0.2953 0.3385 0.3442 0.5157 0.4086 0.3984 0.3336 0.4064 0.3974 0.3249 0.3631 0.3386
0.1660 0.2282 0.0000 0.2471 0.2390 0.1723 0.1396 0.1222 0.1940 0.4835 0.5422 0.2683 0.2711 0.4368 0.1677 0.1757 0.1847 0.2623 0.1212 0.2307 0.1173 0.0969 0.0935 0.2520 0.0605 0.1400 0.1959 0.1979 0.1364 0.1206 0.1132 0.1207 0.0665 0.0693 0.0395 0.0384 0.0582 0.1587 0.3246 0.0514 0.0264 0.2010 0.3077 0.3058 0.3374 0.4385 0.2892 0.2524 0.3353 0.2526 0.2629 0.2294 0.2308 0.2186 0.3319 0.3205 0.4362 0.3075 0.2425 0.2586 0.2661 0.3575 0.2713 0.2632 0.1828 0.2159 0.2673 0.2244 0.2655 0.2190
0.3809 0.5197 0.0000 0.6286 0.6899 0.4802 0.3940 0.3658 0.5828 0.5561 0.5699 0.5458 0.4521 0.5729 0.3838 0.4529 0.5145 0.6622 0.4447 0.5385 0.3315 0.3838 0.3339 0.5375 0.4510 0.9023 0.6158 0.4677 0.5065 0.5118 0.2907 0.4501 0.2278 0.3534 0.3150 0.2020 0.1981 0.2945 0.1891 0.2461 0.2305 0.2847 0.2272 0.2124 0.3071 0.2847 0.1611 0.1302 0.0989 0.0783 0.1257 0.3439 0.3945 0.1014 0.0849 0.3985 0.9844 0.6320 0.5446 0.5660 0.5286 0.8675 0.6745 0.6562 0.6005 0.6500 0.6382 0.5687 0.6378 0.5996
0.5637 0.8133 0.0000 0.8180 0.9247 0.6007 0.5144 0.4872 0.6274 0.5917 0.7166 0.6423 0.5629 0.6607 0.5538 0.6189 0.7384 1.0104 0.7704 0.9006 0.6057 0.7698 0.6488 0.6914 0.6125 0.6984 0.5870 0.5793 0.5925 0.7917 0.4857 0.6817 0.5014 0.4948 0.4528 0.4070 0.4122 0.5120 0.8182 0.8789 0.9910 0.8270 0.4935 0.4717 0.5147 0.6988 0.3120 0.3756 0.4589 0.2397 0.2490 0.5481 0.1876 0.2769 0.4486 0.4102 0.6945 0.3351 0.3603 0.2926 0.2246 0.3531 0.1580 0.1534 0.1963 0.6691 0.7550 0.1680 0.1165 0.5162
0.5473 0.7192 0.0000 0.7694 0.8620 0.6848 0.5700 0.5703 0.9685 1.0176 0.8558 0.8120 0.6595 0.8499 0.5561 0.6575 0.7008 0.8921 0.7003 0.7648 0.4979 0.6228 0.4400 0.4691 0.5229 0.5577 0.4961 0.4536 0.5801 0.7342 0.4733 0.7062 0.5894 0.5617 0.5825 0.5750 0.5639 0.4104 0.6832 0.6071 0.5006 0.6114 0.3836 0.4951 0.5837 0.7186 0.4662 0.3570 0.4353 0.3186 0.3418 0.8246 0.8110 0.5473 0.9320 1.1760 0.8457 0.4777 0.3716 0.4420 0.2678 0.6270 0.4110 0.2634 0.2258 0.7457 0.1989 0.3387 0.5880 0.5358
0.0740 0.0706 0.0000 0.0887 0.0643 0.0489 0.0247 0.0234 0.0556 0.1660 0.1880 0.0382 0.0197 0.1375 0.1441 0.2051 0.2511 0.2963 0.2024 0.2315 0.1416 0.1801 0.1520 0.1469 0.1312 0.1485 0.1369 0.1549 0.1547 0.2167 0.1392 0.1928 0.1661 0.1765 0.1430 0.1543 0.1365 0.0993 0.2088 0.1795 0.1456 0.1466 0.1150 0.1410 0.1595 0.2068 0.1455 0.1076 0.1253 0.0970 0.1047 0.1079 0.1149 0.1109 0.1596 0.1358 0.2118 0.1541 0.1306 0.1408 0.1288 0.2051 0.1584 0.1422 0.1216 0.1461 0.1364 0.1598 0.1972 0.1345
1.3847 1.0575 0.0000 1.1694 0.8133 0.8812 0.7785 0.4718 0.7250 0.9883 0.5164 0.5861 0.5016 0.6084 0.8506 0.7331 0.8966 0.8155 0.5662 0.7234 0.2776 0.3475 0.4526 0.7351 0.7469 0.3684 0.2228 0.6414 0.8156 1.2564 0.7110 1.0694 1.1487 0.9750 0.8627 0.8757 0.8598 0.5628 0.9560 0.8721 0.7886 1.0913 0.6686 0.9159 1.1631 1.4139 1.1451 1.0042 1.0197 0.9520 1.1212 1.1184 1.2562 1.1215 1.3725 1.0225 1.5310 0.9934 0.8010 0.8835 0.8436 1.2137 0.8320 0.7904 0.6793 0.8613 0.9029 0.8194 0.9796 0.8059
0.7228 1.0768 0.0000 1.2532 1.3996 1.0785 0.9756 0.9337 1.4815 0.9143 0.8795 0.9375 0.8293 0.8831 0.8684 1.8545 1.6903 2.5109 1.0227 1.9454 0.7725 0.6384 0.7883 0.6110 0.3986 0.3685 0.3458 0.3490 0.7808 0.7621 0.5036 0.4686 0.3795 0.3952 0.2255 0.2192 0.3320 0.4770 0.9138 0.3387 0.1665 0.7591 0.5749 0.8658 0.9812 1.2415 1.1765 0.7750 0.9139 0.7551 0.7857 0.6781 0.6898 0.6536 0.9933 1.0173 1.3846 1.0217 0.9251 0.9850 1.0826 1.8464 1.1036 1.2643 1.1636 1.3981 1.6096 1.3512 1.3077 0.9707
