16.9669 8.5300 0.0000 11.4053 7.1287 3.8467 2.3900 1.2561 10.6302 2.8912 2.2414 1.9457 1.3074 8.9610 0.7263 1.8802 2.2619 7.3081 2.1174 2.5373 0.2922 0.9933 0.0811 0.0926 0.2966 0.3963 0.2157 0.1110 0.6484 2.0235 0.2407 2.2209 0.8173 0.5866 0.3830 0.2923 0.3071 0.0516 1.1828 0.8735 0.2698 0.7555 0.0527 0.2296 0.5668 1.5867 0.1055 0.0265 0.0706 0.0112 0.0156 0.3076 0.1786 11.2172 14.4893 0.9481 7.1191 0.1182 0.0259 0.0812 0.0012 0.4335 0.0568 0.0016 0.0005 0.3776 0.0001 0.0014 0.0059 0.0040
0.0054 0.0025 0.0000 0.0019 0.0003 0.0001 0.0000 0.0000 0.0001 0.4842 1.1153 0.0000 0.0000 0.3225 2.5550 66.8358 18.0467 265.5038 12.5628 43.0105 2.3624 11.5262 4.1014 1.9337 1.0710 2.3312 1.7061 5.0999 3.8472 27.8295 1.6559 8.2679 3.9342 1.6030 1.4895 1.3353 0.2436 0.0371 3.3758 1.4401 0.7120 1.0601 0.4688 1.2061 3.8321 17.6285 2.3032 0.4342 0.7918 0.2014 0.2912 0.3427 0.5256 0.5197 3.2916 1.2960 7.9301 1.7504 0.7779 1.0784 0.3587 3.0217 0.4902 0.2301 0.0962 0.8226 0.5866 4.4243 8.2234 0.5304
0.2332 0.1173 0.0000 0.2054 0.0066 0.0392 0.0141 0.0004 0.0030 0.0741 0.0002 0.0012 0.0005 0.0013 0.0071 0.0013 0.0108 0.0037 0.0001 0.0005 0.0000 0.0000 0.0000 0.0539 0.0802 0.0000 0.0000 0.0276 0.6258 7.2142 3.4736 2.8822 0.4286 0.5100 0.2834 0.2201 0.2415 0.0179 0.2379 0.1660 0.0796 0.6920 0.0397 0.2397 0.6072 1.5247 0.3746 0.0486 0.1694 0.0513 0.0153 0.0101 0.0611 0.0320 0.2009 0.0612 1.8276 0.1802 0.0700 0.1608 0.1112 0.7025 0.0794 0.0805 0.0259 0.0900 0.1261 0.0851 0.1734 0.0712
0.1732 1.6695 0.0000 2.6341 1.4384 0.2624 0.0979 0.0401 0.4393 2.4560 1.1792 8.6896 7.1033 2.8319 7.0433 0.3388 0.5134 2.8841 0.0388 1.7563 0.3658 0.0403 0.0142 0.9921 0.0011 0.0255 0.0129 0.0083 0.3939 0.1067 0.0521 0.0278 0.0012 0.0017 0.0000 0.0000 0.0005 0.0222 0.9371 0.0002 0.0000 0.1963 1.1949 32.5875 17.5091 484.6763 8.0327 2.4559 4.9502 2.1516 2.3134 0.6272 0.6558 0.5616 5.7431 10.1629 39.1882 9.6454 2.9991 3.7447 4.6020 16.4344 4.2492 3.7831 0.2830 0.5529 3.0810 1.1656 2.8507 0.8519
2.3362 10.0577 0.0000 31.4452 33.5848 4.6154 0.9693 0.6389 7.2714 7.7994 9.7209 9.8283 4.1257 10.2486 1.3181 4.4508 9.6403 34.1313 2.7238 7.6989 0.5564 0.9968 0.4567 2.2626 0.9279 24.8267 10.2690 1.1400 16.7025 5.6277 0.2353 2.9583 0.0225 0.6978 0.4759 0.0138 0.0108 0.0688 0.0030 0.0160 0.0073 0.0136 0.0515 0.0167 0.1644 0.0440 0.0011 0.0004 0.0000 0.0000 0.0003 0.2721 0.7680 0.0001 0.0000 0.8608 54.1573 29.3245 5.1533 15.3100 218.5568 282.8739 34.8771 44.5757 14.4739 11.7809 11.2968 6.9614 22.8941 39.7591
1.1020 11.8939 0.0000 29.2638 100.0052 7.7672 3.7978 2.9669 5.7849 3.4462 17.0876 9.1068 4.5903 8.8184 3.7741 4.9304 7.1220 30.2774 4.7259 10.0201 0.4957 1.4155 0.6773 1.3860 1.1214 2.8428 1.6954 0.8533 2.5385 16.4682 1.3884 13.1512 1.6939 1.6209 0.9491 0.4466 0.4571 0.0621 0.8396 1.5078 0.8028 0.5340 0.2036 1.2090 1.5796 9.9436 0.0301 0.3181 0.0497 0.0005 0.0055 0.0175 0.0000 0.0002 0.0024 0.0017 0.1995 0.0025 0.0038 0.0005 0.0001 0.0009 0.0000 0.0000 0.0000 0.4001 1.0359 0.0000 0.0000 0.2637
0.3033 2.9484 0.0000 3.9423 11.7193 11.8412 1.4745 1.2513 10.5896 2.6283 2.2426 1.9467 1.3195 14.7315 1.1992 3.0909 3.7184 12.0142 3.4809 4.1712 0.4804 1.6329 0.1339 0.1521 0.4876 0.6516 0.3546 0.1824 1.0660 3.3266 0.3974 3.6510 1.3436 0.9686 0.3866 0.2912 0.3100 0.0849 1.9445 1.4423 0.4435 1.2421 0.0866 0.3775 0.9317 2.6086 0.1735 0.0436 0.1161 0.0185 0.0257 0.1160 0.1051 0.3046 1.8959 0.2579 1.8459 0.1943 0.0426 0.1335 0.0020 0.7126 0.0147 0.0004 0.0007 0.0494 0.0000 0.0004 0.0014 0.0010
0.0006 0.0003 0.0000 0.0002 0.0000 0.0000 0.0000 0.0000 0.0000 0.2124 0.4892 0.0000 0.0000 0.2324 0.4097 0.5214 0.5750 3.3887 1.4722 12.2566 3.2018 4.1017 1.4595 0.6911 0.3811 0.8296 0.6019 1.1045 0.8332 4.1261 0.1941 0.9859 0.4610 0.1878 0.1745 0.1565 0.0285 0.0043 0.3956 0.1688 0.0834 0.1242 0.0549 0.1529 0.5682 2.6136 0.4966 0.0940 0.2781 0.0717 0.1027 0.0739 0.1133 0.1027 0.4880 0.2795 1.3110 0.2190 0.0912 0.1264 0.0420 0.3541 0.0574 0.0270 0.0113 0.2513 0.2087 0.7064 1.3536 0.1169
0.1987 0.7311 0.0000 1.2807 0.0319 0.2441 0.0120 0.0003 0.0100 0.5694 0.0002 0.0025 0.0028 0.0121 0.0071 0.0011 0.0125 0.0042 0.0001 0.0005 0.0000 0.0000 0.0000 1.0204 1.5191 0.0000 0.0000 0.3170 6.2457 32.5882 0.8475 13.0193 9.1688 19.6403 14.3617 26.9996 16.1741 1.0207 15.9332 11.1194 7.2966 35.0678 2.0105 8.8770 12.9892 33.1873 8.0135 0.8575 3.6089 1.0975 0.2707 0.1777 1.0796 0.5651 4.2978 1.3087 39.0946 4.1511 2.5913 5.9539 5.6586 35.6001 7.1495 5.3942 2.3349 4.6823 6.4175 4.1850 6.4220 3.6092
0.8289 6.0448 0.0000 8.9342 4.8576 0.8899 0.2742 0.1124 1.2303 9.2081 6.8046 13.7521 8.2871 7.1118 0.5891 0.9486 1.0190 8.1113 0.0295 3.4862 0.0321 0.0035 0.0061 0.4760 0.0001 0.0030 0.0063 0.0074 0.0245 0.0089 0.0029 0.0015 0.0001 0.0001 0.0000 0.0000 0.0000 0.2361 9.9511 0.0000 0.0000 1.5839 1.0055 4.6779 5.2478 29.2408 10.5871 5.9562 19.8127 9.5189 28.8613 6.2661 6.5517 5.5858 27.6004 24.6479 95.4574 16.0838 3.9528 5.0223 6.0654 21.6605 5.6004 4.9861 0.3730 0.7287 4.0608 1.5363 3.7572 1.1228
1.1849 5.4934 0.0000 20.1786 31.4821 4.3264 2.7472 2.4458 20.5192 12.2239 9.1123 8.4076 2.6475 9.5652 0.9432 2.4099 4.8896 17.3114 1.3815 3.9049 0.2822 0.5034 0.2316 7.4687 3.5673 8.0398 11.7617 2.7025 0.9227 2.8544 0.1193 1.5005 0.0088 0.3539 0.0263 0.0008 0.0030 0.0691 0.0002 0.0040 0.0075 0.0254 0.0053 0.0010 0.0194 0.0052 0.0001 0.0000 0.0000 0.0000 0.0000 1.0461 2.9528 0.0000 0.0000 0.8034 12.9289 2.0947 0.4637 1.0936 1.9804 37.3435 7.5983 10.6879 7.8369 144.2925 24.8694 10.9581 8.4123 5.2488
1.5796 9.8906 0.0000 7.8752 15.6128 1.2179 0.5929 0.4632 0.9031 0.5404 2.6794 1.4218 0.7198 1.3827 0.8645 1.4102 4.3092 25.1779 6.5994 19.5687 3.1936 11.3375 4.3823 6.4405 2.9323 3.1377 1.0715 1.5207 1.3956 4.6493 0.3688 2.0532 0.2645 0.2542 0.1488 0.0700 0.0714 3.9726 63.1031 3.2978 4.6785 15.6631 0.0743 0.1896 0.2477 1.5524 0.0047 0.0499 0.0173 0.0002 0.0009 0.1265 0.0000 0.0005 0.1589 0.1102 0.1358 0.0010 0.0032 0.0004 0.0000 0.0006 0.0000 0.0000 0.0000 4.7022 20.9836 0.0000 0.0000 0.4699
0.1601 1.2409 0.0000 1.6592 4.9538 2.0228 0.7783 0.9607 18.3591 18.5269 113.2265 31.5325 5.0108 6.2271 1.9223 1.7042 1.5718 7.6815 1.4650 1.7632 0.2022 0.6902 0.0563 0.0643 0.2061 0.2742 0.1607 0.1450 0.8586 3.9309 0.4675 4.3143 2.0981 2.1154 4.9494 5.0566 3.9857 0.9373 12.0798 2.8871 0.9153 4.2670 0.2976 0.5427 1.1010 1.8356 0.4773 0.0548 0.0832 0.0132 0.0184 0.6930 0.7405 0.1601 3.2869 0.7508 0.7803 0.0821 0.0180 0.0562 0.0009 0.3012 0.0062 0.0002 0.0003 0.0857 0.0000 0.0003 0.0090 0.0061
0.0029 0.0009 0.0000 0.0010 0.0002 0.0001 0.0000 0.0000 0.0001 41.7692 24.2909 0.0000 0.0000 5.6242 1.2799 3.4759 3.2058 22.5891 9.8564 62.0949 5.6284 30.2232 24.2855 33.4337 59.2517 201.9886 24.0375 7.3628 22.9798 39.3123 1.2936 10.8930 3.0867 1.2577 1.1635 1.0477 0.1903 0.0291 2.6371 1.1299 0.6478 1.5041 0.7646 3.1079 11.5512 53.1381 13.4021 3.5489 21.2547 6.7218 7.8509 5.2671 4.6670 2.2488 10.4088 9.6250 45.1510 4.5899 1.3138 1.5367 0.8966 4.4199 0.4124 0.1927 0.0809 12.1586 10.0980 2.2066 14.5695 3.2096
0.0186 0.0853 0.0000 0.1495 0.0037 0.0286 0.0011 0.0000 0.0012 0.1073 0.0000 0.0004 0.0021 0.0091 0.0010 0.0001 0.0018 0.0006 0.0000 0.0001 0.0000 0.0000 0.0000 1.6754 1.2865 0.0000 0.0000 0.1911 0.6204 3.2938 0.0853 1.3102 0.9227 1.9765 1.4327 2.0293 1.7681 0.1574 7.9309 6.0124 12.7343 4.8925 0.7807 1.1857 1.3071 5.1404 0.8064 0.0863 0.3648 0.1104 0.0274 0.0179 0.1086 0.0569 0.4698 0.2231 7.6279 1.1883 0.7418 1.6970 2.1407 18.9169 6.9301 2.9167 2.2732 4.5585 3.7043 1.2901 1.9202 1.7426
0.2724 1.2089 0.0000 1.0365 0.9928 0.1064 0.0188 0.0077 0.0843 0.9665 0.7142 0.9337 0.6166 0.7209 0.0403 0.0650 0.0698 0.5555 0.0020 0.2388 0.0022 0.0002 0.0004 0.0354 0.0000 0.0002 0.0006 0.0007 0.0017 0.0006 0.0002 0.0001 0.0000 0.0000 0.0000 0.0000 0.0000 0.0869 1.0444 0.0000 0.0000 0.5205 0.2091 1.5986 1.2992 9.9926 3.6180 2.0354 4.1207 1.7832 1.9257 0.5221 0.5459 0.4654 6.5990 22.5428 63.2480 5.4964 1.3567 1.7163 2.0727 7.4021 1.9138 1.7039 0.1275 0.2490 1.3938 0.5250 1.2896 0.4132
2.6482 18.0125 0.0000 66.1641 110.6786 15.2099 2.4704 1.0813 19.3573 25.7027 32.0351 29.5579 9.1070 33.7741 3.3303 8.1464 11.4141 33.8021 3.0211 7.0805 0.5117 0.9167 0.4200 3.3019 1.5771 8.8337 5.1998 1.1948 1.6730 5.1982 0.2174 2.7206 0.0160 0.6417 0.0477 0.0014 0.0054 0.0306 0.0003 0.0030 0.0033 0.0112 0.0052 0.0017 0.0170 0.0045 0.0001 0.0000 0.0000 0.0000 0.0000 0.4625 1.3054 0.0000 0.0000 2.8244 25.8006 7.5590 1.0318 3.9465 7.1466 134.7615 16.6155 21.1436 6.8954 6.5939 20.4086 13.6614 41.9039 36.7248
40.7234 94.0399 0.0000 87.2089 55.7083 3.0272 2.2097 1.1513 4.6059 1.3431 6.6597 3.5338 5.6253 16.7790 12.0589 28.7372 87.8111 513.0588 151.9216 336.4577 12.8172 19.5447 17.5882 40.6612 30.4177 68.8533 22.9058 22.7445 20.8734 98.0996 5.3502 25.0232 3.6096 2.0301 0.8173 0.3846 0.3937 0.2203 2.9782 4.5328 2.4132 1.6052 0.1708 0.4712 0.6156 3.8586 0.0117 0.1240 0.0417 0.0004 0.0022 0.0527 0.0000 0.0004 0.0075 0.0052 0.1554 0.0019 0.0033 0.0004 0.0001 0.0007 0.0000 0.0000 0.0000 5.5251 3.6746 0.0000 0.0000 6.9976
0.2664 4.9781 0.0000 6.6561 19.8732 5.5551 1.3009 1.4526 12.2932 3.0512 3.3957 3.2161 2.0332 17.1760 5.3254 30.3280 8.4794 87.2799 6.1121 7.0734 0.8436 2.7690 0.2553 0.2580 0.8269 1.1049 1.0411 0.8351 5.5615 24.1666 2.8744 26.5237 5.9925 4.3014 1.3277 0.5602 1.1168 0.3787 8.6724 7.8601 3.2222 6.2040 0.5427 2.7427 4.8823 11.8905 0.7908 0.1280 0.2396 0.0381 0.0529 0.1347 0.1220 0.2676 2.2009 0.2994 3.1302 0.3295 0.0723 0.2254 0.0034 1.2085 0.0249 0.0007 0.0011 0.0574 0.0001 0.0004 0.0017 0.0011
0.0099 0.0054 0.0000 0.0030 0.0006 0.0002 0.0000 0.0000 0.0003 4.7918 6.4035 0.0000 0.0000 11.6879 1.5978 13.2342 11.3346 85.6322 92.4583 127.9221 7.0262 34.1323 12.1984 5.7513 3.1716 6.9033 5.0744 15.1680 17.9995 111.3057 51.7577 132.1260 48.4116 11.7975 18.3283 9.8275 1.7925 0.2727 24.8451 10.5986 6.3746 14.7375 7.4921 19.2742 33.8650 92.3669 10.7756 2.0403 2.8523 0.5964 1.1053 1.6031 2.4592 2.7230 27.9698 7.1240 126.7281 27.9731 12.3779 15.0566 5.0086 27.0550 3.6078 1.6932 0.7078 2.0915 1.7371 2.7547 7.2863 0.9727
0.0369 0.2177 0.0000 0.3813 0.0095 0.0727 0.0022 0.0001 0.0030 0.0145 0.0000 0.0001 0.0001 0.0005 0.0011 0.0002 0.0017 0.0006 0.0000 0.0001 0.0000 0.0000 0.0000 0.0402 0.0599 0.0000 0.0000 0.0326 0.1150 1.8056 0.0602 0.7182 1.2517 0.5966 0.2643 0.3402 0.2693 0.0171 0.4030 0.3069 0.1895 1.0652 0.2721 1.6874 3.8503 34.6418 1.8290 0.1171 0.8273 0.1498 0.0615 0.0243 0.1474 0.0771 1.4968 0.7107 24.1954 3.2646 0.9676 1.3124 0.7658 4.8177 0.4138 0.1734 0.1418 0.6173 0.8685 0.6950 2.2957 0.5470
1.1683 12.7761 0.0000 13.7994 7.5355 0.8853 0.1917 0.0786 0.8600 0.4399 0.3251 0.7262 0.3959 0.3397 0.1800 0.3699 0.3973 3.1630 0.0115 1.3594 0.0098 0.0011 0.0024 0.0227 0.0000 0.0003 0.0003 0.0004 0.0075 0.0027 0.0009 0.0005 0.0000 0.0000 0.0000 0.0000 0.0000 0.0225 0.4754 0.0000 0.0000 0.6123 0.0857 1.2112 1.2673 7.5713 11.5409 0.8381 1.6893 0.7343 0.7895 0.2140 0.2248 0.1916 1.9599 3.4682 19.1984 3.4232 4.2530 5.3104 23.7959 23.6119 16.1971 5.4353 0.4925 0.7944 4.4267 1.6747 7.6357 3.2473
3.6803 10.1605 0.0000 10.4608 9.9763 1.3710 0.2227 0.1322 1.7448 2.3168 2.8876 3.2696 2.2162 3.5767 1.3316 4.4962 9.7387 78.8866 6.2955 12.4496 0.6350 1.1327 0.5212 0.4037 0.1928 1.0801 0.6358 0.1455 0.7330 4.9026 0.2050 2.5771 0.0151 0.6079 0.0208 0.0006 0.0051 0.0037 0.0001 0.0005 0.0004 0.0014 0.0024 0.0008 0.0072 0.0019 0.0000 0.0000 0.0000 0.0000 0.0000 0.0565 0.1596 0.0000 0.0000 0.2546 3.1002 1.6787 0.3573 0.8764 6.6817 16.1930 1.9965 2.5517 0.8286 0.6744 0.6467 0.3985 1.3106 2.2760
0.2200 2.3744 0.0000 5.8421 19.9646 26.3121 0.7582 2.3359 12.3497 4.9710 24.6481 13.1362 5.0984 4.1164 0.7502 0.9843 1.4218 6.0445 0.9435 2.0004 0.0990 0.2826 0.1352 0.2767 0.2239 0.5675 0.3385 0.1703 0.5068 3.2876 0.2772 2.6254 1.0773 1.8082 2.0351 0.9575 0.9802 0.0124 0.1676 0.3010 0.1603 0.1066 0.1772 1.7439 2.2786 14.3433 0.0435 0.4588 0.0711 0.0007 0.0080 0.0035 0.0001 0.0000 0.0005 0.0003 0.2865 0.0036 0.0027 0.0001 0.0001 0.0012 0.0000 0.0000 0.0000 0.0799 0.2068 0.0000 0.0000 0.0526
0.0492 1.1620 0.0000 1.5537 19.4450 1.0249 0.2390 0.2680 2.2681 0.5605 0.4782 0.4169 0.2826 3.1552 0.3835 0.9970 6.0896 19.3357 15.3233 6.9210 7.8132 2.7093 0.6984 0.2877 0.8091 1.0811 2.8476 2.0484 3.3263 6.2084 0.3506 1.9016 0.4296 0.3097 0.0952 0.0624 0.0804 0.0271 0.6218 0.5635 0.3746 0.4666 0.1234 0.7108 1.8725 11.9945 1.9399 0.3501 0.6554 0.1041 0.1448 0.0247 0.0225 0.0492 0.4043 0.0550 1.4167 0.3224 0.0707 0.2205 0.0033 1.1824 0.0113 0.0003 0.0011 0.0105 0.0000 0.0001 0.0003 0.0002
0.0015 0.0008 0.0000 0.0004 0.0001 0.0000 0.0000 0.0000 0.0000 0.1551 0.3572 0.0000 0.0000 0.2544 0.1523 1.2614 1.0850 8.1975 14.9932 12.1926 0.6697 3.2674 1.1627 0.5482 0.3036 0.6608 0.4836 1.4457 1.0906 7.8891 1.1616 5.8250 4.6953 7.5447 1.7699 12.3459 1.1463 0.1744 15.8199 6.7780 3.3365 2.0880 0.3797 0.8460 1.4930 4.9973 0.6529 0.1231 0.2235 0.0571 0.0825 0.0971 0.1490 0.1473 1.2331 0.3674 5.5870 1.2332 0.5457 1.2870 0.9668 14.2224 2.3073 1.0828 0.4526 0.2002 0.1663 0.2626 0.6975 0.0927
1.2163 20.1187 0.0000 35.2409 0.8771 6.7175 0.1204 0.0030 0.2762 0.2002 0.0015 0.0019 0.0015 0.0066 0.0659 0.0125 0.0469 0.0080 0.0010 0.0043 0.0000 0.0000 0.0003 0.5569 0.8291 0.0001 0.0000 0.2855 0.3330 5.2755 0.2140 2.1076 6.2217 1.7203 0.7656 0.9810 0.7800 0.0492 0.7684 0.5363 0.3550 3.0850 0.3629 1.2832 5.2260 21.7487 6.6153 6.2497 7.7678 2.9497 57.7022 8.0687 16.3572 8.5246 64.8317 8.2609 68.5676 4.3545 1.2906 1.7430 1.0170 6.4261 0.5495 0.2601 0.1899 0.8270 1.1635 0.9230 3.0489 0.9231
0.0722 0.5772 0.0000 2.0837 3.7864 1.2114 0.9277 0.3804 4.1623 0.0401 0.0296 0.0662 0.0361 0.0310 0.0727 2.7796 2.5414 23.7681 0.0470 5.5515 0.0107 0.0012 0.0098 0.0021 0.0000 0.0000 0.0000 0.0000 0.0074 0.0027 0.0004 0.0001 0.0000 0.0000 0.0000 0.0000 0.0000 0.0010 0.0433 0.0000 0.0000 0.0273 0.0040 0.0564 0.0712 0.3527 0.5376 0.0390 0.0787 0.0342 0.0368 0.0100 0.0104 0.0089 0.0913 0.1616 0.6229 0.1533 0.1185 0.1479 0.3080 7.9469 0.3241 0.9985 1.2620 36.0763 5.2693 1.9935 1.5304 0.1914
0.2506 0.6950 0.0000 0.8592 0.9217 0.1261 0.0265 0.0175 0.1987 0.2131 0.2656 0.2685 0.1516 0.2951 0.1098 0.3076 0.6662 5.3960 1.4330 7.0734 1.2760 4.0449 1.8611 0.0531 0.0255 0.1420 0.0840 0.0192 0.4220 42.5745 1.2674 22.8727 0.0597 2.3995 0.0373 0.0011 0.0200 0.0005 0.0002 0.0001 0.0001 0.0002 0.0036 0.0012 0.0054 0.0005 0.0001 0.0000 0.0000 0.0000 0.0000 0.0074 0.0211 0.0000 0.0000 0.0235 4.5527 2.4652 0.5247 1.2870 9.8122 23.7798 2.9319 3.7473 1.2167 0.9904 0.9497 0.5852 1.9246 3.3423
0.5202 5.6148 0.0000 13.8146 47.2095 26.4933 1.7928 5.5236 60.7074 41.5745 299.8187 109.8628 8.5831 6.8999 1.7816 2.3275 3.3621 14.2931 2.2309 4.7302 0.2340 0.6682 0.3197 0.6543 0.5294 1.3420 0.8003 0.4028 1.1984 7.7741 0.6554 6.2083 1.8058 3.0308 3.2375 1.5233 1.5593 0.0293 0.3963 0.7118 0.3790 0.2521 0.4190 14.6488 19.1398 119.9583 0.3636 3.8371 0.2774 0.0027 0.0672 0.0083 0.0002 0.0001 0.0011 0.0008 1.0158 0.0126 0.0096 0.0004 0.0003 0.0044 0.0000 0.0000 0.0001 0.1889 0.4890 0.0001 0.0000 0.1245
0.0173 0.4081 0.0000 0.5456 6.8289 0.3599 0.0839 0.0937 0.7965 0.1968 0.1679 0.1458 0.0993 1.1081 0.0898 0.3381 1.2791 4.0437 2.0195 17.5620 0.2787 3.7524 1.7265 2.2657 7.2610 18.8123 0.8149 0.1754 0.4215 1.0580 0.0597 0.3994 0.1006 0.0725 0.0290 0.0218 0.0232 0.0064 0.1456 0.1184 0.0638 0.0934 0.0210 0.1211 0.3205 1.5134 0.2283 0.1002 0.4890 0.0777 0.1076 0.0087 0.0079 0.0173 0.1420 0.0193 2.1594 2.8934 0.6349 1.9876 0.0301 10.6119 0.0469 0.0014 0.0100 0.0037 0.0001 0.0000 0.0001 0.0001
0.0135 0.0073 0.0000 0.0007 0.0008 0.0002 0.0000 0.0000 0.0003 0.1323 0.3048 0.0001 0.0000 0.1454 0.1191 0.9866 0.8487 6.4117 11.7270 9.5366 0.5238 2.5557 0.9094 0.4306 0.2546 0.6020 0.4109 1.1308 2.6940 10.7295 1.1101 11.6231 6.8468 8.3251 6.7291 4.9158 5.0321 0.2774 12.4277 5.3015 30.8475 14.0461 1.7410 2.8722 5.0685 13.8244 1.6058 0.3040 0.4269 0.0611 0.1654 0.2410 0.3697 0.4058 4.1680 1.2859 22.7749 4.1685 1.8445 5.8755 6.5038 95.6763 10.9545 5.1186 2.1397 0.1566 0.1301 0.2063 0.5456 0.0728
0.0821 1.9576 0.0000 3.4290 0.0589 0.4533 0.0081 0.0002 0.0186 0.0135 0.0001 0.0001 0.0001 0.0004 0.0044 0.0008 0.0031 0.0005 0.0001 0.0003 0.0000 0.0000 0.0000 0.0576 0.0557 0.0000 0.0000 0.0641 0.0834 1.3268 0.0444 0.5301 1.5647 0.4327 0.1925 0.2467 0.1953 0.0124 0.3634 0.2449 0.1512 0.8319 0.2172 0.7712 2.4826 13.0714 3.6283 0.3407 4.1869 0.3091 0.4297 0.1018 0.3054 0.1592 10.4559 30.1377 37.7721 4.3949 1.1135 1.4148 0.9125 5.7160 0.6104 0.3869 0.3163 1.3774 1.9294 1.0298 3.9963 1.5375
0.4884 3.3508 0.0000 15.9848 25.5995 2.7565 0.4842 0.1985 2.1726 0.0409 0.0302 0.0675 0.0368 0.0316 0.0170 0.1423 0.1301 1.2118 0.0030 0.3612 0.0015 0.0002 0.0006 0.0021 0.0000 0.0000 0.0000 0.0000 0.0013 0.0005 0.0001 0.0000 0.0000 0.0000 0.0000 0.0000 0.0000 0.0070 0.0442 0.0000 0.0000 0.1838 0.0260 0.3668 0.3838 2.2927 2.3820 0.2538 0.5138 0.2223 0.2391 0.0651 0.1297 0.1206 1.1507 1.2945 22.7286 3.0801 1.6726 4.3604 3.6206 4.8735 3.4767 1.1170 0.3169 0.2253 0.9137 0.3442 4.9340 2.0983
7.5443 14.2582 0.0000 14.6797 13.9997 1.9239 0.3125 0.1144 2.4485 3.2511 4.0521 4.5882 3.1100 5.0192 1.8686 6.3096 13.7261 60.4224 4.8220 9.5357 0.4843 0.8676 0.3974 0.1449 0.0692 0.3877 0.2282 0.0524 0.2631 1.1994 0.0502 0.6278 0.0037 0.1487 0.0075 0.0002 0.0012 0.0013 0.0000 0.0002 0.0001 0.0005 0.0008 0.0003 0.0026 0.0007 0.0000 0.0000 0.0000 0.0000 0.0000 0.0509 0.0573 0.0000 0.0000 0.3588 1.8364 0.9194 0.1616 0.4800 2.1603 9.5920 1.1826 1.5049 0.4908 0.3977 1.0662 0.7168 2.1987 2.4274
0.8902 4.9989 0.0000 16.5394 10.5652 0.4177 0.4191 0.1596 0.8735 0.1886 0.9190 0.4898 1.0669 5.3671 2.2870 15.9140 16.4374 50.6245 5.9533 12.5131 0.3235 0.7794 0.7013 1.7767 1.4313 4.5112 3.8959 1.5363 5.3467 41.2877 2.3114 8.0041 1.3448 0.7563 0.2525 0.1193 0.1216 0.0061 0.0824 0.1479 0.0788 0.0524 0.0186 0.0650 0.0850 0.5348 0.0016 0.0171 0.0045 0.0000 0.0003 0.0017 0.0000 0.0000 0.0002 0.0002 0.0168 0.0002 0.0003 0.0000 0.0000 0.0001 0.0000 0.0000 0.0000 0.2291 0.1016 0.0000 0.0000 0.3546
0.0233 0.4362 0.0000 0.5832 2.3931 0.4867 0.1135 0.1267 1.0771 0.2662 0.6349 0.6013 0.3801 2.6978 0.9957 1.9589 1.6416 14.9567 1.3963 0.8518 0.2013 0.3334 0.0767 0.0316 0.0996 0.1331 0.3129 0.3603 1.6717 15.9109 2.0027 9.2050 1.7471 1.2486 0.2570 0.1633 0.3270 0.1109 2.5285 2.5889 2.0222 2.2101 0.3406 1.7212 2.9720 5.1531 0.4470 0.0660 0.1003 0.0159 0.0222 0.0117 0.0106 0.0233 0.1920 0.0261 0.2953 0.0397 0.0087 0.0271 0.0004 0.1455 0.0024 0.0001 0.0001 0.0050 0.0000 0.0000 0.0001 0.0001
0.0001 0.0000 0.0000 0.0000 0.0000 0.0000 0.0000 0.0000 0.0000 0.0923 0.0369 0.0000 0.0000 0.2302 0.0190 0.1243 0.0781 0.8077 0.3524 1.5199 0.0838 0.4073 0.1449 0.0686 0.1058 0.2513 0.1708 0.3259 1.1194 4.2314 0.0815 1.1725 0.1767 0.0450 0.0696 0.0375 0.0156 0.0010 0.0943 0.0404 0.0700 0.2187 0.0823 0.6210 2.3079 11.5330 1.0451 0.1962 0.1837 0.0394 0.1072 0.1555 0.2385 0.2970 1.9910 0.7408 4.6124 0.8895 0.2580 0.2224 0.0965 0.4757 0.0442 0.0207 0.0087 0.0250 0.0207 0.0329 0.0869 0.0116
0.1135 0.5218 0.0000 0.9140 0.0228 0.1750 0.0068 0.0002 0.0072 0.1095 0.0001 0.0010 0.0008 0.0036 0.0034 0.0007 0.0053 0.0018 0.0001 0.0002 0.0000 0.0000 0.0000 1.7478 0.4517 0.0000 0.0000 1.9973 1.0048 8.6899 0.2250 3.4566 2.4343 5.2145 2.3105 2.9736 2.3541 0.1715 8.6797 6.5514 4.0448 18.0517 4.7126 9.0549 5.4486 39.2565 3.0410 0.2277 1.4367 0.2914 0.1475 0.0472 0.2866 0.1500 3.5880 2.5436 58.0001 14.1517 8.8342 20.2976 52.9958 286.2672 14.5777 9.2400 7.5547 31.2203 43.7323 25.5764 38.2346 22.0572
3.8234 26.6949 0.0000 13.1063 13.9372 1.5007 0.2636 0.1081 1.1828 1.1679 0.8631 1.6772 0.9144 0.7813 0.1181 0.1901 0.2042 1.6255 0.0059 0.6986 0.0064 0.0007 0.0012 0.0525 0.0000 0.0006 0.0007 0.0008 0.0049 0.0018 0.0006 0.0003 0.0000 0.0000 0.0000 0.0000 0.0000 0.3040 1.2622 0.0000 0.0000 7.3063 0.1453 1.1110 0.9029 6.9447 2.5254 1.4208 2.8638 1.2447 1.3383 0.5859 1.9687 1.8312 17.4674 11.3995 253.2304 14.6761 1.4897 5.3143 2.0679 5.1668 1.9944 1.1894 0.1818 0.1738 0.9687 0.3649 2.8181 1.9436
0.2166 2.2879 0.0000 8.4042 31.0627 7.5203 0.5576 0.3102 6.6381 8.1849 7.8210 6.2501 1.9257 7.1416 0.7042 1.7226 2.4135 4.0927 0.6388 1.0566 0.0439 0.0783 0.0359 0.0958 0.0458 0.1587 0.0934 0.0215 0.0302 0.0934 0.0039 0.0489 0.0003 0.0116 0.0009 0.0000 0.0001 0.0005 0.0000 0.0001 0.0001 0.0003 0.0001 0.0000 0.0003 0.0001 0.0000 0.0000 0.0000 0.0000 0.0000 0.1326 0.0379 0.0000 0.0000 0.5972 0.9146 0.1645 0.0228 0.0859 0.1562 2.9327 0.5890 0.8321 0.4537 0.6477 3.5473 1.3420 4.1164 0.6181
15.1637 38.5383 0.0000 35.7389 22.8297 1.6041 0.9016 0.6127 1.8793 0.7117 3.5290 1.8808 2.3053 12.7083 4.9418 12.3547 37.2618 217.7118 101.4095 300.7035 131.9128 135.9136 121.7766 138.4085 64.6840 72.9310 25.5643 41.1672 37.7806 77.6078 5.0383 13.4929 6.5334 3.6905 1.2320 0.5797 0.5934 0.5292 7.1548 3.9294 3.8833 3.5038 0.0909 0.2497 0.3262 2.0447 0.0062 0.0657 0.0221 0.0002 0.0011 0.0848 0.0000 0.0004 0.0180 0.0124 0.1127 0.0010 0.0027 0.0004 0.0000 0.0005 0.0000 0.0000 0.0000 38.4214 8.8278 0.0000 0.0000 12.7209
0.0642 0.4977 0.0000 0.6655 1.9870 0.8114 0.3122 0.3853 7.3641 2.9385 15.6219 7.6310 2.1834 2.4978 0.9299 0.8686 0.6305 3.9153 0.5902 0.7072 0.0811 0.2769 0.0226 0.0258 0.0827 0.1105 0.0823 0.1829 0.4357 3.1655 0.3716 3.4292 2.5893 2.6106 3.9340 9.1954 5.0052 0.7884 10.1609 3.6256 1.1545 5.3584 0.3737 0.6815 1.3826 1.8540 0.4656 0.0688 0.1044 0.0167 0.0231 0.1297 0.1174 0.0642 1.3184 0.2433 0.3130 0.0329 0.0072 0.0225 0.0003 0.1208 0.0025 0.0001 0.0001 0.0344 0.0000 0.0001 0.0014 0.0010
0.0003 0.0001 0.0000 0.0001 0.0000 0.0000 0.0000 0.0000 0.0000 9.3779 1.0648 0.0000 0.0000 1.9521 0.0914 0.2526 0.1710 1.6341 0.7130 4.4921 0.4036 2.1674 1.2951 1.0804 3.4027 4.5470 3.1037 0.8379 3.4709 6.2022 0.1200 1.7186 0.2589 0.0910 0.1024 0.0758 0.0230 0.0021 0.1908 0.0817 0.1031 0.6634 0.1206 0.7781 2.8543 13.1877 5.1418 1.3615 9.2928 2.0031 6.6842 3.5444 3.1406 1.3870 6.7942 6.4770 30.3840 2.1237 0.7236 0.4825 0.6034 2.9873 0.2775 0.1297 0.0544 0.3929 0.3263 0.1582 0.7770 0.1407
0.0079 0.0364 0.0000 0.0640 0.0016 0.0122 0.0005 0.0000 0.0005 0.0337 0.0000 0.0001 0.0004 0.0017 0.0003 0.0000 0.0006 0.0002 0.0000 0.0000 0.0000 0.0000 0.0000 2.9408 0.2449 0.0000 0.0000 0.7576 0.1191 1.0301 0.0268 0.4115 0.2886 0.6181 0.2739 0.3618 0.4686 0.0677 7.2112 2.0515 1.2666 2.1493 0.6175 1.0734 0.6459 4.6536 0.3621 0.0270 0.1703 0.0345 0.0176 0.0056 0.0340 0.0178 0.4291 0.5646 6.9056 1.7071 1.0518 2.4062 4.3763 38.6727 7.8005 5.1196 4.0425 30.4744 22.0166 4.5463 7.1922 6.7289
13.9847 42.6772 0.0000 24.8327 62.5594 5.4891 0.9643 0.3971 4.3264 4.7015 4.0998 2.3943 2.1919 2.5516 0.1685 0.2714 0.2915 2.3204 0.0084 0.9973 0.0092 0.0010 0.0018 0.1253 0.0000 0.0008 0.0033 0.0039 0.0070 0.0026 0.0008 0.0004 0.0000 0.0000 0.0000 0.0000 0.0000 3.2182 5.9955 0.0000 0.0000 26.7240 0.3292 2.5167 2.0453 15.7312 5.7206 3.2183 6.4871 2.8196 3.0316 1.7770 12.6854 4.5257 43.1690 25.8222 453.3863 33.3895 3.3745 12.0905 4.6843 11.7039 4.5178 2.6942 0.4154 0.3937 2.1942 0.8301 6.4394 8.2799
0.2235 2.4120 0.0000 8.7448 24.4581 3.8304 1.1056 0.6203 13.1035 26.7799 39.0445 9.7516 3.1658 19.0403 1.8775 2.0073 3.3479 5.6770 2.0810 2.8295 0.1171 0.2089 0.0961 0.1121 0.0632 0.1644 0.0968 0.0293 0.0311 0.0963 0.0040 0.0506 0.0003 0.0119 0.0009 0.0000 0.0001 0.0006 0.0000 0.0001 0.0001 0.0004 0.0001 0.0000 0.0003 0.0001 0.0000 0.0000 0.0000 0.0000 0.0000 0.4210 0.0523 0.0000 0.0000 1.5992 1.5366 0.4933 0.0634 0.2576 0.4684 8.0260 0.9896 1.2648 0.4107 0.3328 1.5178 0.6459 1.9812 2.1872
0.6036 2.3713 0.0000 2.1990 1.4047 0.0682 0.0555 0.0260 0.1156 0.0302 0.1499 0.0799 0.1412 0.7854 0.3041 1.2766 3.9008 22.6922 6.7194 14.1234 0.5404 1.3019 1.1715 2.9550 2.3908 9.0880 2.7591 2.5001 2.2945 8.0189 0.4373 1.1712 0.3985 0.2241 0.0748 0.0352 0.0360 0.0038 0.0519 0.0931 0.0496 0.0330 0.0039 0.0106 0.0139 0.0869 0.0003 0.0028 0.0009 0.0000 0.0000 0.0011 0.0000 0.0000 0.0001 0.0001 0.0035 0.0000 0.0001 0.0000 0.0000 0.0000 0.0000 0.0000 0.0000 0.3827 0.0640 0.0000 0.0000 0.5770
0.0330 0.6173 0.0000 0.8253 3.2424 0.6888 0.1613 0.1801 1.5243 0.3783 1.5760 0.8927 0.5644 4.0229 1.4847 2.7844 2.2339 20.3534 1.8918 1.1540 0.2727 0.4518 0.1040 0.0428 0.1349 0.1803 0.4240 0.7417 2.2650 21.6519 2.5641 13.0840 4.3370 3.0996 1.0081 0.6434 1.2825 0.4349 9.9166 10.4678 8.6907 8.9752 1.3832 4.6414 7.9101 10.6069 1.7155 0.2534 0.3865 0.0614 0.0850 0.0167 0.0151 0.0332 0.2729 0.0371 0.4002 0.0538 0.0118 0.0369 0.0006 0.1972 0.0032 0.0001 0.0002 0.0071 0.0000 0.0001 0.0002 0.0001
0.0001 0.0000 0.0000 0.0000 0.0000 0.0000 0.0000 0.0000 0.0000 0.2255 0.0325 0.0000 0.0000 0.5770 0.0136 0.0611 0.0408 0.3971 0.1733 1.0867 0.0599 0.2912 0.1041 0.0720 0.2199 0.3030 0.2068 0.2509 0.8619 2.0802 0.0420 0.5764 0.0911 0.0221 0.0359 0.0184 0.0097 0.0005 0.0464 0.0198 0.0436 0.2803 0.0424 0.3287 1.1697 4.9535 1.3395 0.2514 0.6033 0.1295 0.3521 0.5129 0.7833 0.5684 2.8705 3.6480 12.7813 0.8933 0.3057 0.2030 0.2549 1.2566 0.1167 0.0548 0.0229 0.0262 0.0217 0.0235 0.0622 0.0091
0.0047 0.0216 0.0000 0.0378 0.0009 0.0072 0.0003 0.0000 0.0003 0.0066 0.0000 0.0000 0.0001 0.0003 0.0001 0.0000 0.0002 0.0001 0.0000 0.0000 0.0000 0.0000 0.0000 0.4835 0.0399 0.0000 0.0000 0.5822 0.0393 0.4435 0.0149 0.1772 0.3088 0.2040 0.0904 0.1164 0.0921 0.0086 0.7407 0.3272 0.2020 0.7064 0.1852 0.4977 0.9499 5.6011 0.5301 0.0289 0.2505 0.0370 0.0310 0.0073 0.0364 0.0190 0.7544 0.9927 10.1115 3.0014 1.0452 1.3279 1.3532 8.4394 1.2440 0.7851 0.6447 2.7950 3.9322 2.0624 7.4002 3.1198
1.5539 4.3274 0.0000 2.5180 5.1691 0.5566 0.0978 0.0401 0.4387 0.0403 0.0298 0.0454 0.0247 0.0234 0.0081 0.0167 0.0179 0.1426 0.0005 0.0613 0.0004 0.0000 0.0001 0.0014 0.0000 0.0000 0.0000 0.0000 0.0003 0.0001 0.0000 0.0000 0.0000 0.0000 0.0000 0.0000 0.0000 0.0187 0.0436 0.0000 0.0000 0.5337 0.0057 0.0760 0.0795 0.4752 0.4276 0.0562 0.1132 0.0492 0.0529 0.0144 0.0512 0.0402 0.3834 0.4332 7.6067 0.9490 0.3467 1.1534 0.4812 0.8749 0.4641 0.2014 0.0423 0.0299 0.1640 0.0621 0.6558 0.7272
0.5670 8.7465 0.0000 7.2743 10.0899 1.3746 0.1667 0.0923 1.9763 2.6127 3.2706 4.1115 3.2885 4.8434 1.8110 8.5521 10.1989 17.2945 2.3177 3.8504 0.1593 0.2842 0.1308 0.0265 0.0126 0.0709 0.0417 0.0096 0.0450 0.1778 0.0074 0.0935 0.0005 0.0220 0.0013 0.0000 0.0002 0.0002 0.0000 0.0000 0.0000 0.0001 0.0001 0.0000 0.0004 0.0001 0.0000 0.0000 0.0000 0.0000 0.0000 0.0411 0.0105 0.0000 0.0000 0.3038 0.4924 0.2666 0.0466 0.1386 0.6237 2.5718 0.3171 0.4035 0.1316 0.1066 0.2859 0.1362 0.4179 0.4634
0.3044 1.7318 0.0000 6.2514 5.4645 0.2161 0.2168 0.0825 0.4518 0.0975 0.4774 0.2533 0.5518 3.9332 1.1880 4.2452 5.2651 16.9375 3.3888 7.1228 0.2423 0.5837 0.5253 1.3307 1.0720 2.8385 2.4514 1.1507 4.0045 25.9788 2.8321 5.8658 1.2743 0.7167 0.2393 0.1131 0.1152 0.0029 0.0396 0.0710 0.0378 0.0252 0.0096 0.0338 0.0441 0.2766 0.0008 0.0088 0.0023 0.0000 0.0002 0.0008 0.0000 0.0000 0.0001 0.0001 0.0087 0.0001 0.0002 0.0000 0.0000 0.0000 0.0000 0.0000 0.0000 0.1832 0.0488 0.0000 0.0000 0.2656
0.0586 1.3860 0.0000 1.8531 23.1925 1.2224 0.2850 0.3197 2.7052 0.6685 0.9537 0.9032 0.5710 4.0525 1.4956 3.1004 8.2412 54.6349 18.2765 8.2548 2.6348 3.2315 1.0046 0.4138 0.9650 1.2895 4.0961 10.3309 11.9432 40.8409 1.9717 10.0171 2.5126 1.7879 0.4906 0.3118 0.6242 0.2107 4.8264 4.0976 3.2007 4.3492 1.1503 6.6249 17.4537 193.5546 9.8265 1.4515 2.2043 0.3518 0.4870 0.0296 0.0268 0.0589 0.4843 0.0656 1.6897 0.3845 0.0844 0.2641 0.0040 1.4103 0.0134 0.0004 0.0013 0.0126 0.0000 0.0001 0.0004 0.0003
0.0004 0.0002 0.0000 0.0001 0.0000 0.0000 0.0000 0.0000 0.0000 0.1815 0.0902 0.0000 0.0000 0.4389 0.0104 0.0863 0.0739 0.5607 1.0255 0.8339 0.0458 0.2235 0.0795 0.0375 0.1351 0.1440 0.0983 0.1192 0.4096 1.4567 0.1507 1.5781 0.8520 0.4168 0.8193 0.2461 0.2509 0.0138 0.6196 0.2654 1.1238 7.2317 0.2167 0.8579 1.2942 3.2922 0.6366 0.1195 0.2867 0.0618 0.1673 0.2965 0.4548 0.2713 3.0142 1.3005 23.0337 2.2712 1.0094 2.5193 11.7403 32.5663 3.0252 1.4135 0.5935 0.0136 0.0113 0.0180 0.0475 0.0063
0.4809 11.5190 0.0000 20.1773 0.3468 2.6560 0.0476 0.0012 0.1092 0.1382 0.0006 0.0013 0.0010 0.0046 0.0260 0.0049 0.0185 0.0055 0.0004 0.0017 0.0000 0.0000 0.0001 8.8126 0.5700 0.0001 0.0000 7.6204 1.5766 25.0887 0.8400 10.0232 29.5888 8.1814 3.6410 4.6655 3.6935 0.2341 10.8108 4.7753 2.9482 14.6717 2.7032 9.3517 30.2352 158.5055 48.2124 15.4636 56.6118 14.0281 19.4183 4.5997 13.8004 7.1921 472.4965 209.2602 501.9051 63.7140 16.1434 20.4221 19.8365 123.7155 18.1569 11.5087 9.4506 40.9725 57.6433 30.2337 108.0098 45.7342
1.5514 6.6789 0.0000 18.8908 81.3217 38.3391 5.1410 2.1079 22.9658 0.0823 0.0608 0.1358 0.0740 0.0635 0.0819 0.6839 0.6253 5.8227 0.0146 1.7357 0.0073 0.0008 0.0031 0.0043 0.0000 0.0001 0.0001 0.0001 0.0061 0.0022 0.0003 0.0001 0.0000 0.0000 0.0000 0.0000 0.0000 0.0221 0.0889 0.0000 0.0000 0.5839 0.0120 0.1692 0.2144 1.0575 1.6119 0.1171 0.2360 0.1026 0.1103 0.0300 0.0532 0.0287 0.2737 0.4844 4.1452 0.5617 0.3553 0.7952 1.2098 35.4201 2.8998 2.9939 3.1240 2.2119 4.4673 1.6901 13.6939 4.8289
0.3506 1.5834 0.0000 1.2998 2.0725 0.2811 0.0784 0.0434 0.9288 1.2279 1.5371 1.1357 0.8362 2.2762 0.8511 1.2838 2.7806 17.6481 11.1027 61.6458 14.9544 20.2735 9.2874 0.0250 0.0119 0.0668 0.0393 0.0090 0.1978 4.3254 0.1539 2.2737 0.0073 0.2914 0.0092 0.0003 0.0024 0.0002 0.0001 0.0000 0.0000 0.0001 0.0011 0.0004 0.0016 0.0002 0.0000 0.0000 0.0000 0.0000 0.0000 0.0209 0.0099 0.0000 0.0000 0.1428 0.2459 0.1332 0.0283 0.0695 0.5301 1.2846 0.1591 0.2024 0.0657 0.0535 0.0869 0.0339 0.1040 0.1813
0.1475 0.8726 0.0000 3.1638 7.9011 5.0310 0.7789 0.7087 19.1911 7.3634 7.4460 3.9683 6.6270 15.0229 0.9335 1.4772 1.8241 5.8936 1.3674 2.8741 0.1879 0.4547 0.4074 1.0320 0.8314 1.5402 1.2298 0.8963 3.1058 9.0003 0.7588 7.6395 7.7234 14.5807 21.6868 38.5260 27.8333 0.0037 0.0506 0.0909 0.0484 0.0322 0.0535 2.1702 2.7028 16.7199 0.0168 0.1769 0.0215 0.0002 0.0031 0.0011 0.0000 0.0000 0.0001 0.0001 0.0869 0.0011 0.0008 0.0000 0.0000 0.0004 0.0000 0.0000 0.0000 0.1446 0.0625 0.0000 0.0000 0.2060
0.0121 0.2851 0.0000 0.3812 4.7713 0.2515 0.0586 0.0658 0.5565 0.1375 0.1996 0.1092 0.0693 0.7742 0.1393 0.2887 0.8937 5.0869 1.8566 18.2394 0.6652 2.6218 2.9981 2.1947 1.4344 1.9084 3.4411 2.0977 1.2080 3.6724 0.1773 0.9007 0.3388 0.2411 0.1277 0.0812 0.1625 0.0549 1.2562 0.7462 0.5366 1.1320 0.2994 0.7703 2.0293 10.1851 5.3401 2.6363 17.8372 7.5858 19.0715 0.0061 0.0055 0.0121 0.0996 0.0135 1.5154 2.3443 0.4904 1.5151 0.0076 2.6639 0.0198 0.0006 0.0025 0.0026 0.0000 0.0000 0.0001 0.0001
0.0115 0.0062 0.0000 0.0006 0.0007 0.0002 0.0000 0.0000 0.0003 1.0065 0.3887 0.0000 0.0000 2.3916 2.5108 2.9934 6.7135 19.4532 7.2879 45.9131 4.1616 22.3471 17.9568 109.1842 16.1572 29.6729 5.0692 5.4440 4.8461 20.4256 0.9565 4.8806 2.2724 0.9299 0.8603 0.7746 0.1407 0.0215 1.9499 0.8318 0.4112 0.6123 0.2720 0.7535 2.8004 12.9385 2.8263 0.7484 4.5019 1.4175 1.6557 1.1858 1.0236 0.5063 2.4159 2.0298 9.5218 1.0793 0.4493 0.6229 0.2072 1.7453 0.2844 0.1329 0.0555 697.6646 279.9448 4.3288 31.5931 103.1841
0.1041 0.1843 0.0000 0.3228 0.0080 0.0618 0.0060 0.0002 0.0025 4.0900 0.0001 0.0115 0.1258 0.5483 0.0071 0.0007 0.0409 0.0148 0.0001 0.0005 0.0000 0.0000 0.0000 1.2833 3.2933 0.0000 0.0000 0.1177 1.2717 3.9000 0.2576 1.5581 1.0973 2.3505 1.7187 2.4344 4.3521 4.1614 17.5074 8.7364 1.3499 4.1968 0.2839 1.0624 1.5545 3.9717 0.9590 0.1026 0.4319 0.1313 0.0324 0.0213 0.1292 0.0676 0.5143 0.1566 4.6787 0.4968 0.3101 0.7125 0.7785 6.8794 2.5312 2.3437 0.8267 2.0883 1.6532 0.5008 0.7686 0.6337
0.0070 0.0350 0.0000 0.0515 0.0281 0.0052 0.0016 0.0007 0.0071 13.1289 34.4642 0.1355 0.2215 5.8315 0.0058 0.0055 0.0059 0.0468 0.0002 0.0202 0.0003 0.0000 0.0000 0.0868 0.0000 0.0007 0.0159 0.0186 0.0007 0.0001 0.0003 0.0002 0.0000 0.0000 0.0000 0.0000 0.0000 0.0073 0.5292 0.0000 0.0000 0.0135 1.4975 0.6805 0.9743 4.2536 0.3238 0.2407 1.2987 0.2634 0.2832 0.0845 0.0806 0.0687 0.6969 0.7572 2.9196 0.4941 0.1214 0.1536 0.1855 0.6654 0.1713 0.1525 0.0114 0.0224 0.1247 0.0470 0.1154 0.0345
0.1071 0.4985 0.0000 1.8311 2.8444 0.3909 0.1337 0.0889 1.0031 0.6605 0.8233 0.7596 0.2402 0.8680 0.0856 0.2177 0.4437 1.5641 0.1248 0.3528 0.0255 0.0457 0.0209 0.7203 0.2206 53.2667 3.2552 0.3614 0.5309 0.2590 0.0108 0.1356 0.0008 0.0321 0.0151 0.0004 0.0003 0.0191 0.0001 0.0013 0.0011 0.0038 0.0019 0.0005 0.0071 0.0019 0.0000 0.0000 0.0000 0.0000 0.0000 0.0380 0.1073 0.0000 0.0000 0.0726 38.5989 3.0214 1.5436 1.5774 0.8547 16.0469 5.0474 4.5927 3.3676 3.2064 2.6284 1.6197 2.5623 2.2555
0.8537 6.3076 0.0000 5.0442 10.0003 0.7767 0.3781 0.2967 0.5760 0.3446 1.7087 0.9107 0.4590 0.8818 0.5537 0.8994 2.7482 16.0568 3.6611 7.7287 1.1611 4.4973 1.5864 1.8031 0.8650 2.0010 0.6833 0.6610 0.6066 2.9780 0.2352 1.3094 0.1687 0.1621 0.0949 0.0447 0.0457 0.5786 5.4496 14.6756 60.2664 7.9643 0.3672 0.1209 0.1580 0.9900 0.0030 0.0318 0.0858 0.0008 0.0009 0.5604 0.0001 0.0024 0.0415 0.0288 0.6736 0.0050 0.0158 0.0021 0.0002 0.0030 0.0000 0.0000 0.0001 1.2713 3.2913 0.0000 0.0000 0.2043
0.3612 1.2344 0.0000 1.6433 3.0254 1.2407 0.4774 0.5893 11.2612 16.4566 4.0047 3.4164 0.9197 3.8196 0.3096 0.8014 0.9641 3.1015 0.8986 1.0815 0.1240 0.4215 0.0346 0.0394 0.1264 0.1682 0.0919 0.0473 0.2752 0.8625 0.1026 0.9466 0.3469 0.2501 0.4111 0.4200 0.3296 0.0501 0.6634 0.3723 0.1150 0.3544 0.0247 0.0975 0.2416 0.6734 0.0448 0.0113 0.0300 0.0048 0.0066 8.8514 7.0031 0.3612 9.4647 93.9981 1.8549 0.0504 0.0111 0.0345 0.0005 0.1848 0.0142 0.0004 0.0002 1.6840 0.0000 0.0038 0.2207 0.1503
0.0010 0.0003 0.0000 0.0013 0.0001 0.0000 0.0000 0.0000 0.0000 0.2249 0.6414 0.0000 0.0000 0.0487 0.1938 2.3251 8.7951 15.1102 1.3862 2.4478 0.1679 0.6531 0.2334 0.1185 0.0607 0.1321 0.0967 0.2902 0.2190 1.5838 0.1827 0.9123 0.4341 0.7711 0.1644 0.3521 0.1172 0.0178 1.6239 0.6927 0.1869 0.1170 0.0517 0.1331 0.2349 1.0033 0.1305 0.0247 0.0449 0.0114 0.0165 0.0195 0.0298 0.0296 0.1931 0.0738 0.8750 0.1932 0.0858 0.1190 0.0542 0.7934 0.2358 0.1107 0.0463 0.1043 0.0563 0.3342 1.1631 0.0724
70.7872 2.7237 0.0000 4.7709 0.1705 0.9094 0.5725 0.0112 0.0937 1.1782 0.0056 0.0211 0.0087 0.0220 0.9470 0.1796 0.6736 0.1346 0.0141 0.0623 0.0001 0.0003 0.0040 0.1475 0.2195 0.0005 0.0000 0.0756 0.4193 6.6726 0.2706 2.6658 7.8695 2.1759 0.9642 1.2408 0.9823 0.0623 0.9719 0.6783 0.4490 3.8851 0.2227 1.4366 6.5813 16.5246 6.8779 5.3180 3.1110 3.7147 11.1169 10.0293 23.7838 12.3950 21.1584 2.6960 22.8703 1.9531 0.5764 0.9636 0.6269 3.9613 0.4399 0.3290 0.1437 0.5054 0.7110 0.5103 1.3675 0.3999
0.0408 0.3931 0.0000 1.0507 1.8844 0.6003 0.4597 0.3935 4.2875 0.0770 0.0569 0.1271 0.0693 0.0594 0.1397 47.9549 15.8213 182.3798 0.2332 27.5558 0.0531 0.0059 0.0486 0.0040 0.0002 0.0001 0.0001 0.0001 0.0364 0.0133 0.0019 0.0004 0.0001 0.0002 0.0000 0.0000 0.0000 0.0020 0.0832 0.0000 0.0000 0.0240 0.0079 0.1122 0.2006 0.7013 1.0690 0.0776 0.1565 0.0680 0.0731 0.0199 0.0208 0.0178 0.1815 0.3212 1.2387 0.3062 0.2356 0.2942 0.6124 15.8026 0.5655 1.9855 1.5273 3.4450 10.5240 3.9641 1.8521 0.2316
